trackId	lap_number	world_position_X	world_position_Y
LeMans	256	-193.60623	363.36902
LeMans	256	-193.82289	364.20422
LeMans	256	-194.03125	365.03928
LeMans	256	-194.23434	365.87842
LeMans	256	-194.43513	366.72348
LeMans	256	-194.63504	367.57477
LeMans	256	-194.83498	368.43225
LeMans	256	-195.03564	369.29553
LeMans	256	-195.23776	370.16434
LeMans	256	-195.44199	371.03873
LeMans	256	-195.6486	371.91772
LeMans	256	-195.85812	372.80127
LeMans	256	-196.07097	373.68936
LeMans	256	-196.28748	374.58188
LeMans	256	-196.5084	375.47803
LeMans	256	-196.73367	376.37808
LeMans	256	-196.96416	377.28226
LeMans	256	-197.19998	378.18936
LeMans	256	-197.44276	379.09882
LeMans	256	-197.69281	380.01025
LeMans	256	-197.94894	380.9241
LeMans	256	-198.20998	381.83853
LeMans	256	-198.47697	382.75586
LeMans	256	-198.74619	383.67535
LeMans	256	-199.02022	384.59894
LeMans	256	-199.29655	385.52554
LeMans	256	-199.57507	386.45486
LeMans	256	-199.85722	387.3886
LeMans	256	-200.141	388.32562
LeMans	256	-200.42746	389.26688
LeMans	256	-200.71654	390.21262
LeMans	256	-201.00755	391.1616
LeMans	256	-201.29938	392.11398
LeMans	256	-201.59396	393.07123
LeMans	256	-201.89052	394.03046
LeMans	256	-202.1882	394.9918
LeMans	256	-202.48709	395.9557
LeMans	256	-202.7881	396.92474
LeMans	256	-203.09117	397.89914
LeMans	256	-203.3945	398.87613
LeMans	256	-203.69905	399.85706
LeMans	256	-204.00423	400.841
LeMans	256	-204.30974	401.82745
LeMans	256	-204.61615	402.81802
LeMans	256	-204.92357	403.8143
LeMans	256	-205.23167	404.81558
LeMans	256	-205.54013	405.82156
LeMans	256	-205.84814	406.83234
LeMans	256	-206.15662	407.84882
LeMans	256	-206.46577	408.8683
LeMans	256	-206.77638	409.89172
LeMans	256	-207.08838	410.91913
LeMans	256	-207.40175	411.95062
LeMans	256	-207.71654	412.98608
LeMans	256	-208.03268	414.0255
LeMans	256	-208.35004	415.06897
LeMans	256	-208.6684	416.116
LeMans	256	-208.98651	417.16223
LeMans	256	-209.30554	418.21335
LeMans	256	-209.62627	419.27008
LeMans	256	-209.9488	420.33148
LeMans	256	-210.27298	421.39725
LeMans	256	-210.59863	422.46713
LeMans	256	-210.92595	423.5409
LeMans	256	-211.25537	424.61823
LeMans	256	-211.5866	425.69937
LeMans	256	-211.91965	426.78418
LeMans	256	-212.25511	427.87558
LeMans	256	-212.59105	428.968
LeMans	256	-212.92796	430.06433
LeMans	256	-213.26562	431.1646
LeMans	256	-213.60359	432.26904
LeMans	256	-213.94246	433.37744
LeMans	256	-214.28255	434.4898
LeMans	256	-214.62395	435.60596
LeMans	256	-214.9666	436.726
LeMans	256	-215.31042	437.84973
LeMans	256	-215.65549	438.97726
LeMans	256	-216.00185	440.10867
LeMans	256	-216.34958	441.24387
LeMans	256	-216.69855	442.38284
LeMans	256	-217.04875	443.52545
LeMans	256	-217.40009	444.67163
LeMans	256	-217.75266	445.8214
LeMans	256	-218.1064	446.97473
LeMans	256	-218.4613	448.13135
LeMans	256	-218.81749	449.29132
LeMans	256	-219.17494	450.45447
LeMans	256	-219.53357	451.62076
LeMans	256	-219.8933	452.7904
LeMans	256	-220.254	453.9636
LeMans	256	-220.61568	455.14038
LeMans	256	-220.97845	456.32068
LeMans	256	-221.34235	457.50436
LeMans	256	-221.7073	458.69128
LeMans	256	-222.0734	459.8815
LeMans	256	-222.44064	461.0752
LeMans	256	-222.80904	462.2723
LeMans	256	-223.17853	463.47272
LeMans	256	-223.5491	464.67633
LeMans	256	-223.92073	465.88315
LeMans	256	-224.29346	467.09326
LeMans	256	-224.6673	468.30667
LeMans	256	-225.04216	469.52344
LeMans	256	-225.41751	470.7436
LeMans	256	-225.79332	471.96707
LeMans	256	-226.1694	473.19397
LeMans	256	-226.54608	474.4244
LeMans	256	-226.9234	475.65808
LeMans	256	-227.30162	476.89508
LeMans	256	-227.68082	478.13522
LeMans	256	-228.06117	479.37848
LeMans	256	-228.44269	480.62485
LeMans	256	-228.82555	481.87433
LeMans	256	-229.20964	483.12695
LeMans	256	-229.5951	484.38266
LeMans	256	-229.98169	485.64127
LeMans	256	-230.3695	486.90295
LeMans	256	-230.75838	488.1676
LeMans	256	-231.1482	489.43478
LeMans	256	-231.53871	490.70404
LeMans	256	-231.92978	491.97464
LeMans	256	-232.32108	493.2461
LeMans	256	-232.71245	494.51767
LeMans	256	-233.10333	495.78784
LeMans	256	-233.49341	497.05542
LeMans	256	-233.8824	498.32004
LeMans	256	-234.27037	499.58127
LeMans	256	-234.65706	500.83862
LeMans	256	-235.04245	502.09146
LeMans	256	-235.42635	503.3393
LeMans	256	-235.80864	504.5816
LeMans	256	-236.18921	505.8178
LeMans	256	-236.56804	507.04758
LeMans	256	-236.94505	508.2707
LeMans	256	-237.32039	509.48706
LeMans	256	-237.69392	510.69635
LeMans	256	-238.06572	511.8986
LeMans	256	-238.43573	513.0936
LeMans	256	-238.80406	514.28125
LeMans	256	-239.1706	515.46136
LeMans	256	-239.53548	516.6336
LeMans	256	-239.89862	517.79785
LeMans	256	-240.26018	518.9539
LeMans	256	-240.62009	520.1017
LeMans	256	-240.97847	521.24097
LeMans	256	-241.33539	522.37164
LeMans	256	-241.69096	523.4936
LeMans	256	-242.04524	524.6069
LeMans	256	-242.3984	525.71136
LeMans	256	-242.75049	526.8072
LeMans	256	-243.10158	527.89404
LeMans	256	-243.4517	528.972
LeMans	256	-243.80107	530.04083
LeMans	256	-244.1497	531.1007
LeMans	256	-244.49785	532.1516
LeMans	256	-244.84552	533.1938
LeMans	256	-245.19292	534.22705
LeMans	256	-245.54004	535.25165
LeMans	256	-245.88702	536.2675
LeMans	256	-246.23392	537.27466
LeMans	256	-246.58089	538.2731
LeMans	256	-246.92789	539.2629
LeMans	256	-247.27509	540.244
LeMans	256	-247.62238	541.2164
LeMans	256	-247.96982	542.1801
LeMans	256	-248.31717	543.1353
LeMans	256	-248.66417	544.082
LeMans	256	-249.01067	545.02026
LeMans	256	-249.35674	545.9503
LeMans	256	-249.70253	546.8722
LeMans	256	-250.04823	547.78564
LeMans	256	-250.39406	548.6908
LeMans	256	-250.74016	549.5873
LeMans	256	-251.08675	550.475
LeMans	256	-251.43423	551.3538
LeMans	256	-251.78276	552.2236
LeMans	256	-252.13286	553.0844
LeMans	256	-252.48427	553.9353
LeMans	256	-252.83743	554.7765
LeMans	256	-253.19254	555.608
LeMans	256	-253.54982	556.42957
LeMans	256	-253.90927	557.24133
LeMans	256	-254.27107	558.0431
LeMans	256	-254.63512	558.83496
LeMans	256	-255.00157	559.6168
LeMans	256	-255.3705	560.3885
LeMans	256	-255.74216	561.1498
LeMans	256	-256.11667	561.90063
LeMans	256	-256.49384	562.6401
LeMans	256	-256.87387	563.3679
LeMans	256	-257.2575	564.0838
LeMans	256	-257.64465	564.7875
LeMans	256	-258.0365	565.4786
LeMans	256	-258.43414	566.1563
LeMans	256	-258.83673	566.8208
LeMans	256	-259.24365	567.4725
LeMans	256	-259.6543	568.1118
LeMans	256	-260.068	568.73944
LeMans	256	-260.48416	569.3559
LeMans	256	-260.9023	569.9621
LeMans	256	-261.32187	570.5587
LeMans	256	-261.7423	571.1466
LeMans	256	-262.16336	571.7263
LeMans	256	-262.58456	572.29846
LeMans	256	-263.00583	572.86365
LeMans	256	-263.42688	573.42255
LeMans	256	-263.84775	573.97577
LeMans	256	-264.26797	574.524
LeMans	256	-264.68723	575.0679
LeMans	256	-265.10352	575.6091
LeMans	256	-265.52002	576.1463
LeMans	256	-265.9354	576.6798
LeMans	256	-266.3496	577.2099
LeMans	256	-266.76358	577.73615
LeMans	256	-267.17798	578.2583
LeMans	256	-267.5931	578.77594
LeMans	256	-268.0095	579.2888
LeMans	256	-268.42758	579.79663
LeMans	256	-268.8479	580.29926
LeMans	256	-269.2707	580.7963
LeMans	256	-269.6963	581.28754
LeMans	256	-270.12506	581.7727
LeMans	256	-270.55725	582.2514
LeMans	256	-270.9931	582.7229
LeMans	256	-271.4328	583.18695
LeMans	256	-271.8768	583.6435
LeMans	256	-272.32538	584.09216
LeMans	256	-272.7791	584.5328
LeMans	256	-273.23813	584.9655
LeMans	256	-273.7034	585.38965
LeMans	256	-274.17355	585.8047
LeMans	256	-274.64993	586.2127
LeMans	256	-275.13342	586.61487
LeMans	256	-275.624	587.0125
LeMans	256	-276.12137	587.4062
LeMans	256	-276.62454	587.7966
LeMans	256	-277.1325	588.18427
LeMans	256	-277.64346	588.5709
LeMans	256	-278.15836	588.9558
LeMans	256	-278.67828	589.3372
LeMans	256	-279.20145	589.7169
LeMans	256	-279.7287	590.09485
LeMans	256	-280.26044	590.4701
LeMans	256	-280.79675	590.84174
LeMans	256	-281.33786	591.2091
LeMans	256	-281.88388	591.5718
LeMans	256	-282.43497	591.92896
LeMans	256	-282.9913	592.2802
LeMans	256	-283.55295	592.62494
LeMans	256	-284.1199	592.96265
LeMans	256	-284.69214	593.293
LeMans	256	-285.26956	593.6158
LeMans	256	-285.8519	593.9308
LeMans	256	-286.43896	594.2379
LeMans	256	-287.03076	594.53705
LeMans	256	-287.627	594.82794
LeMans	256	-288.22754	595.1106
LeMans	256	-288.83203	595.38513
LeMans	256	-289.44034	595.65155
LeMans	256	-290.05225	595.90985
LeMans	256	-290.6676	596.16003
LeMans	256	-291.2852	596.40405
LeMans	256	-291.9056	596.64166
LeMans	256	-292.53018	596.86993
LeMans	256	-293.15802	597.0893
LeMans	256	-293.78857	597.30023
LeMans	256	-294.42188	597.50287
LeMans	256	-295.05774	597.69696
LeMans	256	-295.6964	597.8824
LeMans	256	-296.33722	598.05835
LeMans	256	-296.9802	598.225
LeMans	256	-297.62512	598.3823
LeMans	256	-298.2717	598.5307
LeMans	256	-298.91983	598.67035
LeMans	256	-299.56924	598.8015
LeMans	256	-300.21988	598.9247
LeMans	256	-300.87158	599.04047
LeMans	256	-301.5242	599.1493
LeMans	256	-302.17764	599.2519
LeMans	256	-302.8316	599.3493
LeMans	256	-303.48618	599.44183
LeMans	256	-304.1415	599.52905
LeMans	256	-304.7978	599.61035
LeMans	256	-305.45502	599.6848
LeMans	256	-306.1131	599.75165
LeMans	256	-306.772	599.8106
LeMans	256	-307.43143	599.86176
LeMans	256	-308.0913	599.90546
LeMans	256	-308.75208	599.93945
LeMans	256	-309.41345	599.9628
LeMans	256	-310.07526	599.9746
LeMans	256	-310.73715	599.9746
LeMans	256	-311.39874	599.9629
LeMans	256	-312.05984	599.93976
LeMans	256	-312.72025	599.90533
LeMans	256	-313.3798	599.86005
LeMans	256	-314.03793	599.80444
LeMans	256	-314.69363	599.7392
LeMans	256	-315.3479	599.665
LeMans	256	-316.00125	599.58203
LeMans	256	-316.6543	599.4915
LeMans	256	-317.30725	599.3938
LeMans	256	-317.95996	599.2897
LeMans	256	-318.61264	599.1796
LeMans	256	-319.26523	599.0643
LeMans	256	-319.91782	598.94403
LeMans	256	-320.57047	598.81934
LeMans	256	-321.22324	598.6906
LeMans	256	-321.8763	598.5593
LeMans	256	-322.5305	598.425
LeMans	256	-323.18442	598.2857
LeMans	256	-323.83832	598.1408
LeMans	256	-324.4923	597.9908
LeMans	256	-325.1463	597.83496
LeMans	256	-325.80014	597.6727
LeMans	256	-326.4536	597.50275
LeMans	256	-327.10638	597.32404
LeMans	256	-327.7584	597.1365
LeMans	256	-328.40936	596.93695
LeMans	256	-329.05893	596.7255
LeMans	256	-329.70718	596.50275
LeMans	256	-330.3541	596.2687
LeMans	256	-330.99976	596.02374
LeMans	256	-331.64438	595.7683
LeMans	256	-332.28766	595.50256
LeMans	256	-332.92987	595.2271
LeMans	256	-333.57123	594.9423
LeMans	256	-334.21194	594.6485
LeMans	256	-334.85217	594.3461
LeMans	256	-335.4921	594.03534
LeMans	256	-336.132	593.7165
LeMans	256	-336.77206	593.38983
LeMans	256	-337.41245	593.0555
LeMans	256	-338.0534	592.7138
LeMans	256	-338.695	592.3648
LeMans	256	-339.33734	592.0082
LeMans	256	-339.98062	591.64435
LeMans	256	-340.6247	591.273
LeMans	256	-341.26938	590.89435
LeMans	256	-341.91537	590.5087
LeMans	256	-342.5621	590.1173
LeMans	256	-343.20996	589.7191
LeMans	256	-343.85968	589.31537
LeMans	256	-344.5108	588.90564
LeMans	256	-345.16354	588.4909
LeMans	256	-345.81808	588.07117
LeMans	256	-346.4744	587.6461
LeMans	256	-347.13266	587.2161
LeMans	256	-347.7931	586.78107
LeMans	256	-348.4557	586.34125
LeMans	256	-349.12088	585.89636
LeMans	256	-349.78857	585.4466
LeMans	256	-350.4589	584.9919
LeMans	256	-351.132	584.5322
LeMans	256	-351.8078	584.0675
LeMans	256	-352.4864	583.5978
LeMans	256	-353.1679	583.12317
LeMans	256	-353.8523	582.6437
LeMans	256	-354.53928	582.15906
LeMans	256	-355.22885	581.6693
LeMans	256	-355.9211	581.17426
LeMans	256	-356.61615	580.6745
LeMans	256	-357.3142	580.1702
LeMans	256	-358.01514	579.66125
LeMans	256	-358.71863	579.1472
LeMans	256	-359.42465	578.62836
LeMans	256	-360.13336	578.1049
LeMans	256	-360.8448	577.57697
LeMans	256	-361.55908	577.0446
LeMans	256	-362.27664	576.50806
LeMans	256	-362.99747	575.96796
LeMans	256	-363.72076	575.42444
LeMans	256	-364.44547	574.87805
LeMans	256	-365.1712	574.32965
LeMans	256	-365.8967	573.7808
LeMans	256	-366.62085	573.2335
LeMans	256	-367.34283	572.68896
LeMans	256	-368.06323	572.14734
LeMans	256	-368.7823	571.6086
LeMans	256	-369.5003	571.0728
LeMans	256	-370.21655	570.541
LeMans	256	-370.93094	570.01385
LeMans	256	-371.64334	569.49207
LeMans	256	-372.35373	568.97656
LeMans	256	-373.06198	568.46814
LeMans	256	-373.76886	567.9672
LeMans	256	-374.47467	567.4743
LeMans	256	-375.17886	566.99023
LeMans	256	-375.88107	566.51587
LeMans	256	-376.58105	566.0517
LeMans	256	-377.2785	565.5983
LeMans	256	-377.9731	565.1563
LeMans	256	-378.66452	564.7261
LeMans	256	-379.35245	564.30786
LeMans	256	-380.03668	563.9017
LeMans	256	-380.717	563.50757
LeMans	256	-381.3934	563.12524
LeMans	256	-382.06583	562.7542
LeMans	256	-382.7344	562.39417
LeMans	256	-383.39932	562.04443
LeMans	256	-384.06088	561.7044
LeMans	256	-384.7191	561.37354
LeMans	256	-385.37396	561.05145
LeMans	256	-386.02567	560.738
LeMans	256	-386.67413	560.43304
LeMans	256	-387.31937	560.13666
LeMans	256	-387.96143	559.84845
LeMans	256	-388.6003	559.5689
LeMans	256	-389.2364	559.29877
LeMans	256	-389.8697	559.0385
LeMans	256	-390.50003	558.78815
LeMans	256	-391.12814	558.5499
LeMans	256	-391.7535	558.3235
LeMans	256	-392.376	558.10834
LeMans	256	-392.9961	557.9039
LeMans	256	-393.61414	557.70953
LeMans	256	-394.23074	557.52466
LeMans	256	-394.84598	557.34863
LeMans	256	-395.45996	557.181
LeMans	256	-396.0722	557.02094
LeMans	256	-396.68274	556.86786
LeMans	256	-397.29117	556.72125
LeMans	256	-397.89758	556.5805
LeMans	256	-398.50195	556.445
LeMans	256	-399.10443	556.31415
LeMans	256	-399.70514	556.18726
LeMans	256	-400.30426	556.0636
LeMans	256	-400.9013	555.94073
LeMans	256	-401.49664	555.81793
LeMans	256	-402.0914	555.6978
LeMans	256	-402.68478	555.57904
LeMans	256	-403.2771	555.4615
LeMans	256	-403.86856	555.3464
LeMans	256	-404.4593	555.23456
LeMans	256	-405.04922	555.12665
LeMans	256	-405.63846	555.0234
LeMans	256	-406.2272	554.9255
LeMans	256	-406.8157	554.8336
LeMans	256	-407.40436	554.74835
LeMans	256	-407.9936	554.67017
LeMans	256	-408.584	554.5996
LeMans	256	-409.17618	554.53723
LeMans	256	-409.77026	554.4834
LeMans	256	-410.3661	554.4385
LeMans	256	-410.96347	554.40247
LeMans	256	-411.56195	554.37555
LeMans	256	-412.16174	554.3572
LeMans	256	-412.7621	554.34875
LeMans	256	-413.36365	554.3498
LeMans	256	-413.96457	554.3592
LeMans	256	-414.56458	554.3761
LeMans	256	-415.16464	554.3999
LeMans	256	-415.76526	554.42993
LeMans	256	-416.36685	554.46497
LeMans	256	-416.96976	554.50305
LeMans	256	-417.57477	554.54395
LeMans	256	-418.18164	554.5903
LeMans	256	-418.7894	554.63904
LeMans	256	-419.39804	554.69025
LeMans	256	-420.00757	554.74536
LeMans	256	-420.61774	554.80566
LeMans	256	-421.22836	554.8721
LeMans	256	-421.83945	554.94543
LeMans	256	-422.45123	555.0265
LeMans	256	-423.06293	555.116
LeMans	256	-423.67496	555.21436
LeMans	256	-424.2871	555.3222
LeMans	256	-424.89944	555.441
LeMans	256	-425.5115	555.5702
LeMans	256	-426.12338	555.7062
LeMans	256	-426.73514	555.85297
LeMans	256	-427.34598	556.0106
LeMans	256	-427.95563	556.17773
LeMans	256	-428.56396	556.3532
LeMans	256	-429.17117	556.5367
LeMans	256	-429.77713	556.72754
LeMans	256	-430.38214	556.92535
LeMans	256	-430.98618	557.12976
LeMans	256	-431.58945	557.3401
LeMans	256	-432.19196	557.5559
LeMans	256	-432.79382	557.777
LeMans	256	-433.39508	558.0029
LeMans	256	-433.99573	558.2335
LeMans	256	-434.59576	558.46893
LeMans	256	-435.19534	558.709
LeMans	256	-435.79416	558.9541
LeMans	256	-436.39224	559.2048
LeMans	256	-436.98938	559.4612
LeMans	256	-437.5854	559.7239
LeMans	256	-438.18024	559.9934
LeMans	256	-438.7736	560.27026
LeMans	256	-439.36536	560.55493
LeMans	256	-439.9552	560.8477
LeMans	256	-440.54303	561.149
LeMans	256	-441.1287	561.4588
LeMans	256	-441.71207	561.7773
LeMans	256	-442.29288	562.10406
LeMans	256	-442.87122	562.4389
LeMans	256	-443.44672	562.78143
LeMans	256	-444.01932	563.13104
LeMans	256	-444.58893	563.4873
LeMans	256	-445.15546	563.84985
LeMans	256	-445.7189	564.21844
LeMans	256	-446.27924	564.59265
LeMans	256	-446.8364	564.97253
LeMans	256	-447.39038	565.3579
LeMans	256	-447.94128	565.74896
LeMans	256	-448.48904	566.1457
LeMans	256	-449.0338	566.54846
LeMans	256	-449.57565	566.9576
LeMans	256	-450.1144	567.37317
LeMans	256	-450.65027	567.7958
LeMans	256	-451.1832	568.2254
LeMans	256	-451.71323	568.66235
LeMans	256	-452.24026	569.10675
LeMans	256	-452.7643	569.5586
LeMans	256	-453.2852	570.0181
LeMans	256	-453.80286	570.48505
LeMans	256	-454.31723	570.9595
LeMans	256	-454.82834	571.4412
LeMans	256	-455.3361	571.9301
LeMans	256	-455.8406	572.4259
LeMans	256	-456.34195	572.9284
LeMans	256	-456.84003	573.4373
LeMans	256	-457.3349	573.9524
LeMans	256	-457.82663	574.4736
LeMans	256	-458.31516	575.0007
LeMans	256	-458.8004	575.53357
LeMans	256	-459.28238	576.0722
LeMans	256	-459.76096	576.61646
LeMans	256	-460.2361	577.16656
LeMans	256	-460.70773	577.72253
LeMans	256	-461.17554	578.2845
LeMans	256	-461.63953	578.8525
LeMans	256	-462.0995	579.42664
LeMans	256	-462.55524	580.0069
LeMans	256	-463.0066	580.5933
LeMans	256	-463.4535	581.1859
LeMans	256	-463.89584	581.78455
LeMans	256	-464.3336	582.3892
LeMans	256	-464.76654	583
LeMans	256	-465.1952	583.6173
LeMans	256	-465.61862	584.23987
LeMans	256	-466.03726	584.8683
LeMans	256	-466.45108	585.5024
LeMans	256	-466.86008	586.1421
LeMans	256	-467.26416	586.78723
LeMans	256	-467.6633	587.4379
LeMans	256	-468.05746	588.094
LeMans	256	-468.44644	588.7554
LeMans	256	-468.8303	589.4221
LeMans	256	-469.20898	590.0941
LeMans	256	-469.5821	590.7715
LeMans	256	-469.94858	591.4549
LeMans	256	-470.30853	592.1438
LeMans	256	-470.66162	592.8387
LeMans	256	-471.00797	593.5395
LeMans	256	-471.34787	594.248
LeMans	256	-471.6813	594.9627
LeMans	256	-472.00797	595.68317
LeMans	256	-472.32797	596.40875
LeMans	256	-472.64133	597.1392
LeMans	256	-472.94827	597.8744
LeMans	256	-473.2492	598.6142
LeMans	256	-473.5444	599.35864
LeMans	256	-473.83417	600.1077
LeMans	256	-474.11874	600.8616
LeMans	256	-474.39844	601.61993
LeMans	256	-474.6733	602.38306
LeMans	256	-474.94363	603.15106
LeMans	256	-475.20932	603.9238
LeMans	256	-475.4705	604.7016
LeMans	256	-475.72717	605.4846
LeMans	256	-475.97928	606.2729
LeMans	256	-476.22684	607.0668
LeMans	256	-476.46973	607.86646
LeMans	256	-476.70804	608.672
LeMans	256	-476.942	609.48364
LeMans	256	-477.17154	610.3012
LeMans	256	-477.39706	611.1247
LeMans	256	-477.61862	611.9541
LeMans	256	-477.8364	612.7892
LeMans	256	-478.05054	613.6299
LeMans	256	-478.26117	614.4762
LeMans	256	-478.46838	615.328
LeMans	256	-478.67245	616.18536
LeMans	256	-478.87338	617.0482
LeMans	256	-479.0716	617.91644
LeMans	256	-479.2673	618.79
LeMans	256	-479.4607	619.66876
LeMans	256	-479.65207	620.5528
LeMans	256	-479.84164	621.4421
LeMans	256	-480.02963	622.3366
LeMans	256	-480.21637	623.2364
LeMans	256	-480.40213	624.1412
LeMans	256	-480.58722	625.0509
LeMans	256	-480.77194	625.96545
LeMans	256	-480.9566	626.88477
LeMans	256	-481.14145	627.80853
LeMans	256	-481.32672	628.7367
LeMans	256	-481.5143	629.6669
LeMans	256	-481.7058	630.5946
LeMans	256	-481.90137	631.5179
LeMans	256	-482.10452	632.4373
LeMans	256	-482.3127	633.3549
LeMans	256	-482.52213	634.27185
LeMans	256	-482.7313	635.1882
LeMans	256	-482.9396	636.10364
LeMans	256	-483.14713	637.018
LeMans	256	-483.35406	637.931
LeMans	256	-483.5605	638.8422
LeMans	256	-483.76648	639.7516
LeMans	256	-483.972	640.6588
LeMans	256	-484.17685	641.56323
LeMans	256	-484.38037	642.46185
LeMans	256	-484.58203	643.3525
LeMans	256	-484.782	644.23584
LeMans	256	-484.98062	645.11285
LeMans	256	-485.1778	645.98376
LeMans	256	-485.37363	646.84845
LeMans	256	-485.5681	647.707
LeMans	256	-485.76108	648.559
LeMans	256	-485.9525	649.4044
LeMans	256	-486.14246	650.243
LeMans	256	-486.3307	651.07446
LeMans	256	-486.51736	651.8986
LeMans	256	-486.70233	652.7154
LeMans	256	-486.88553	653.52435
LeMans	256	-487.06696	654.32544
LeMans	256	-487.24658	655.1186
LeMans	256	-487.42432	655.90356
LeMans	256	-487.6002	656.68054
LeMans	256	-487.7742	657.44934
LeMans	256	-487.94644	658.2102
LeMans	256	-488.11682	658.96295
LeMans	256	-488.28534	659.7077
LeMans	256	-488.45203	660.4446
LeMans	256	-488.6169	661.1734
LeMans	256	-488.78	661.8943
LeMans	256	-488.94116	662.6071
LeMans	256	-489.1006	663.3122
LeMans	256	-489.25818	664.00946
LeMans	256	-489.41406	664.699
LeMans	256	-489.5682	665.3812
LeMans	256	-489.72058	666.05566
LeMans	256	-489.87125	666.72266
LeMans	256	-490.02017	667.3821
LeMans	256	-490.16745	668.0341
LeMans	256	-490.313	668.6786
LeMans	256	-490.45688	669.31586
LeMans	256	-490.599	669.9457
LeMans	256	-490.73947	670.56805
LeMans	256	-490.87823	671.1828
LeMans	256	-491.0153	671.7904
LeMans	256	-491.15076	672.39044
LeMans	256	-491.28452	672.9832
LeMans	256	-491.4166	673.5686
LeMans	256	-491.54703	674.1467
LeMans	256	-491.6758	674.7174
LeMans	256	-491.80295	675.28094
LeMans	256	-491.92844	675.83704
LeMans	256	-492.05234	676.386
LeMans	256	-492.17453	676.92755
LeMans	256	-492.29507	677.4619
LeMans	256	-492.41397	677.98895
LeMans	256	-492.53125	678.5088
LeMans	256	-492.64685	679.02136
LeMans	256	-492.7609	679.5268
LeMans	256	-492.87326	680.02496
LeMans	256	-492.984	680.516
LeMans	256	-493.0932	680.99976
LeMans	256	-493.20074	681.47644
LeMans	256	-493.30664	681.946
LeMans	256	-493.41092	682.40845
LeMans	256	-493.51358	682.86365
LeMans	256	-493.6147	683.31177
LeMans	256	-493.71408	683.7528
LeMans	256	-493.81158	684.1867
LeMans	256	-493.90402	684.61444
LeMans	256	-493.9885	685.0371
LeMans	256	-494.06564	685.45886
LeMans	256	-494.1378	685.8784
LeMans	256	-494.20636	686.2943
LeMans	256	-494.27234	686.7064
LeMans	256	-494.3371	687.11505
LeMans	256	-494.4027	687.5204
LeMans	256	-494.47107	687.92255
LeMans	256	-494.54382	688.3218
LeMans	256	-494.62335	688.7178
LeMans	256	-494.7119	689.1102
LeMans	256	-494.80896	689.499
LeMans	256	-494.91406	689.885
LeMans	256	-495.0236	690.2676
LeMans	256	-495.13382	690.648
LeMans	256	-495.2438	691.02673
LeMans	256	-495.3534	691.40375
LeMans	256	-495.46262	691.7791
LeMans	256	-495.5715	692.15314
LeMans	256	-495.68018	692.5255
LeMans	256	-495.78864	692.8966
LeMans	256	-495.89685	693.2665
LeMans	256	-496.0048	693.63513
LeMans	256	-496.1125	694.00256
LeMans	256	-496.22	694.3685
LeMans	256	-496.3271	694.7323
LeMans	256	-496.43457	695.0968
LeMans	256	-496.543	695.4652
LeMans	256	-496.65283	695.839
LeMans	256	-496.7644	696.21844
LeMans	256	-496.87784	696.6036
LeMans	256	-496.99304	696.9942
LeMans	256	-497.1097	697.3895
LeMans	256	-497.22687	697.7874
LeMans	256	-497.34335	698.18445
LeMans	256	-497.45865	698.5791
LeMans	256	-497.57318	698.9725
LeMans	256	-497.68716	699.3648
LeMans	256	-497.80063	699.7564
LeMans	256	-497.9137	700.1469
LeMans	256	-498.0264	700.53656
LeMans	256	-498.13882	700.92523
LeMans	256	-498.251	701.31335
LeMans	256	-498.36313	701.70087
LeMans	256	-498.47562	702.0897
LeMans	256	-498.5888	702.481
LeMans	256	-498.7028	702.875
LeMans	256	-498.81757	703.2717
LeMans	256	-498.93304	703.6711
LeMans	256	-499.0493	704.07306
LeMans	256	-499.1661	704.4771
LeMans	256	-499.28293	704.8811
LeMans	256	-499.3993	705.28345
LeMans	256	-499.51523	705.6844
LeMans	256	-499.6308	706.08405
LeMans	256	-499.7461	706.4824
LeMans	256	-499.8609	706.8795
LeMans	256	-499.97534	707.2752
LeMans	256	-500.08942	707.66943
LeMans	256	-500.203	708.0622
LeMans	256	-500.3162	708.4532
LeMans	256	-500.42886	708.8426
LeMans	256	-500.54102	709.2302
LeMans	256	-500.65268	709.6161
LeMans	256	-500.76382	710.0001
LeMans	256	-500.87445	710.3823
LeMans	256	-500.98456	710.7627
LeMans	256	-501.09418	711.1414
LeMans	256	-501.2033	711.51825
LeMans	256	-501.31198	711.8935
LeMans	256	-501.42014	712.26715
LeMans	256	-501.5279	712.63904
LeMans	256	-501.6351	713.0093
LeMans	256	-501.7419	713.3779
LeMans	256	-501.84824	713.74506
LeMans	256	-501.95413	714.11053
LeMans	256	-502.05957	714.47437
LeMans	256	-502.16455	714.8366
LeMans	256	-502.2691	715.1973
LeMans	256	-502.3732	715.55646
LeMans	256	-502.47687	715.91406
LeMans	256	-502.58008	716.2701
LeMans	256	-502.68283	716.6245
LeMans	256	-502.7852	716.9774
LeMans	256	-502.8871	717.32874
LeMans	256	-502.98856	717.6786
LeMans	256	-503.08957	718.0268
LeMans	256	-503.19016	718.3735
LeMans	256	-503.29025	718.71857
LeMans	256	-503.38998	719.0621
LeMans	256	-503.4893	719.4042
LeMans	256	-503.5881	719.7447
LeMans	256	-503.68655	720.0837
LeMans	256	-503.78455	720.4211
LeMans	256	-503.88214	720.75696
LeMans	256	-503.97925	721.0914
LeMans	256	-504.07596	721.42426
LeMans	256	-504.17224	721.75574
LeMans	256	-504.26813	722.08563
LeMans	256	-504.3636	722.41406
LeMans	256	-504.45865	722.7411
LeMans	256	-504.55322	723.0665
LeMans	256	-504.64737	723.39044
LeMans	256	-504.74112	723.7129
LeMans	256	-504.83444	724.0338
LeMans	256	-504.92734	724.3533
LeMans	256	-505.01984	724.6713
LeMans	256	-505.1119	724.98785
LeMans	256	-505.20355	725.303
LeMans	256	-505.29483	725.61664
LeMans	256	-505.38565	725.92865
LeMans	256	-505.47604	726.23944
LeMans	256	-505.56604	726.5487
LeMans	256	-505.65564	726.85657
LeMans	256	-505.74478	727.1629
LeMans	256	-505.83356	727.4678
LeMans	256	-505.9219	727.77124
LeMans	256	-506.00986	728.07336
LeMans	256	-506.09738	728.3739
LeMans	256	-506.18448	728.67316
LeMans	256	-506.2712	728.97095
LeMans	256	-506.35748	729.26733
LeMans	256	-506.44342	729.56226
LeMans	256	-506.5289	729.85583
LeMans	256	-506.61398	730.1479
LeMans	256	-506.69867	730.4386
LeMans	256	-506.78296	730.72784
LeMans	256	-506.86682	731.01587
LeMans	256	-506.9503	731.3024
LeMans	256	-507.03342	731.5876
LeMans	256	-507.1161	731.8714
LeMans	256	-507.1984	732.15375
LeMans	256	-507.28027	732.4348
LeMans	256	-507.3618	732.7146
LeMans	256	-507.44287	732.99286
LeMans	256	-507.52362	733.26984
LeMans	256	-507.60394	733.54553
LeMans	256	-507.6839	733.8198
LeMans	256	-507.7634	734.0927
LeMans	256	-507.84256	734.3644
LeMans	256	-507.92136	734.63477
LeMans	256	-507.99976	734.9039
LeMans	256	-508.07776	735.17145
LeMans	256	-508.15543	735.4378
LeMans	256	-508.23264	735.7029
LeMans	256	-508.3095	735.9667
LeMans	256	-508.38605	736.2293
LeMans	256	-508.46213	736.4906
LeMans	256	-508.53793	736.75037
LeMans	256	-508.61328	737.0088
LeMans	256	-508.68793	737.26624
LeMans	256	-508.7587	737.5233
LeMans	256	-508.82443	737.7797
LeMans	256	-508.88608	738.0357
LeMans	256	-508.94434	738.291
LeMans	256	-508.99976	738.54535
LeMans	256	-509.053	738.7987
LeMans	256	-509.10513	739.051
LeMans	256	-509.15753	739.30164
LeMans	256	-509.21136	739.55035
LeMans	256	-509.26758	739.7971
LeMans	256	-509.32703	740.04156
LeMans	256	-509.3905	740.28375
LeMans	256	-509.45963	740.5232
LeMans	256	-509.53577	740.75964
LeMans	256	-509.61734	740.99347
LeMans	256	-509.70154	741.22516
LeMans	256	-509.78717	741.45496
LeMans	256	-509.87375	741.68286
LeMans	256	-509.96085	741.9091
LeMans	256	-510.0468	742.13403
LeMans	256	-510.12686	742.35913
LeMans	256	-510.20023	742.5846
LeMans	256	-510.26944	742.8099
LeMans	256	-510.33588	743.03436
LeMans	256	-510.40042	743.2578
LeMans	256	-510.46347	743.4802
LeMans	256	-510.52548	743.70154
LeMans	256	-510.58694	743.9216
LeMans	256	-510.64822	744.13995
LeMans	256	-510.70956	744.357
LeMans	256	-510.77142	744.5726
LeMans	256	-510.83475	744.7864
LeMans	256	-510.90103	744.99817
LeMans	256	-510.97153	745.20746
LeMans	256	-511.04736	745.4139
LeMans	256	-511.1316	745.61646
LeMans	256	-511.2239	745.81476
LeMans	256	-511.32272	746.0088
LeMans	256	-511.42722	746.19824
LeMans	256	-511.53687	746.3834
LeMans	256	-511.6512	746.5643
LeMans	256	-511.76788	746.7437
LeMans	256	-511.88193	746.92566
LeMans	256	-511.9899	747.1121
LeMans	256	-512.0943	747.30176
LeMans	256	-512.1976	747.49347
LeMans	256	-512.3008	747.68616
LeMans	256	-512.404	747.8781
LeMans	256	-512.50726	748.0682
LeMans	256	-512.612	748.256
LeMans	256	-512.7197	748.4412
LeMans	256	-512.8324	748.6229
LeMans	256	-512.9542	748.7988
LeMans	256	-513.08405	748.96857
LeMans	256	-513.22	749.1326
LeMans	256	-513.36035	749.2913
LeMans	256	-513.50336	749.44556
LeMans	256	-513.64813	749.5957
LeMans	256	-513.79425	749.74176
LeMans	256	-513.9415	749.8841
LeMans	256	-514.08966	750.02277
LeMans	256	-514.23846	750.158
LeMans	256	-514.3877	750.2902
LeMans	256	-514.53723	750.4194
LeMans	256	-514.6867	750.5456
LeMans	256	-514.836	750.66925
LeMans	256	-514.985	750.79047
LeMans	256	-515.1334	750.90936
LeMans	256	-515.2812	751.02625
LeMans	256	-515.4281	751.1413
LeMans	256	-515.5741	751.2547
LeMans	256	-515.71924	751.36646
LeMans	256	-515.86346	751.47687
LeMans	256	-516.0067	751.58594
LeMans	256	-516.14935	751.6939
LeMans	256	-516.29297	751.80194
LeMans	256	-516.43835	751.91095
LeMans	256	-516.5851	752.02203
LeMans	256	-516.73114	752.13696
LeMans	256	-516.8761	752.25616
LeMans	256	-517.019	752.3795
LeMans	256	-517.1578	752.50574
LeMans	256	-517.29236	752.6342
LeMans	256	-517.4234	752.7648
LeMans	256	-517.5516	752.8976
LeMans	256	-517.67706	753.0324
LeMans	256	-517.8031	753.1658
LeMans	256	-517.9311	753.29584
LeMans	256	-518.0625	753.42114
LeMans	256	-518.1988	753.5395
LeMans	256	-518.3401	753.65125
LeMans	256	-518.48486	753.7573
LeMans	256	-518.6322	753.8588
LeMans	256	-518.77954	753.9581
LeMans	256	-518.9233	754.0599
LeMans	256	-519.0635	754.1639
LeMans	256	-519.20087	754.2693
LeMans	256	-519.33636	754.3747
LeMans	256	-519.4707	754.4794
LeMans	256	-519.6043	754.583
LeMans	256	-519.7374	754.6853
LeMans	256	-519.8708	754.78516
LeMans	256	-520.00507	754.8817
LeMans	256	-520.14154	754.9733
LeMans	256	-520.2821	755.0575
LeMans	256	-520.42694	755.1331
LeMans	256	-520.57465	755.2017
LeMans	256	-520.72455	755.2639
LeMans	256	-520.8759	755.32007
LeMans	256	-521.02814	755.37085
LeMans	256	-521.18024	755.4177
LeMans	256	-521.3318	755.46173
LeMans	256	-521.4831	755.5035
LeMans	256	-521.6365	755.54407
LeMans	256	-521.7926	755.58374
LeMans	256	-521.95184	755.6229
LeMans	256	-522.1138	755.6621
LeMans	256	-522.278	755.702
LeMans	256	-522.4426	755.7464
LeMans	256	-522.6039	755.79675
LeMans	256	-522.7611	755.85114
LeMans	256	-522.91534	755.90875
LeMans	256	-523.0676	755.9685
LeMans	256	-523.2196	756.02765
LeMans	256	-523.3723	756.08325
LeMans	256	-523.52673	756.1326
LeMans	256	-523.68335	756.1735
LeMans	256	-523.842	756.2074
LeMans	256	-524.00037	756.23975
LeMans	256	-524.15704	756.2741
LeMans	256	-524.31134	756.3117
LeMans	256	-524.46356	756.3508
LeMans	256	-524.61426	756.39014
LeMans	256	-524.7636	756.42804
LeMans	256	-524.9123	756.46277
LeMans	256	-525.06116	756.4909
LeMans	256	-525.2108	756.5099
LeMans	256	-525.36035	756.52203
LeMans	256	-525.50946	756.5291
LeMans	256	-525.6578	756.5322
LeMans	256	-525.8049	756.5321
LeMans	256	-525.95074	756.52905
LeMans	256	-526.09515	756.52356
LeMans	256	-526.238	756.51575
LeMans	256	-526.3791	756.5059
LeMans	256	-526.5185	756.4942
LeMans	256	-526.6562	756.481
LeMans	256	-526.7921	756.4664
LeMans	256	-526.92633	756.4505
LeMans	256	-527.0587	756.4334
LeMans	256	-527.19025	756.41534
LeMans	256	-527.323	756.39606
LeMans	256	-527.45844	756.3761
LeMans	256	-527.59766	756.3558
LeMans	256	-527.7406	756.3352
LeMans	256	-527.88696	756.3143
LeMans	256	-528.0364	756.29266
LeMans	256	-528.18726	756.2705
LeMans	256	-528.33636	756.24896
LeMans	256	-528.48334	756.2274
LeMans	256	-528.62915	756.20605
LeMans	256	-528.77423	756.1849
LeMans	256	-528.9189	756.16376
LeMans	256	-529.0724	756.14105
LeMans	256	-529.21625	756.1198
LeMans	256	-529.35956	756.09863
LeMans	256	-529.50226	756.07764
LeMans	256	-529.6442	756.05646
LeMans	256	-529.7869	756.0349
LeMans	256	-529.933	756.0129
LeMans	256	-530.0832	755.9909
LeMans	256	-530.2372	755.9693
LeMans	256	-530.3942	755.9471
LeMans	256	-530.5537	755.9223
LeMans	256	-530.7136	755.89355
LeMans	256	-530.8708	755.8617
LeMans	256	-531.02563	755.82745
LeMans	256	-531.1791	755.7911
LeMans	256	-531.33167	755.75336
LeMans	256	-531.4838	755.71515
LeMans	256	-531.63586	755.6778
LeMans	256	-531.78784	755.64215
LeMans	256	-531.9399	755.6092
LeMans	256	-532.0921	755.57965
LeMans	256	-532.2446	755.55457
LeMans	256	-532.39777	755.53595
LeMans	256	-532.55115	755.52295
LeMans	256	-532.70435	755.5148
LeMans	256	-532.85706	755.50977
LeMans	256	-533.0089	755.506
LeMans	256	-533.16095	755.5023
LeMans	256	-533.31525	755.4989
LeMans	256	-533.4726	755.4964
LeMans	256	-533.6328	755.4948
LeMans	256	-533.7955	755.4937
LeMans	256	-533.9604	755.493
LeMans	256	-534.12585	755.493
LeMans	256	-534.2893	755.4951
LeMans	256	-534.451	755.50024
LeMans	256	-534.6117	755.5081
LeMans	256	-534.77185	755.51886
LeMans	256	-534.93146	755.53235
LeMans	256	-535.09064	755.54755
LeMans	256	-535.2492	755.5634
LeMans	256	-535.4071	755.5789
LeMans	256	-535.5641	755.59296
LeMans	256	-535.72003	755.60443
LeMans	256	-535.87494	755.6128
LeMans	256	-536.0289	755.6175
LeMans	256	-536.18164	755.6176
LeMans	256	-536.33356	755.6122
LeMans	256	-536.48456	755.6013
LeMans	256	-536.63446	755.58655
LeMans	256	-536.78326	755.5716
LeMans	256	-536.9311	755.56055
LeMans	256	-537.0778	755.55334
LeMans	256	-537.2233	755.54895
LeMans	256	-537.36755	755.5456
LeMans	256	-537.51044	755.5413
LeMans	256	-537.65216	755.5349
LeMans	256	-537.79266	755.5252
LeMans	256	-537.9322	755.5103
LeMans	256	-538.07074	755.4897
LeMans	256	-538.20844	755.4657
LeMans	256	-538.3453	755.4399
LeMans	256	-538.48114	755.4129
LeMans	256	-538.61597	755.3849
LeMans	256	-538.7497	755.35626
LeMans	256	-538.88245	755.32697
LeMans	256	-539.0153	755.2971
LeMans	256	-539.1509	755.2662
LeMans	256	-539.2903	755.23395
LeMans	256	-539.43353	755.2006
LeMans	256	-539.5801	755.1664
LeMans	256	-539.73	755.1313
LeMans	256	-539.8826	755.0954
LeMans	256	-540.035	755.0584
LeMans	256	-540.1856	755.02185
LeMans	256	-540.33496	754.98566
LeMans	256	-540.4837	754.9499
LeMans	256	-540.63214	754.9143
LeMans	256	-540.7802	754.8786
LeMans	256	-540.92847	754.84247
LeMans	256	-541.0787	754.80585
LeMans	256	-541.23193	754.76855
LeMans	256	-541.3892	754.7307
LeMans	256	-541.551	754.6924
LeMans	256	-541.7169	754.6538
LeMans	256	-541.88654	754.6145
LeMans	256	-542.0594	754.57434
LeMans	256	-542.2353	754.5331
LeMans	256	-542.415	754.4911
LeMans	256	-542.59735	754.44855
LeMans	256	-542.7791	754.4064
LeMans	256	-542.9592	754.36456
LeMans	256	-543.1386	754.3229
LeMans	256	-543.3177	754.2811
LeMans	256	-543.4966	754.23944
LeMans	256	-543.67523	754.1978
LeMans	256	-543.8535	754.1561
LeMans	256	-544.03125	754.11475
LeMans	256	-544.2084	754.0735
LeMans	256	-544.3847	754.03235
LeMans	256	-544.5601	753.9914
LeMans	256	-544.7345	753.95087
LeMans	256	-544.9078	753.91046
LeMans	256	-545.0798	753.87036
LeMans	256	-545.2505	753.8306
LeMans	256	-545.41986	753.79114
LeMans	256	-545.5884	753.752
LeMans	256	-545.75867	753.7124
LeMans	256	-545.9321	753.672
LeMans	256	-546.1092	753.63086
LeMans	256	-546.28973	753.58887
LeMans	256	-546.47363	753.54614
LeMans	256	-546.66064	753.5026
LeMans	256	-546.8502	753.45856
LeMans	256	-547.04016	753.41437
LeMans	256	-547.2282	753.37067
LeMans	256	-547.41473	753.32733
LeMans	256	-547.6006	753.284
LeMans	256	-547.78613	753.2408
LeMans	256	-547.97125	753.1977
LeMans	256	-548.156	753.1546
LeMans	256	-548.3403	753.1117
LeMans	256	-548.5248	753.0687
LeMans	256	-548.7116	753.0252
LeMans	256	-548.90216	752.9808
LeMans	256	-549.0965	752.9354
LeMans	256	-549.2942	752.8893
LeMans	256	-549.4947	752.84247
LeMans	256	-549.69806	752.795
LeMans	256	-549.90424	752.74695
LeMans	256	-550.11255	752.69836
LeMans	256	-550.3204	752.64984
LeMans	256	-550.5261	752.6017
LeMans	256	-550.7307	752.55396
LeMans	256	-550.93475	752.5063
LeMans	256	-551.13837	752.45856
LeMans	256	-551.34216	752.4111
LeMans	256	-551.5473	752.3631
LeMans	256	-551.7549	752.3146
LeMans	256	-551.9653	752.26544
LeMans	256	-552.1784	752.2157
LeMans	256	-552.39374	752.1653
LeMans	256	-552.611	752.1145
LeMans	256	-552.8298	752.0633
LeMans	256	-553.0485	752.01227
LeMans	256	-553.26556	751.9615
LeMans	256	-553.48096	751.911
LeMans	256	-553.6953	751.8608
LeMans	256	-553.9089	751.8108
LeMans	256	-554.12164	751.7609
LeMans	256	-554.3337	751.7112
LeMans	256	-554.5459	751.66156
LeMans	256	-554.75977	751.61145
LeMans	256	-554.97614	751.5608
LeMans	256	-555.1949	751.5095
LeMans	256	-555.4156	751.4577
LeMans	256	-555.6378	751.4056
LeMans	256	-555.86005	751.3535
LeMans	256	-556.0804	751.3019
LeMans	256	-556.29895	751.25055
LeMans	256	-556.51636	751.1996
LeMans	256	-556.73285	751.1488
LeMans	256	-556.9489	751.0981
LeMans	256	-557.16644	751.0471
LeMans	256	-557.3873	750.99536
LeMans	256	-557.6119	750.9427
LeMans	256	-557.8398	750.8893
LeMans	256	-558.0705	750.8352
LeMans	256	-558.3034	750.7805
LeMans	256	-558.5367	750.7259
LeMans	256	-558.7685	750.67163
LeMans	256	-558.9985	750.6176
LeMans	256	-559.22736	750.56396
LeMans	256	-559.4553	750.51044
LeMans	256	-559.68286	750.4571
LeMans	256	-559.9113	750.4035
LeMans	256	-560.14185	750.3494
LeMans	256	-560.3748	750.2948
LeMans	256	-560.60986	750.2397
LeMans	256	-560.8466	750.1842
LeMans	256	-561.08356	750.12866
LeMans	256	-561.3187	750.0735
LeMans	256	-561.552	750.01874
LeMans	256	-561.7841	749.9643
LeMans	256	-562.0151	749.9103
LeMans	256	-562.2451	749.8564
LeMans	256	-562.4742	749.80273
LeMans	256	-562.7034	749.749
LeMans	256	-562.9345	749.6949
LeMans	256	-563.1679	749.64014
LeMans	256	-563.4036	749.5849
LeMans	256	-563.6414	749.52905
LeMans	256	-563.8809	749.4729
LeMans	256	-564.12134	749.41644
LeMans	256	-564.36005	749.36066
LeMans	256	-564.59686	749.3051
LeMans	256	-564.83234	749.25
LeMans	256	-565.0668	749.19507
LeMans	256	-565.3004	749.1402
LeMans	256	-565.53424	749.08545
LeMans	256	-565.76984	749.0302
LeMans	256	-566.0077	748.9745
LeMans	256	-566.24774	748.9182
LeMans	256	-566.4885	748.86163
LeMans	256	-566.72754	748.80566
LeMans	256	-566.9648	748.7501
LeMans	256	-567.20044	748.6949
LeMans	256	-567.435	748.6399
LeMans	256	-567.6685	748.58514
LeMans	256	-567.90106	748.5307
LeMans	256	-568.13245	748.47644
LeMans	256	-568.3627	748.4224
LeMans	256	-568.5917	748.36884
LeMans	256	-568.81934	748.3154
LeMans	256	-569.0456	748.2623
LeMans	256	-569.27045	748.20953
LeMans	256	-569.49384	748.1571
LeMans	256	-569.7158	748.105
LeMans	256	-569.9364	748.0533
LeMans	256	-570.1556	748.00183
LeMans	256	-570.3734	747.95074
LeMans	256	-570.58984	747.89996
LeMans	256	-570.8049	747.8495
LeMans	256	-571.01855	747.7994
LeMans	256	-571.23096	747.7495
LeMans	256	-571.4421	747.6999
LeMans	256	-571.6518	747.6507
LeMans	256	-571.8603	747.6018
LeMans	256	-572.06744	747.55316
LeMans	256	-572.27325	747.5049
LeMans	256	-572.47784	747.4569
LeMans	256	-572.6811	747.4093
LeMans	256	-572.8831	747.36194
LeMans	256	-573.0838	747.3148
LeMans	256	-573.2832	747.268
LeMans	256	-573.48145	747.2215
LeMans	256	-573.67834	747.17523
LeMans	256	-573.874	747.1293
LeMans	256	-574.0684	747.0837
LeMans	256	-574.26166	747.0383
LeMans	256	-574.4535	746.99335
LeMans	256	-574.64417	746.9484
LeMans	256	-574.83417	746.9039
LeMans	256	-575.025	746.85895
LeMans	256	-575.218	746.81366
LeMans	256	-575.41315	746.7678
LeMans	256	-575.6103	746.72156
LeMans	256	-575.80884	746.6748
LeMans	256	-576.0075	746.6282
LeMans	256	-576.20447	746.58203
LeMans	256	-576.3998	746.53613
LeMans	256	-576.59393	746.4906
LeMans	256	-576.7872	746.4452
LeMans	256	-576.97986	746.40015
LeMans	256	-577.1716	746.35504
LeMans	256	-577.36255	746.3103
LeMans	256	-577.55316	746.26843
LeMans	256	-577.74347	746.23
LeMans	256	-577.9333	746.19446
LeMans	256	-578.1224	746.1614
LeMans	256	-578.31067	746.1309
LeMans	256	-578.49817	746.10297
LeMans	256	-578.68475	746.07733
LeMans	256	-578.8703	746.0535
LeMans	256	-579.0547	746.03046
LeMans	256	-579.2376	746.007
LeMans	256	-579.4189	745.9819
LeMans	256	-579.5984	745.95404
LeMans	256	-579.7759	745.92255
LeMans	256	-579.9514	745.8862
LeMans	256	-580.1247	745.84326
LeMans	256	-580.29596	745.79443
LeMans	256	-580.46533	745.74066
LeMans	256	-580.6328	745.6828
LeMans	256	-580.7984	745.62115
LeMans	256	-580.96246	745.55835
LeMans	256	-581.12524	745.495
LeMans	256	-581.2866	745.43146
LeMans	256	-581.44653	745.3678
LeMans	256	-581.60504	745.3045
LeMans	256	-581.76227	745.2415
LeMans	256	-581.9188	745.1815
LeMans	256	-582.0763	745.12897
LeMans	256	-582.2342	745.0821
LeMans	256	-582.39185	745.03864
LeMans	256	-582.5489	744.99756
LeMans	256	-582.705	744.9578
LeMans	256	-582.8598	744.9178
LeMans	256	-583.01306	744.8764
LeMans	256	-583.1644	744.83246
LeMans	256	-583.3135	744.78436
LeMans	256	-583.45953	744.7292
LeMans	256	-583.60254	744.6673
LeMans	256	-583.7433	744.6011
LeMans	256	-583.8822	744.5327
LeMans	256	-584.0196	744.4629
LeMans	256	-584.1555	744.392
LeMans	256	-584.29	744.3203
LeMans	256	-584.42346	744.24817
LeMans	256	-584.5573	744.1753
LeMans	256	-584.6923	744.101
LeMans	256	-584.8287	744.02527
LeMans	256	-584.9661	743.9484
LeMans	256	-585.10474	743.87067
LeMans	256	-585.24493	743.7934
LeMans	256	-585.3867	743.72015
LeMans	256	-585.5286	743.65137
LeMans	256	-585.6703	743.58545
LeMans	256	-585.8116	743.52094
LeMans	256	-585.95233	743.45703
LeMans	256	-586.09216	743.39264
LeMans	256	-586.2304	743.3262
LeMans	256	-586.36615	743.256
LeMans	256	-586.4995	743.1823
LeMans	256	-586.63104	743.10626
LeMans	256	-586.76294	743.02826
LeMans	256	-586.89746	742.9498
LeMans	256	-587.0361	742.8729
LeMans	256	-587.1787	742.7989
LeMans	256	-587.32465	742.7264
LeMans	256	-587.473	742.65576
LeMans	256	-587.62274	742.58813
LeMans	256	-587.7714	742.5229
LeMans	256	-587.9185	742.4581
LeMans	256	-588.06433	742.39246
LeMans	256	-588.2085	742.32465
LeMans	256	-588.3507	742.2536
LeMans	256	-588.49005	742.17706
LeMans	256	-588.6255	742.0935
LeMans	256	-588.7575	742.00415
LeMans	256	-588.8864	741.9104
LeMans	256	-589.01245	741.81287
LeMans	256	-589.13556	741.71204
LeMans	256	-589.25604	741.6086
LeMans	256	-589.3758	741.5035
LeMans	256	-589.49603	741.3966
LeMans	256	-589.6167	741.28796
LeMans	256	-589.7382	741.17816
LeMans	256	-589.861	741.06836
LeMans	256	-589.98627	740.9602
LeMans	256	-590.11523	740.856
LeMans	256	-590.24493	740.75555
LeMans	256	-590.37354	740.65686
LeMans	256	-590.50116	740.5589
LeMans	256	-590.62775	740.461
LeMans	256	-590.7531	740.3626
LeMans	256	-590.8762	740.2623
LeMans	256	-590.99585	740.15845
LeMans	256	-591.1118	740.0508
LeMans	256	-591.22504	739.9406
LeMans	256	-591.33716	739.82855
LeMans	256	-591.44946	739.71387
LeMans	256	-591.5625	739.59656
LeMans	256	-591.6777	739.47833
LeMans	256	-591.7973	739.3625
LeMans	256	-591.9216	739.24866
LeMans	256	-592.04926	739.13855
LeMans	256	-592.17773	739.0318
LeMans	256	-592.3059	738.92664
LeMans	256	-592.4334	738.8226
LeMans	256	-592.5593	738.71875
LeMans	256	-592.68286	738.6142
LeMans	256	-592.8032	738.50793
LeMans	256	-592.9194	738.39844
LeMans	256	-593.0295	738.2833
LeMans	256	-593.1339	738.1631
LeMans	256	-593.2338	738.0391
LeMans	256	-593.3297	737.9119
LeMans	256	-593.4218	737.7821
LeMans	256	-593.51013	737.64966
LeMans	256	-593.5957	737.51605
LeMans	256	-593.6798	737.3824
LeMans	256	-593.7637	737.24786
LeMans	256	-593.8478	737.11115
LeMans	256	-593.9321	736.97217
LeMans	256	-594.01685	736.83105
LeMans	256	-594.10175	736.68835
LeMans	256	-594.18713	736.54407
LeMans	256	-594.2728	736.3987
LeMans	256	-594.3578	736.2542
LeMans	256	-594.4414	736.1112
LeMans	256	-594.5241	735.96936
LeMans	256	-594.60614	735.8282
LeMans	256	-594.6877	735.68774
LeMans	256	-594.76886	735.5477
LeMans	256	-594.8497	735.4083
LeMans	256	-594.93	735.26953
LeMans	256	-595.01	735.1315
LeMans	256	-595.0895	734.9936
LeMans	256	-595.16974	734.8542
LeMans	256	-595.25134	734.713
LeMans	256	-595.3348	734.5701
LeMans	256	-595.4203	734.42645
LeMans	256	-595.51	734.2835
LeMans	256	-595.6043	734.142
LeMans	256	-595.702	734.0047
LeMans	256	-595.802	733.871
LeMans	256	-595.9041	733.74005
LeMans	256	-596.00714	733.6106
LeMans	256	-596.1099	733.4817
LeMans	256	-596.2114	733.35254
LeMans	256	-596.31085	733.2227
LeMans	256	-596.4071	733.0915
LeMans	256	-596.499	732.9583
LeMans	256	-596.58496	732.82196
LeMans	256	-596.6643	732.682
LeMans	256	-596.7384	732.53986
LeMans	256	-596.8081	732.39606
LeMans	256	-596.8758	732.25226
LeMans	256	-596.9464	732.1116
LeMans	256	-597.0204	731.9741
LeMans	256	-597.0972	731.8385
LeMans	256	-597.177	731.70197
LeMans	256	-597.25836	731.56555
LeMans	256	-597.3411	731.42865
LeMans	256	-597.4249	731.2922
LeMans	256	-597.5083	731.15704
LeMans	256	-597.59064	731.02313
LeMans	256	-597.67126	730.8895
LeMans	256	-597.7495	730.7553
LeMans	256	-597.8239	730.61945
LeMans	256	-597.8929	730.48114
LeMans	256	-597.954	730.3392
LeMans	256	-598.0071	730.19403
LeMans	256	-598.0535	730.0466
LeMans	256	-598.09375	729.89764
LeMans	256	-598.1285	729.7479
LeMans	256	-598.159	729.5981
LeMans	256	-598.18866	729.44977
LeMans	256	-598.2211	729.30426
LeMans	256	-598.2579	729.16187
LeMans	256	-598.2972	729.02106
LeMans	256	-598.33704	728.8815
LeMans	256	-598.376	728.7431
LeMans	256	-598.4121	728.6059
LeMans	256	-598.44305	728.46936
LeMans	256	-598.4655	728.3329
LeMans	256	-598.48016	728.19684
LeMans	256	-598.4892	728.062
LeMans	256	-598.4936	727.9286
LeMans	256	-598.4942	727.7967
LeMans	256	-598.4915	727.6664
LeMans	256	-598.48584	727.5375
LeMans	256	-598.47754	727.4104
LeMans	256	-598.4668	727.284
LeMans	256	-598.4542	727.1566
LeMans	256	-598.4401	727.02734
LeMans	256	-598.42487	726.89575
LeMans	256	-598.4086	726.7623
LeMans	256	-598.3915	726.62683
LeMans	256	-598.3736	726.4895
LeMans	256	-598.355	726.3517
LeMans	256	-598.3358	726.21594
LeMans	256	-598.3158	726.08215
LeMans	256	-598.2949	725.95
LeMans	256	-598.27325	725.819
LeMans	256	-598.25085	725.689
LeMans	256	-598.22754	725.56006
LeMans	256	-598.20276	725.43195
LeMans	256	-598.17615	725.30524
LeMans	256	-598.1476	725.17944
LeMans	256	-598.11743	725.05475
LeMans	256	-598.08606	724.93134
LeMans	256	-598.0538	724.80896
LeMans	256	-598.02106	724.68774
LeMans	256	-597.9885	724.5676
LeMans	256	-597.9568	724.44867
LeMans	256	-597.92633	724.3307
LeMans	256	-597.8976	724.2135
LeMans	256	-597.87067	724.0971
LeMans	256	-597.84595	723.9814
LeMans	256	-597.82336	723.8662
LeMans	256	-597.80255	723.75165
LeMans	256	-597.7822	723.6377
LeMans	256	-597.76184	723.5249
LeMans	256	-597.7413	723.413
LeMans	256	-597.72125	723.30194
LeMans	256	-597.70215	723.19165
LeMans	256	-597.6848	723.0818
LeMans	256	-597.6697	722.9724
LeMans	256	-597.6574	722.86334
LeMans	256	-597.649	722.75433
LeMans	256	-597.6433	722.64545
LeMans	256	-597.6392	722.5371
LeMans	256	-597.63617	722.4294
LeMans	256	-597.63434	722.3224
LeMans	256	-597.6335	722.2165
LeMans	256	-597.6336	722.1116
LeMans	256	-597.6346	722.00757
LeMans	256	-597.6362	721.9029
LeMans	256	-597.6386	721.7957
LeMans	256	-597.6413	721.68475
LeMans	256	-597.64435	721.57
LeMans	256	-597.64716	721.45184
LeMans	256	-597.64984	721.33075
LeMans	256	-597.6526	721.20654
LeMans	256	-597.6555	721.0792
LeMans	256	-597.65857	720.94904
LeMans	256	-597.6617	720.81793
LeMans	256	-597.6651	720.6878
LeMans	256	-597.66925	720.5589
LeMans	256	-597.67395	720.4306
LeMans	256	-597.6793	720.30255
LeMans	256	-597.68524	720.17474
LeMans	256	-597.69165	720.0473
LeMans	256	-597.6984	719.92017
LeMans	256	-597.7055	719.79333
LeMans	256	-597.71295	719.6658
LeMans	256	-597.7207	719.5355
LeMans	256	-597.7285	719.4024
LeMans	256	-597.73627	719.2662
LeMans	256	-597.74396	719.12683
LeMans	256	-597.7516	718.9845
LeMans	256	-597.7593	718.8392
LeMans	256	-597.7671	718.691
LeMans	256	-597.77496	718.5397
LeMans	256	-597.783	718.3852
LeMans	256	-597.7911	718.22797
LeMans	256	-597.79926	718.0685
LeMans	256	-597.8076	717.9075
LeMans	256	-597.8161	717.7453
LeMans	256	-597.82446	717.5832
LeMans	256	-597.833	717.42175
LeMans	256	-597.8416	717.26074
LeMans	256	-597.85034	717.10004
LeMans	256	-597.859	716.9397
LeMans	256	-597.8676	716.77985
LeMans	256	-597.8761	716.6204
LeMans	256	-597.8846	716.46173
LeMans	256	-597.89307	716.30365
LeMans	256	-597.90137	716.14655
LeMans	256	-597.9097	715.9905
LeMans	256	-597.91797	715.83545
LeMans	256	-597.92615	715.6817
LeMans	256	-597.9343	715.5283
LeMans	256	-597.9426	715.37335
LeMans	256	-597.95105	715.2155
LeMans	256	-597.95953	715.05493
LeMans	256	-597.96814	714.8919
LeMans	256	-597.97687	714.7267
LeMans	256	-597.9857	714.5592
LeMans	256	-597.9948	714.3893
LeMans	256	-598.004	714.2167
LeMans	256	-598.01337	714.04156
LeMans	256	-598.0231	713.86365
LeMans	256	-598.0352	713.6835
LeMans	256	-598.0512	713.502
LeMans	256	-598.07104	713.3202
LeMans	256	-598.0943	713.1389
LeMans	256	-598.1199	712.9585
LeMans	256	-598.14636	712.7785
LeMans	256	-598.17255	712.5989
LeMans	256	-598.1971	712.41943
LeMans	256	-598.21924	712.2403
LeMans	256	-598.2381	712.06165
LeMans	256	-598.2529	711.88324
LeMans	256	-598.26184	711.7051
LeMans	256	-598.26483	711.52734
LeMans	256	-598.26447	711.3503
LeMans	256	-598.2619	711.17426
LeMans	256	-598.2578	710.99945
LeMans	256	-598.2526	710.82574
LeMans	256	-598.2465	710.6533
LeMans	256	-598.2398	710.4822
LeMans	256	-598.23267	710.3121
LeMans	256	-598.2252	710.14325
LeMans	256	-598.2178	709.97345
LeMans	256	-598.2101	709.8014
LeMans	256	-598.20233	709.62616
LeMans	256	-598.19446	709.44794
LeMans	256	-598.1866	709.267
LeMans	256	-598.1788	709.08344
LeMans	256	-598.171	708.89703
LeMans	256	-598.1634	708.7078
LeMans	256	-598.1558	708.5156
LeMans	256	-598.1483	708.3202
LeMans	256	-598.14075	708.1217
LeMans	256	-598.1332	707.9199
LeMans	256	-598.12555	707.7146
LeMans	256	-598.11786	707.5057
LeMans	256	-598.11017	707.293
LeMans	256	-598.1024	707.07654
LeMans	256	-598.0946	706.8561
LeMans	256	-598.08673	706.63153
LeMans	256	-598.0788	706.4032
LeMans	256	-598.07074	706.1707
LeMans	256	-598.0627	705.9344
LeMans	256	-598.0544	705.694
LeMans	256	-598.046	705.44977
LeMans	256	-598.03754	705.2018
LeMans	256	-598.029	704.9498
LeMans	256	-598.02026	704.6939
LeMans	256	-598.0114	704.4342
LeMans	256	-598.00244	704.1706
LeMans	256	-597.99335	703.90314
LeMans	256	-597.9841	703.6317
LeMans	256	-597.9747	703.3563
LeMans	256	-597.9651	703.07697
LeMans	256	-597.95544	702.79364
LeMans	256	-597.9456	702.5063
LeMans	256	-597.93567	702.21497
LeMans	256	-597.9256	701.9196
LeMans	256	-597.91534	701.6201
LeMans	256	-597.9049	701.3165
LeMans	256	-597.89435	701.0088
LeMans	256	-597.88367	700.697
LeMans	256	-597.87286	700.3811
LeMans	256	-597.8619	700.0611
LeMans	256	-597.8507	699.7369
LeMans	256	-597.8394	699.40845
LeMans	256	-597.82794	699.07574
LeMans	256	-597.81635	698.73883
LeMans	256	-597.8046	698.3977
LeMans	256	-597.7927	698.0523
LeMans	256	-597.7807	697.70264
LeMans	256	-597.7685	697.34875
LeMans	256	-597.7561	696.99054
LeMans	256	-597.7436	696.6279
LeMans	256	-597.73096	696.2609
LeMans	256	-597.71814	695.88934
LeMans	256	-597.70514	695.51294
LeMans	256	-597.69196	695.13196
LeMans	256	-597.6786	694.74646
LeMans	256	-597.6651	694.35645
LeMans	256	-597.6514	693.96185
LeMans	256	-597.63763	693.56274
LeMans	256	-597.6236	693.1591
LeMans	256	-597.60944	692.7509
LeMans	256	-597.5951	692.33826
LeMans	256	-597.58057	691.9211
LeMans	256	-597.5659	691.49927
LeMans	256	-597.55115	691.07294
LeMans	256	-597.5361	690.64215
LeMans	256	-597.52094	690.20685
LeMans	256	-597.5056	689.7676
LeMans	256	-597.4902	689.32434
LeMans	256	-597.47455	688.8773
LeMans	256	-597.4588	688.42615
LeMans	256	-597.4429	687.9708
LeMans	256	-597.42676	687.51117
LeMans	256	-597.4106	687.04724
LeMans	256	-597.39417	686.579
LeMans	256	-597.3776	686.10645
LeMans	256	-597.3609	685.6296
LeMans	256	-597.34357	685.14856
LeMans	256	-597.3228	684.6636
LeMans	256	-597.2969	684.1749
LeMans	256	-597.2658	683.6823
LeMans	256	-597.2302	683.18536
LeMans	256	-597.1915	682.68414
LeMans	256	-597.15173	682.1786
LeMans	256	-597.1128	681.6684
LeMans	256	-597.0768	681.15375
LeMans	256	-597.04614	680.6342
LeMans	256	-597.0229	680.1098
LeMans	256	-597.0068	679.5807
LeMans	256	-596.99774	679.04694
LeMans	256	-596.9936	678.5086
LeMans	256	-596.99084	677.96594
LeMans	256	-596.988	677.4191
LeMans	256	-596.9845	676.868
LeMans	256	-596.98035	676.3123
LeMans	256	-596.9756	675.7523
LeMans	256	-596.97064	675.1879
LeMans	256	-596.9655	674.61914
LeMans	256	-596.9603	674.0459
LeMans	256	-596.9551	673.46826
LeMans	256	-596.94995	672.8821
LeMans	256	-596.94696	672.2961
LeMans	256	-596.94836	671.7057
LeMans	256	-596.95465	671.111
LeMans	256	-596.96545	670.51154
LeMans	256	-596.97925	669.9074
LeMans	256	-596.99396	669.29865
LeMans	256	-597.00775	668.68524
LeMans	256	-597.019	668.0671
LeMans	256	-597.0262	667.4442
LeMans	256	-597.02673	666.8167
LeMans	256	-597.01904	666.1844
LeMans	256	-597.0041	665.5475
LeMans	256	-596.9858	664.90625
LeMans	256	-596.9661	664.26044
LeMans	256	-596.9459	663.6099
LeMans	256	-596.9256	662.9548
LeMans	256	-596.90515	662.295
LeMans	256	-596.8847	661.6306
LeMans	256	-596.86414	660.96155
LeMans	256	-596.84344	660.288
LeMans	256	-596.82263	659.6098
LeMans	256	-596.8017	658.92694
LeMans	256	-596.78064	658.2395
LeMans	256	-596.7595	657.5475
LeMans	256	-596.7383	656.85016
LeMans	256	-596.71704	656.14886
LeMans	256	-596.6957	655.4432
LeMans	256	-596.6743	654.73285
LeMans	256	-596.6529	654.01794
LeMans	256	-596.63135	653.2984
LeMans	256	-596.6097	652.5742
LeMans	256	-596.5879	651.8455
LeMans	256	-596.566	651.1123
LeMans	256	-596.544	650.37476
LeMans	256	-596.52185	649.6331
LeMans	256	-596.49963	648.8874
LeMans	256	-596.47723	648.1376
LeMans	256	-596.4548	647.38354
LeMans	256	-596.43207	646.62524
LeMans	256	-596.4093	645.8627
LeMans	256	-596.3864	645.0958
LeMans	256	-596.3634	644.32465
LeMans	256	-596.3402	643.54926
LeMans	256	-596.31683	642.7696
LeMans	256	-596.2934	641.9857
LeMans	256	-596.2698	641.19763
LeMans	256	-596.2461	640.4054
LeMans	256	-596.2222	639.6088
LeMans	256	-596.1982	638.808
LeMans	256	-596.174	638.0029
LeMans	256	-596.1498	637.1937
LeMans	256	-596.1253	636.3804
LeMans	256	-596.1007	635.5629
LeMans	256	-596.076	634.7414
LeMans	256	-596.05115	633.91583
LeMans	256	-596.0262	633.0862
LeMans	256	-596.0011	632.2524
LeMans	256	-595.9758	631.41455
LeMans	256	-595.95044	630.57263
LeMans	256	-595.92487	629.7267
LeMans	256	-595.89923	628.87683
LeMans	256	-595.8734	628.02295
LeMans	256	-595.8475	627.1651
LeMans	256	-595.8214	626.30334
LeMans	256	-595.7952	625.4377
LeMans	256	-595.7689	624.56805
LeMans	256	-595.74243	623.6945
LeMans	256	-595.7158	622.8171
LeMans	256	-595.6891	621.9358
LeMans	256	-595.66223	621.05066
LeMans	256	-595.63525	620.16156
LeMans	256	-595.6081	619.2687
LeMans	256	-595.5809	618.3719
LeMans	256	-595.5535	617.4713
LeMans	256	-595.52594	616.56683
LeMans	256	-595.4983	615.65857
LeMans	256	-595.4705	614.74634
LeMans	256	-595.4425	613.82874
LeMans	256	-595.4144	612.90875
LeMans	256	-595.38617	611.98474
LeMans	256	-595.35785	611.0566
LeMans	256	-595.32935	610.12445
LeMans	256	-595.3007	609.1885
LeMans	256	-595.272	608.2489
LeMans	256	-595.24304	607.30566
LeMans	256	-595.214	606.35876
LeMans	256	-595.1848	605.4079
LeMans	256	-595.15546	604.4529
LeMans	256	-595.126	603.4937
LeMans	256	-595.0964	602.5304
LeMans	256	-595.0665	601.56256
LeMans	256	-595.03656	600.59015
LeMans	256	-595.0065	599.6131
LeMans	256	-594.97626	598.63153
LeMans	256	-594.9458	597.6453
LeMans	256	-594.9153	596.65454
LeMans	256	-594.8845	595.65924
LeMans	256	-594.85364	594.6594
LeMans	256	-594.82263	593.6551
LeMans	256	-594.79144	592.64624
LeMans	256	-594.76013	591.63293
LeMans	256	-594.72864	590.6152
LeMans	256	-594.6971	589.5929
LeMans	256	-594.6653	588.56635
LeMans	256	-594.63336	587.53516
LeMans	256	-594.6013	586.4996
LeMans	256	-594.56903	585.4594
LeMans	256	-594.5367	584.41486
LeMans	256	-594.50415	583.36584
LeMans	256	-594.47144	582.3123
LeMans	256	-594.43854	581.2544
LeMans	256	-594.4055	580.19196
LeMans	256	-594.3723	579.12506
LeMans	256	-594.33905	578.0537
LeMans	256	-594.3056	576.97797
LeMans	256	-594.272	575.898
LeMans	256	-594.2382	574.8136
LeMans	256	-594.2043	573.7249
LeMans	256	-594.1702	572.63196
LeMans	256	-594.13605	571.5347
LeMans	256	-594.1017	570.4333
LeMans	256	-594.0672	569.32764
LeMans	256	-594.0326	568.2179
LeMans	256	-593.9978	567.10376
LeMans	256	-593.9628	565.9856
LeMans	256	-593.92773	564.8631
LeMans	256	-593.8925	563.7364
LeMans	256	-593.85724	562.6056
LeMans	256	-593.8217	561.4715
LeMans	256	-593.78625	560.3374
LeMans	256	-593.75085	559.2056
LeMans	256	-593.71545	558.0763
LeMans	256	-593.68005	556.94824
LeMans	256	-593.6446	555.8211
LeMans	256	-593.6093	554.6949
LeMans	256	-593.57404	553.5699
LeMans	256	-593.53876	552.4463
LeMans	1	-593.5035	551.3245
LeMans	1	-593.4682	550.20465
LeMans	1	-593.43304	549.08685
LeMans	1	-593.39795	547.9713
LeMans	1	-593.363	546.85834
LeMans	1	-593.328	545.7479
LeMans	1	-593.2931	544.64044
LeMans	1	-593.25824	543.5358
LeMans	1	-593.2236	542.4341
LeMans	1	-593.1889	541.3354
LeMans	1	-593.15436	540.2398
LeMans	1	-593.11993	539.1471
LeMans	1	-593.0855	538.05743
LeMans	1	-593.0513	536.97064
LeMans	1	-593.017	535.8867
LeMans	1	-592.983	534.8056
LeMans	1	-592.9489	533.72723
LeMans	1	-592.915	532.6517
LeMans	1	-592.8811	531.5788
LeMans	1	-592.8473	530.50867
LeMans	1	-592.81354	529.4412
LeMans	1	-592.7799	528.3766
LeMans	1	-592.74634	527.3146
LeMans	1	-592.7129	526.25525
LeMans	1	-592.6795	525.1986
LeMans	1	-592.6462	524.1447
LeMans	1	-592.613	523.0935
LeMans	1	-592.5798	522.045
LeMans	1	-592.5467	520.9991
LeMans	1	-592.5137	519.9558
LeMans	1	-592.4808	518.91516
LeMans	1	-592.44794	517.8772
LeMans	1	-592.4152	516.84174
LeMans	1	-592.3825	515.809
LeMans	1	-592.35	514.7788
LeMans	1	-592.31744	513.7512
LeMans	1	-592.2851	512.7262
LeMans	1	-592.2527	511.70374
LeMans	1	-592.22046	510.68378
LeMans	1	-592.1883	509.66635
LeMans	1	-592.1562	508.65146
LeMans	1	-592.12415	507.63904
LeMans	1	-592.0922	506.6292
LeMans	1	-592.06036	505.62183
LeMans	1	-592.02856	504.61694
LeMans	1	-591.9969	503.61456
LeMans	1	-591.9652	502.6148
LeMans	1	-591.93384	501.6175
LeMans	1	-591.90234	500.62256
LeMans	1	-591.8709	499.6301
LeMans	1	-591.83954	498.64014
LeMans	1	-591.8083	497.65265
LeMans	1	-591.77716	496.6677
LeMans	1	-591.7462	495.68518
LeMans	1	-591.7152	494.70514
LeMans	1	-591.68427	493.7276
LeMans	1	-591.65314	492.74683
LeMans	1	-591.6212	491.7374
LeMans	1	-591.5904	490.76248
LeMans	1	-591.5593	489.77988
LeMans	1	-591.5287	488.81268
LeMans	1	-591.49786	487.8363
LeMans	1	-591.4671	486.86475
LeMans	1	-591.4362	485.88904
LeMans	1	-591.4053	484.91
LeMans	1	-591.3742	483.92725
LeMans	1	-591.3423	482.91742
LeMans	1	-591.3106	481.91525
LeMans	1	-591.27814	480.88812
LeMans	1	-591.2463	479.8806
LeMans	1	-591.21375	478.85077
LeMans	1	-591.1819	477.84216
LeMans	1	-591.14923	476.81055
LeMans	1	-591.1172	475.7977
LeMans	1	-591.085	474.77887
LeMans	1	-591.0529	473.76306
LeMans	1	-591.02	472.7227
LeMans	1	-590.9877	471.70026
LeMans	1	-590.9551	470.67096
LeMans	1	-590.9219	469.6186
LeMans	1	-590.88904	468.5776
LeMans	1	-590.8552	467.50912
LeMans	1	-590.8225	466.47293
LeMans	1	-590.7898	465.4366
LeMans	1	-590.75714	464.4018
LeMans	1	-590.7244	463.3658
LeMans	1	-590.6917	462.3341
LeMans	1	-590.6591	461.30264
LeMans	1	-590.62665	460.27393
LeMans	1	-590.5941	459.24686
LeMans	1	-590.56177	458.2216
LeMans	1	-590.52936	457.19827
LeMans	1	-590.4971	456.17697
LeMans	1	-590.46484	455.15805
LeMans	1	-590.43274	454.14136
LeMans	1	-590.40063	453.12634
LeMans	1	-590.3685	452.11304
LeMans	1	-590.3366	451.10394
LeMans	1	-590.3048	450.098
LeMans	1	-590.2731	449.0948
LeMans	1	-590.2409	448.07666
LeMans	1	-590.2092	447.07562
LeMans	1	-590.1766	446.04184
LeMans	1	-590.1451	445.0461
LeMans	1	-590.1132	444.03897
LeMans	1	-590.08203	443.0518
LeMans	1	-590.05084	442.06714
LeMans	1	-590.01984	441.08496
LeMans	1	-589.98883	440.10522
LeMans	1	-589.95795	439.12805
LeMans	1	-589.92706	438.15335
LeMans	1	-589.89636	437.18112
LeMans	1	-589.86566	436.2114
LeMans	1	-589.8351	435.2442
LeMans	1	-589.8045	434.27933
LeMans	1	-589.7741	433.31696
LeMans	1	-589.7437	432.35703
LeMans	1	-589.71344	431.39948
LeMans	1	-589.68317	430.4445
LeMans	1	-589.6529	429.48715
LeMans	1	-589.62244	428.52518
LeMans	1	-589.5924	427.5755
LeMans	1	-589.5621	426.61783
LeMans	1	-589.53217	425.67206
LeMans	1	-589.5023	424.72818
LeMans	1	-589.4726	423.78854
LeMans	1	-589.44293	422.85284
LeMans	1	-589.41345	421.91956
LeMans	1	-589.3832	420.9631
LeMans	1	-589.3536	420.0295
LeMans	1	-589.3235	419.07925
LeMans	1	-589.2942	418.1528
LeMans	1	-589.26434	417.20972
LeMans	1	-589.2348	416.27747
LeMans	1	-589.2053	415.34686
LeMans	1	-589.1756	414.40573
LeMans	1	-589.1462	413.47647
LeMans	1	-589.11743	412.56717
LeMans	1	-589.08875	411.66028
LeMans	1	-589.06	410.75574
LeMans	1	-589.0314	409.85364
LeMans	1	-589.0008	408.95395
LeMans	1	-588.96625	408.05682
LeMans	1	-588.9291	407.15808
LeMans	1	-588.8918	406.26355
LeMans	1	-588.8558	405.3679
LeMans	1	-588.82294	404.47998
LeMans	1	-588.79425	403.59424
LeMans	1	-588.7678	402.71082
LeMans	1	-588.7415	401.82968
LeMans	1	-588.7158	400.95084
LeMans	1	-588.6915	400.07425
LeMans	1	-588.668	399.19986
LeMans	1	-588.64465	398.32773
LeMans	1	-588.6212	397.4579
LeMans	1	-588.5979	396.5903
LeMans	1	-588.57446	395.72495
LeMans	1	-588.55115	394.86188
LeMans	1	-588.5278	394.001
LeMans	1	-588.5045	393.14236
LeMans	1	-588.48126	392.28592
LeMans	1	-588.4581	391.43167
LeMans	1	-588.435	390.57965
LeMans	1	-588.4119	389.72983
LeMans	1	-588.3889	388.88217
LeMans	1	-588.36597	388.03677
LeMans	1	-588.3431	387.19363
LeMans	1	-588.3203	386.3527
LeMans	1	-588.29755	385.51398
LeMans	1	-588.2749	384.67905
LeMans	1	-588.2524	383.84766
LeMans	1	-588.23	383.0192
LeMans	1	-588.20764	382.19354
LeMans	1	-588.18536	381.37073
LeMans	1	-588.1632	380.55063
LeMans	1	-588.1411	379.73334
LeMans	1	-588.11914	378.91913
LeMans	1	-588.0972	378.10855
LeMans	1	-588.0753	377.298
LeMans	1	-588.0534	376.48438
LeMans	1	-588.0313	375.6659
LeMans	1	-588.00916	374.842
LeMans	1	-587.9869	374.0127
LeMans	1	-587.9644	373.17804
LeMans	1	-587.94183	372.3385
LeMans	1	-587.9192	371.495
LeMans	1	-587.8966	370.64963
LeMans	1	-587.874	369.80518
LeMans	1	-587.8515	368.9633
LeMans	1	-587.8289	368.12363
LeMans	1	-587.8066	367.2857
LeMans	1	-587.7842	366.44937
LeMans	1	-587.7619	365.61475
LeMans	1	-587.7396	364.78195
LeMans	1	-587.71747	363.95102
LeMans	1	-587.6953	363.12213
LeMans	1	-587.67334	362.29556
LeMans	1	-587.65137	361.47147
LeMans	1	-587.6296	360.65
LeMans	1	-587.6078	359.83124
LeMans	1	-587.58606	359.01526
LeMans	1	-587.5645	358.2022
LeMans	1	-587.54297	357.39206
LeMans	1	-587.5216	356.58475
LeMans	1	-587.50037	355.7803
LeMans	1	-587.4801	354.97864
LeMans	1	-587.4631	354.17963
LeMans	1	-587.44977	353.3833
LeMans	1	-587.43915	352.5896
LeMans	1	-587.4295	351.7986
LeMans	1	-587.4192	351.01035
LeMans	1	-587.4065	350.22455
LeMans	1	-587.3896	349.44168
LeMans	1	-587.3678	348.66156
LeMans	1	-587.3447	347.88406
LeMans	1	-587.3212	347.10922
LeMans	1	-587.29614	346.33698
LeMans	1	-587.2702	345.56738
LeMans	1	-587.2441	344.80038
LeMans	1	-587.21814	344.03592
LeMans	1	-587.1923	343.27405
LeMans	1	-587.1667	342.51477
LeMans	1	-587.1412	341.75803
LeMans	1	-587.11584	341.0038
LeMans	1	-587.0907	340.2521
LeMans	1	-587.0657	339.503
LeMans	1	-587.0407	338.75644
LeMans	1	-587.01587	338.0124
LeMans	1	-586.9912	337.27078
LeMans	1	-586.9667	336.53168
LeMans	1	-586.94214	335.7952
LeMans	1	-586.91766	335.06122
LeMans	1	-586.8934	334.3297
LeMans	1	-586.86914	333.6007
LeMans	1	-586.845	332.8743
LeMans	1	-586.82086	332.1504
LeMans	1	-586.7969	331.429
LeMans	1	-586.77295	330.71008
LeMans	1	-586.74915	329.99362
LeMans	1	-586.7254	329.27963
LeMans	1	-586.70166	328.5682
LeMans	1	-586.6781	327.85916
LeMans	1	-586.65454	327.1527
LeMans	1	-586.63104	326.4488
LeMans	1	-586.60767	325.74728
LeMans	1	-586.58435	325.04825
LeMans	1	-586.561	324.35162
LeMans	1	-586.53784	323.65723
LeMans	1	-586.51465	322.96484
LeMans	1	-586.49146	322.27557
LeMans	1	-586.46857	321.59076
LeMans	1	-586.4457	320.90796
LeMans	1	-586.42285	320.22488
LeMans	1	-586.40015	319.54468
LeMans	1	-586.3774	318.8671
LeMans	1	-586.3546	318.19202
LeMans	1	-586.33203	317.51947
LeMans	1	-586.30945	316.84946
LeMans	1	-586.2869	316.18185
LeMans	1	-586.26447	315.5167
LeMans	1	-586.24207	314.85385
LeMans	1	-586.2198	314.19336
LeMans	1	-586.1975	313.53522
LeMans	1	-586.17535	312.8794
LeMans	1	-586.1533	312.22598
LeMans	1	-586.1312	311.57483
LeMans	1	-586.1093	310.92603
LeMans	1	-586.08734	310.2795
LeMans	1	-586.0655	309.63535
LeMans	1	-586.04376	308.9935
LeMans	1	-586.022	308.35394
LeMans	1	-586.0003	307.71664
LeMans	1	-585.9787	307.08167
LeMans	1	-585.9571	306.44894
LeMans	1	-585.9356	305.81854
LeMans	1	-585.9142	305.19037
LeMans	1	-585.89276	304.56448
LeMans	1	-585.87146	303.94086
LeMans	1	-585.8502	303.31952
LeMans	1	-585.82904	302.70038
LeMans	1	-585.8079	302.08344
LeMans	1	-585.7868	301.46875
LeMans	1	-585.76587	300.8563
LeMans	1	-585.7449	300.24606
LeMans	1	-585.724	299.63803
LeMans	1	-585.7032	299.0322
LeMans	1	-585.6824	298.42856
LeMans	1	-585.6617	297.8271
LeMans	1	-585.64105	297.2278
LeMans	1	-585.62054	296.6308
LeMans	1	-585.60004	296.03598
LeMans	1	-585.5795	295.44324
LeMans	1	-585.55914	294.8523
LeMans	1	-585.5388	294.26392
LeMans	1	-585.5186	293.67767
LeMans	1	-585.4984	293.0936
LeMans	1	-585.4782	292.51163
LeMans	1	-585.4582	291.93173
LeMans	1	-585.4382	291.354
LeMans	1	-585.418	290.7785
LeMans	1	-585.3981	290.20374
LeMans	1	-585.3783	289.63242
LeMans	1	-585.35864	289.0632
LeMans	1	-585.339	288.4961
LeMans	1	-585.31946	287.93115
LeMans	1	-585.29987	287.36832
LeMans	1	-585.28046	286.80753
LeMans	1	-585.2611	286.2487
LeMans	1	-585.24176	285.69208
LeMans	1	-585.2225	285.1375
LeMans	1	-585.2033	284.58505
LeMans	1	-585.1842	284.03464
LeMans	1	-585.1651	283.48633
LeMans	1	-585.1462	282.94006
LeMans	1	-585.12726	282.39584
LeMans	1	-585.1084	281.85367
LeMans	1	-585.08966	281.3136
LeMans	1	-585.071	280.77563
LeMans	1	-585.05237	280.23972
LeMans	1	-585.03375	279.7058
LeMans	1	-585.0153	279.1739
LeMans	1	-584.9968	278.644
LeMans	1	-584.9785	278.11612
LeMans	1	-584.96234	277.59018
LeMans	1	-584.9526	277.06613
LeMans	1	-584.9488	276.5439
LeMans	1	-584.94965	276.02365
LeMans	1	-584.9543	275.50537
LeMans	1	-584.96136	274.98914
LeMans	1	-584.96893	274.47488
LeMans	1	-584.97485	273.96262
LeMans	1	-584.97723	273.45236
LeMans	1	-584.974	272.94397
LeMans	1	-584.9614	272.43738
LeMans	1	-584.9382	271.93268
LeMans	1	-584.90625	271.43018
LeMans	1	-584.871	270.93
LeMans	1	-584.8343	270.43204
LeMans	1	-584.7968	269.9363
LeMans	1	-584.75867	269.44275
LeMans	1	-584.72015	268.9513
LeMans	1	-584.68134	268.46152
LeMans	1	-584.6424	267.97415
LeMans	1	-584.6035	267.48877
LeMans	1	-584.56476	267.00537
LeMans	1	-584.5262	266.52393
LeMans	1	-584.48804	266.0444
LeMans	1	-584.4502	265.56683
LeMans	1	-584.4128	265.09113
LeMans	1	-584.37573	264.6173
LeMans	1	-584.3391	264.14523
LeMans	1	-584.30286	263.67505
LeMans	1	-584.26697	263.20673
LeMans	1	-584.23145	262.7403
LeMans	1	-584.1962	262.27567
LeMans	1	-584.16125	261.81284
LeMans	1	-584.12665	261.35187
LeMans	1	-584.09216	260.89273
LeMans	1	-584.058	260.43542
LeMans	1	-584.0239	259.98056
LeMans	1	-583.9902	259.5285
LeMans	1	-583.9563	259.07565
LeMans	1	-583.9223	258.62
LeMans	1	-583.88806	258.1608
LeMans	1	-583.85364	257.69797
LeMans	1	-583.819	257.23178
LeMans	1	-583.7842	256.76355
LeMans	1	-583.74945	256.296
LeMans	1	-583.71484	255.82996
LeMans	1	-583.6803	255.36539
LeMans	1	-583.64575	254.90227
LeMans	1	-583.61145	254.44064
LeMans	1	-583.57715	253.9805
LeMans	1	-583.54297	253.52197
LeMans	1	-583.509	253.06516
LeMans	1	-583.4751	252.61014
LeMans	1	-583.44135	252.15697
LeMans	1	-583.4077	251.70573
LeMans	1	-583.3742	251.25652
LeMans	1	-583.3409	250.80927
LeMans	1	-583.3077	250.36398
LeMans	1	-583.27466	249.92062
LeMans	1	-583.2417	249.47914
LeMans	1	-583.2089	249.03955
LeMans	1	-583.1762	248.60175
LeMans	1	-583.1437	248.16582
LeMans	1	-583.11127	247.73163
LeMans	1	-583.079	247.29927
LeMans	1	-583.0469	246.86862
LeMans	1	-583.0148	246.4397
LeMans	1	-582.98285	246.01193
LeMans	1	-582.9507	245.58221
LeMans	1	-582.9183	245.1489
LeMans	1	-582.8856	244.71185
LeMans	1	-582.85266	244.27141
LeMans	1	-582.81946	243.82764
LeMans	1	-582.7861	243.38051
LeMans	1	-582.7523	242.9301
LeMans	1	-582.7183	242.47652
LeMans	1	-582.68414	242.01982
LeMans	1	-582.64966	241.56007
LeMans	1	-582.61505	241.09732
LeMans	1	-582.5801	240.63156
LeMans	1	-582.5449	240.16284
LeMans	1	-582.5096	239.69159
LeMans	1	-582.4741	239.21982
LeMans	1	-582.4388	238.74948
LeMans	1	-582.40356	238.28065
LeMans	1	-582.3684	237.81291
LeMans	1	-582.3333	237.34622
LeMans	1	-582.2983	236.88068
LeMans	1	-582.26324	236.41629
LeMans	1	-582.22833	235.95316
LeMans	1	-582.1936	235.49146
LeMans	1	-582.1589	235.03134
LeMans	1	-582.12427	234.57285
LeMans	1	-582.0898	234.11617
LeMans	1	-582.0555	233.66138
LeMans	1	-582.02124	233.20854
LeMans	1	-581.9871	232.75775
LeMans	1	-581.9532	232.30898
LeMans	1	-581.91876	231.85387
LeMans	1	-581.88513	231.40915
LeMans	1	-581.85156	230.96637
LeMans	1	-581.81824	230.52553
LeMans	1	-581.785	230.08658
LeMans	1	-581.7519	229.64943
LeMans	1	-581.7189	229.21411
LeMans	1	-581.686	228.78062
LeMans	1	-581.65326	228.34888
LeMans	1	-581.62067	227.91891
LeMans	1	-581.58813	227.49072
LeMans	1	-581.5558	227.06425
LeMans	1	-581.52356	226.63953
LeMans	1	-581.49146	226.21654
LeMans	1	-581.4594	225.79524
LeMans	1	-581.4276	225.37572
LeMans	1	-581.3959	224.95789
LeMans	1	-581.36426	224.54175
LeMans	1	-581.3328	224.12737
LeMans	1	-581.30145	223.71465
LeMans	1	-581.27094	223.30359
LeMans	1	-581.2458	222.89384
LeMans	1	-581.2268	222.48537
LeMans	1	-581.2126	222.0783
LeMans	1	-581.2018	221.6728
LeMans	1	-581.1926	221.26894
LeMans	1	-581.183	220.86685
LeMans	1	-581.17126	220.46655
LeMans	1	-581.156	220.06805
LeMans	1	-581.1359	219.6714
LeMans	1	-581.1081	219.27666
LeMans	1	-581.07184	218.8839
LeMans	1	-581.03125	218.49309
LeMans	1	-580.9884	218.10411
LeMans	1	-580.94446	217.71695
LeMans	1	-580.8999	217.33163
LeMans	1	-580.8549	216.9481
LeMans	1	-580.8098	216.56635
LeMans	1	-580.7644	216.18633
LeMans	1	-580.719	215.80798
LeMans	1	-580.6735	215.4309
LeMans	1	-580.6279	215.05527
LeMans	1	-580.5823	214.67912
LeMans	1	-580.5364	214.30011
LeMans	1	-580.4898	213.91731
LeMans	1	-580.4427	213.53055
LeMans	1	-580.39496	213.13983
LeMans	1	-580.3465	212.74529
LeMans	1	-580.2976	212.34686
LeMans	1	-580.2484	211.94485
LeMans	1	-580.19916	211.54042
LeMans	1	-580.15027	211.13583
LeMans	1	-580.1018	210.73273
LeMans	1	-580.05383	210.33098
LeMans	1	-580.0062	209.93031
LeMans	1	-579.9589	209.53064
LeMans	1	-579.9118	209.132
LeMans	1	-579.86487	208.73453
LeMans	1	-579.81805	208.33795
LeMans	1	-579.7715	207.9431
LeMans	1	-579.7251	207.5497
LeMans	1	-579.67896	207.15793
LeMans	1	-579.6328	206.76718
LeMans	1	-579.5864	206.37418
LeMans	1	-579.53973	205.97778
LeMans	1	-579.49255	205.57758
LeMans	1	-579.445	205.17412
LeMans	1	-579.39703	204.76715
LeMans	1	-579.3487	204.35666
LeMans	1	-579.2999	203.94287
LeMans	1	-579.2509	203.5266
LeMans	1	-579.20184	203.11021
LeMans	1	-579.1529	202.69554
LeMans	1	-579.1042	202.28233
LeMans	1	-579.0556	201.87033
LeMans	1	-579.00714	201.45947
LeMans	1	-578.9588	201.04973
LeMans	1	-578.9106	200.6412
LeMans	1	-578.8625	200.234
LeMans	1	-578.8146	199.82822
LeMans	1	-578.76685	199.42392
LeMans	1	-578.7193	199.0212
LeMans	1	-578.6719	198.62001
LeMans	1	-578.6247	198.22046
LeMans	1	-578.57764	197.82256
LeMans	1	-578.53076	197.4264
LeMans	1	-578.48413	197.03204
LeMans	1	-578.4377	196.63947
LeMans	1	-578.3915	196.24864
LeMans	1	-578.3454	195.85959
LeMans	1	-578.2996	195.47226
LeMans	1	-578.25397	195.08662
LeMans	1	-578.20856	194.70265
LeMans	1	-578.16614	194.31993
LeMans	1	-578.12946	193.93826
LeMans	1	-578.09735	193.55771
LeMans	1	-578.0688	193.17845
LeMans	1	-578.04236	192.80066
LeMans	1	-578.0165	192.42442
LeMans	1	-577.98944	192.04997
LeMans	1	-577.96027	191.67728
LeMans	1	-577.92786	191.30635
LeMans	1	-577.89166	190.93744
LeMans	1	-577.85046	190.57048
LeMans	1	-577.80316	190.20564
LeMans	1	-577.7516	189.84274
LeMans	1	-577.6974	189.48174
LeMans	1	-577.64185	189.1225
LeMans	1	-577.5853	188.76509
LeMans	1	-577.5283	188.4092
LeMans	1	-577.47064	188.05338
LeMans	1	-577.41205	187.69566
LeMans	1	-577.35254	187.33492
LeMans	1	-577.2922	186.97098
LeMans	1	-577.231	186.6042
LeMans	1	-577.1692	186.23541
LeMans	1	-577.107	185.86494
LeMans	1	-577.04456	185.49442
LeMans	1	-576.98236	185.12576
LeMans	1	-576.9203	184.75845
LeMans	1	-576.85846	184.39209
LeMans	1	-576.79694	184.02654
LeMans	1	-576.7356	183.66179
LeMans	1	-576.6746	183.298
LeMans	1	-576.6139	182.93521
LeMans	1	-576.5535	182.57361
LeMans	1	-576.49347	182.21333
LeMans	1	-576.4337	181.8543
LeMans	1	-576.3739	181.49495
LeMans	1	-576.3139	181.13353
LeMans	1	-576.25366	180.76913
LeMans	1	-576.193	180.40175
LeMans	1	-576.1321	180.03252
LeMans	1	-576.071	179.66135
LeMans	1	-576.00964	179.28809
LeMans	1	-575.94806	178.9132
LeMans	1	-575.88654	178.53923
LeMans	1	-575.8254	178.16672
LeMans	1	-575.76434	177.79521
LeMans	1	-575.7035	177.42453
LeMans	1	-575.6428	177.0547
LeMans	1	-575.5822	176.68579
LeMans	1	-575.5218	176.31795
LeMans	1	-575.46155	175.95132
LeMans	1	-575.40155	175.58601
LeMans	1	-575.3417	175.22144
LeMans	1	-575.2816	174.85562
LeMans	1	-575.22107	174.48766
LeMans	1	-575.16016	174.11714
LeMans	1	-575.09875	173.74385
LeMans	1	-575.037	173.3676
LeMans	1	-574.9746	172.98817
LeMans	1	-574.91174	172.6057
LeMans	1	-574.8485	172.22115
LeMans	1	-574.7854	171.83699
LeMans	1	-574.7225	171.45432
LeMans	1	-574.6597	171.07277
LeMans	1	-574.5971	170.69228
LeMans	1	-574.5346	170.31274
LeMans	1	-574.47235	169.93425
LeMans	1	-574.4103	169.55687
LeMans	1	-574.3483	169.18077
LeMans	1	-574.28656	168.80605
LeMans	1	-574.2253	168.43373
LeMans	1	-574.16394	168.06125
LeMans	1	-574.1022	167.68652
LeMans	1	-574.0399	167.30884
LeMans	1	-573.9771	166.92825
LeMans	1	-573.91394	166.54468
LeMans	1	-573.8502	166.15842
LeMans	1	-573.78613	165.76984
LeMans	1	-573.722	165.38123
LeMans	1	-573.65814	164.994
LeMans	1	-573.5944	164.60815
LeMans	1	-573.5309	164.22357
LeMans	1	-573.4676	163.84023
LeMans	1	-573.4044	163.45825
LeMans	1	-573.3415	163.0776
LeMans	1	-573.2789	162.69844
LeMans	1	-573.2164	162.32059
LeMans	1	-573.15424	161.9444
LeMans	1	-573.092	161.56783
LeMans	1	-573.0294	161.18913
LeMans	1	-572.9663	160.80772
LeMans	1	-572.9028	160.4233
LeMans	1	-572.8387	160.03563
LeMans	1	-572.77386	159.64459
LeMans	1	-572.7087	159.25017
LeMans	1	-572.64294	158.85246
LeMans	1	-572.5766	158.45155
LeMans	1	-572.50977	158.04762
LeMans	1	-572.44257	157.64087
LeMans	1	-572.37494	157.23213
LeMans	1	-572.30743	156.82404
LeMans	1	-572.24023	156.41763
LeMans	1	-572.1732	156.01242
LeMans	1	-572.1064	155.60835
LeMans	1	-572.0397	155.20528
LeMans	1	-571.97314	154.80331
LeMans	1	-571.9068	154.40257
LeMans	1	-571.84076	154.00316
LeMans	1	-571.77484	153.60515
LeMans	1	-571.7093	153.20866
LeMans	1	-571.644	152.81381
LeMans	1	-571.5789	152.42068
LeMans	1	-571.51416	152.02937
LeMans	1	-571.4497	151.6399
LeMans	1	-571.38556	151.25229
LeMans	1	-571.32184	150.86649
LeMans	1	-571.25745	150.4774
LeMans	1	-571.1943	150.09528
LeMans	1	-571.1313	149.71487
LeMans	1	-571.0687	149.33621
LeMans	1	-571.00635	148.95927
LeMans	1	-570.9443	148.58405
LeMans	1	-570.8824	148.21043
LeMans	1	-570.8209	147.83846
LeMans	1	-570.75964	147.4681
LeMans	1	-570.6986	147.09937
LeMans	1	-570.6379	146.73227
LeMans	1	-570.5774	146.36676
LeMans	1	-570.51715	146.00288
LeMans	1	-570.4573	145.6406
LeMans	1	-570.3975	145.27994
LeMans	1	-570.3382	144.92085
LeMans	1	-570.28217	144.56282
LeMans	1	-570.2309	144.2056
LeMans	1	-570.1837	143.84937
LeMans	1	-570.13965	143.49425
LeMans	1	-570.0973	143.14015
LeMans	1	-570.0551	142.78807
LeMans	1	-570.01184	142.43779
LeMans	1	-569.9666	142.08937
LeMans	1	-569.9188	141.74294
LeMans	1	-569.8677	141.39853
LeMans	1	-569.8122	141.05626
LeMans	1	-569.75183	140.7162
LeMans	1	-569.6884	140.37816
LeMans	1	-569.6227	140.04205
LeMans	1	-569.5558	139.70776
LeMans	1	-569.4882	139.37518
LeMans	1	-569.42035	139.04428
LeMans	1	-569.3524	138.71503
LeMans	1	-569.2843	138.38737
LeMans	1	-569.21594	138.06017
LeMans	1	-569.1469	137.73102
LeMans	1	-569.0771	137.3985
LeMans	1	-569.00653	137.06252
LeMans	1	-568.93524	136.72348
LeMans	1	-568.86334	136.38159
LeMans	1	-568.7908	136.03703
LeMans	1	-568.71796	135.69066
LeMans	1	-568.6454	135.34508
LeMans	1	-568.57324	135.0015
LeMans	1	-568.5015	134.65932
LeMans	1	-568.43005	134.31802
LeMans	1	-568.35876	133.97746
LeMans	1	-568.2878	133.63759
LeMans	1	-568.21704	133.29851
LeMans	1	-568.1466	132.96037
LeMans	1	-568.07654	132.62329
LeMans	1	-568.0068	132.28743
LeMans	1	-567.93726	131.95236
LeMans	1	-567.86774	131.61668
LeMans	1	-567.79785	131.27911
LeMans	1	-567.7275	130.93906
LeMans	1	-567.6566	130.59627
LeMans	1	-567.58514	130.2508
LeMans	1	-567.51337	129.90285
LeMans	1	-567.441	129.55244
LeMans	1	-567.3681	129.19955
LeMans	1	-567.29474	128.84462
LeMans	1	-567.22156	128.48997
LeMans	1	-567.1487	128.13716
LeMans	1	-567.0761	127.78575
LeMans	1	-567.00366	127.43522
LeMans	1	-566.93134	127.08543
LeMans	1	-566.85925	126.7364
LeMans	1	-566.78723	126.3882
LeMans	1	-566.71545	126.040985
LeMans	1	-566.6439	125.69489
LeMans	1	-566.5726	125.350044
LeMans	1	-566.5015	125.00657
LeMans	1	-566.4308	124.66462
LeMans	1	-566.36035	124.32426
LeMans	1	-566.2902	123.9855
LeMans	1	-566.2202	123.647545
LeMans	1	-566.1501	123.3086
LeMans	1	-566.07935	122.967155
LeMans	1	-566.00806	122.62271
LeMans	1	-565.9362	122.27551
LeMans	1	-565.8638	121.92587
LeMans	1	-565.7909	121.57401
LeMans	1	-565.7177	121.22069
LeMans	1	-565.64465	120.86804
LeMans	1	-565.57196	120.51747
LeMans	1	-565.4996	120.16837
LeMans	1	-565.42737	119.82028
LeMans	1	-565.35535	119.47302
LeMans	1	-565.28345	119.12659
LeMans	1	-565.2116	118.780556
LeMans	1	-565.13965	118.433815
LeMans	1	-565.06744	118.085526
LeMans	1	-564.9948	117.73542
LeMans	1	-564.9218	117.38368
LeMans	1	-564.8486	117.03059
LeMans	1	-564.77496	116.676315
LeMans	1	-564.70123	116.32095
LeMans	1	-564.62933	115.96446
LeMans	1	-564.5623	115.60697
LeMans	1	-564.49963	115.24951
LeMans	1	-564.44025	114.89296
LeMans	1	-564.38257	114.53753
LeMans	1	-564.32495	114.18336
LeMans	1	-564.26624	113.83067
LeMans	1	-564.2055	113.47957
LeMans	1	-564.1422	113.13023
LeMans	1	-564.0757	112.78279
LeMans	1	-564.0048	112.437546
LeMans	1	-563.92926	112.09469
LeMans	1	-563.85126	111.753944
LeMans	1	-563.771	111.41529
LeMans	1	-563.68976	111.07859
LeMans	1	-563.608	110.74372
LeMans	1	-563.52606	110.41066
LeMans	1	-563.44403	110.07933
LeMans	1	-563.3621	109.74969
LeMans	1	-563.2802	109.42167
LeMans	1	-563.1983	109.0947
LeMans	1	-563.11615	108.767494
LeMans	1	-563.0334	108.43852
LeMans	1	-562.95013	108.10709
LeMans	1	-562.86615	107.7733
LeMans	1	-562.7817	107.43745
LeMans	1	-562.6969	107.09977
LeMans	1	-562.612	106.76114
LeMans	1	-562.5274	106.423676
LeMans	1	-562.44336	106.0881
LeMans	1	-562.35974	105.75385
LeMans	1	-562.27637	105.420586
LeMans	1	-562.19336	105.08821
LeMans	1	-562.1107	104.75671
LeMans	1	-562.02844	104.42616
LeMans	1	-561.9465	104.09663
LeMans	1	-561.8647	103.76749
LeMans	1	-561.7827	103.43746
LeMans	1	-561.70026	103.10502
LeMans	1	-561.61707	102.76954
LeMans	1	-561.53326	102.43133
LeMans	1	-561.4489	102.09078
LeMans	1	-561.3642	101.74839
LeMans	1	-561.2794	101.405876
LeMans	1	-561.1951	101.0651
LeMans	1	-561.11127	100.7262
LeMans	1	-561.0277	100.388565
LeMans	1	-560.94434	100.05194
LeMans	1	-560.86127	99.71621
LeMans	1	-560.7784	99.38138
LeMans	1	-560.69574	99.047554
LeMans	1	-560.61334	98.71483
LeMans	1	-560.53125	98.38334
LeMans	1	-560.44946	98.05322
LeMans	1	-560.368	97.724174
LeMans	1	-560.28644	97.39486
LeMans	1	-560.2045	97.064415
LeMans	1	-560.1223	96.73279
LeMans	1	-560.0399	96.400246
LeMans	1	-559.95734	96.06697
LeMans	1	-559.87463	95.73341
LeMans	1	-559.79224	95.400955
LeMans	1	-559.7103	95.07035
LeMans	1	-559.6287	94.74126
LeMans	1	-559.5474	94.413414
LeMans	1	-559.4664	94.0867
LeMans	1	-559.38556	93.76109
LeMans	1	-559.30505	93.436646
LeMans	1	-559.22485	93.11346
LeMans	1	-559.1448	92.79106
LeMans	1	-559.0647	92.46852
LeMans	1	-558.9844	92.145424
LeMans	1	-558.90405	91.82181
LeMans	1	-558.82355	91.4978
LeMans	1	-558.74304	91.17369
LeMans	1	-558.6627	90.85038
LeMans	1	-558.58276	90.52881
LeMans	1	-558.5033	90.20885
LeMans	1	-558.4241	89.89025
LeMans	1	-558.34515	89.572914
LeMans	1	-558.26654	89.256836
LeMans	1	-558.1882	88.94179
LeMans	1	-558.1099	88.62697
LeMans	1	-558.0315	88.31169
LeMans	1	-557.95294	87.995705
LeMans	1	-557.87415	87.67908
LeMans	1	-557.79535	87.36195
LeMans	1	-557.71643	87.044586
LeMans	1	-557.6377	86.72772
LeMans	1	-557.55927	86.41241
LeMans	1	-557.4812	86.09865
LeMans	1	-557.4035	85.78619
LeMans	1	-557.3261	85.47491
LeMans	1	-557.24896	85.164795
LeMans	1	-557.172	84.85529
LeMans	1	-557.0949	84.54492
LeMans	1	-557.01794	84.23279
LeMans	1	-556.944	83.91823
LeMans	1	-556.8737	83.601524
LeMans	1	-556.8072	83.28359
LeMans	1	-556.74396	82.966385
LeMans	1	-556.68286	82.65078
LeMans	1	-556.62225	82.33674
LeMans	1	-556.5609	82.02424
LeMans	1	-556.49774	81.71334
LeMans	1	-556.432	81.40414
LeMans	1	-556.363	81.09678
LeMans	1	-556.28986	80.79153
LeMans	1	-556.21106	80.488754
LeMans	1	-556.12866	80.18821
LeMans	1	-556.04376	79.88974
LeMans	1	-555.95746	79.59315
LeMans	1	-555.8704	79.29834
LeMans	1	-555.7831	79.005264
LeMans	1	-555.6956	78.71384
LeMans	1	-555.60803	78.42376
LeMans	1	-555.5199	78.13351
LeMans	1	-555.43097	77.84164
LeMans	1	-555.34125	77.547905
LeMans	1	-555.251	77.25265
LeMans	1	-555.16016	76.95612
LeMans	1	-555.0693	76.65947
LeMans	1	-554.97894	76.36462
LeMans	1	-554.8891	76.07155
LeMans	1	-554.79974	75.779785
LeMans	1	-554.7107	75.48903
LeMans	1	-554.622	75.19918
LeMans	1	-554.5337	74.91023
LeMans	1	-554.4457	74.622
LeMans	1	-554.35754	74.333336
LeMans	1	-554.26917	74.04312
LeMans	1	-554.18024	73.75078
LeMans	1	-554.09094	73.456345
LeMans	1	-554.0012	73.16013
LeMans	1	-553.91113	72.862404
LeMans	1	-553.82086	72.56353
LeMans	1	-553.73083	72.26507
LeMans	1	-553.6413	71.96833
LeMans	1	-553.5523	71.673096
LeMans	1	-553.46344	71.378975
LeMans	1	-553.37415	71.085846
LeMans	1	-553.284	70.79407
LeMans	1	-553.1935	70.50344
LeMans	1	-553.1032	70.213745
LeMans	1	-553.0141	69.924934
LeMans	1	-552.9265	69.637
LeMans	1	-552.84033	69.350044
LeMans	1	-552.755	69.06439
LeMans	1	-552.6702	68.78015
LeMans	1	-552.58594	68.49734
LeMans	1	-552.5021	68.21603
LeMans	1	-552.4185	67.93618
LeMans	1	-552.33545	67.6578
LeMans	1	-552.25275	67.38086
LeMans	1	-552.1705	67.10536
LeMans	1	-552.08856	66.831184
LeMans	1	-552.0074	66.55839
LeMans	1	-551.9267	66.28691
LeMans	1	-551.8465	66.01677
LeMans	1	-551.76666	65.74802
LeMans	1	-551.68726	65.48058
LeMans	1	-551.608	65.2135
LeMans	1	-551.5282	64.94494
LeMans	1	-551.44775	64.67405
LeMans	1	-551.3665	64.40059
LeMans	1	-551.2846	64.12484
LeMans	1	-551.20215	63.847137
LeMans	1	-551.11926	63.56787
LeMans	1	-551.03625	63.288242
LeMans	1	-550.9538	63.01026
LeMans	1	-550.87177	62.733997
LeMans	1	-550.79016	62.458786
LeMans	1	-550.70874	62.18436
LeMans	1	-550.6271	61.910778
LeMans	1	-550.5421	61.63903
LeMans	1	-550.4533	61.36935
LeMans	1	-550.3619	61.101486
LeMans	1	-550.2694	60.835125
LeMans	1	-550.1773	60.569946
LeMans	1	-550.08673	60.30569
LeMans	1	-549.9985	60.04217
LeMans	1	-549.9132	59.779213
LeMans	1	-549.8316	59.516582
LeMans	1	-549.7551	59.25377
LeMans	1	-549.6816	58.991577
LeMans	1	-549.611	58.72997
LeMans	1	-549.5425	58.469246
LeMans	1	-549.47516	58.209408
LeMans	1	-549.40894	57.95142
LeMans	1	-549.3433	57.694927
LeMans	1	-549.2777	57.437508
LeMans	1	-549.21136	57.176674
LeMans	1	-549.1439	56.91114
LeMans	1	-549.0753	56.640816
LeMans	1	-549.0058	56.36623
LeMans	1	-548.9356	56.088047
LeMans	1	-548.8656	55.80787
LeMans	1	-548.7972	55.528187
LeMans	1	-548.73114	55.249924
LeMans	1	-548.667	54.972645
LeMans	1	-548.60364	54.696106
LeMans	1	-548.5401	54.420376
LeMans	1	-548.4757	54.14563
LeMans	1	-548.41003	53.87206
LeMans	1	-548.343	53.599854
LeMans	1	-548.27435	53.329178
LeMans	1	-548.2038	53.060272
LeMans	1	-548.132	52.793148
LeMans	1	-548.06067	52.527534
LeMans	1	-547.98883	52.26373
LeMans	1	-547.9165	52.00184
LeMans	1	-547.8444	51.741714
LeMans	1	-547.77277	51.48327
LeMans	1	-547.7016	51.226486
LeMans	1	-547.63104	50.97133
LeMans	1	-547.561	50.717773
LeMans	1	-547.49146	50.465794
LeMans	1	-547.4224	50.21534
LeMans	1	-547.35394	49.966465
LeMans	1	-547.2858	49.7191
LeMans	1	-547.218	49.472763
LeMans	1	-547.1498	49.225082
LeMans	1	-547.0808	48.974297
LeMans	1	-547.011	48.72001
LeMans	1	-546.94025	48.462597
LeMans	1	-546.86884	48.202328
LeMans	1	-546.7966	47.939316
LeMans	1	-546.72363	47.67383
LeMans	1	-546.6514	47.407696
LeMans	1	-546.584	47.142292
LeMans	1	-546.5214	46.87747
LeMans	1	-546.46265	46.612827
LeMans	1	-546.40643	46.348408
LeMans	1	-546.3511	46.084595
LeMans	1	-546.2953	45.821827
LeMans	1	-546.2379	45.560463
LeMans	1	-546.1783	45.3008
LeMans	1	-546.11566	45.043083
LeMans	1	-546.0494	44.78759
LeMans	1	-545.9779	44.534805
LeMans	1	-545.9022	44.28463
LeMans	1	-545.824	44.036777
LeMans	1	-545.7443	43.79098
LeMans	1	-545.664	43.547127
LeMans	1	-545.58344	43.305164
LeMans	1	-545.5027	43.065002
LeMans	1	-545.42206	42.82658
LeMans	1	-545.3416	42.58947
LeMans	1	-545.26056	42.351807
LeMans	1	-545.1786	42.112034
LeMans	1	-545.09564	41.869457
LeMans	1	-545.0116	41.624187
LeMans	1	-544.92676	41.37649
LeMans	1	-544.8412	41.126503
LeMans	1	-544.755	40.874565
LeMans	1	-544.6689	40.62236
LeMans	1	-544.58344	40.371853
LeMans	1	-544.49866	40.123
LeMans	1	-544.4143	39.875217
LeMans	1	-544.3303	39.62823
LeMans	1	-544.24677	39.381985
LeMans	1	-544.16345	39.13633
LeMans	1	-544.0801	38.89037
LeMans	1	-543.99646	38.64311
LeMans	1	-543.9125	38.394165
LeMans	1	-543.82806	38.143665
LeMans	1	-543.74335	37.89194
LeMans	1	-543.65857	37.639664
LeMans	1	-543.5742	37.388584
LeMans	1	-543.4906	37.139427
LeMans	1	-543.40753	36.89178
LeMans	1	-543.3248	36.645435
LeMans	1	-543.24255	36.400265
LeMans	1	-543.1607	36.156223
LeMans	1	-543.079	35.912357
LeMans	1	-542.9966	35.6667
LeMans	1	-542.9132	35.418274
LeMans	1	-542.8289	35.167137
LeMans	1	-542.7439	34.913746
LeMans	1	-542.6582	34.658398
LeMans	1	-542.57196	34.401737
LeMans	1	-542.4842	34.14591
LeMans	1	-542.3945	33.892975
LeMans	1	-542.30255	33.642597
LeMans	1	-542.2089	33.39418
LeMans	1	-542.11426	33.14722
LeMans	1	-542.0198	32.90124
LeMans	1	-541.92645	32.655876
LeMans	1	-541.83514	32.410908
LeMans	1	-541.7465	32.16619
LeMans	1	-541.6613	31.921604
LeMans	1	-541.5805	31.676857
LeMans	1	-541.5024	31.432722
LeMans	1	-541.4272	31.189247
LeMans	1	-541.35394	30.946764
LeMans	1	-541.28204	30.705584
LeMans	1	-541.2109	30.465813
LeMans	1	-541.1401	30.226511
LeMans	1	-541.06903	29.986002
LeMans	1	-540.9975	29.743269
LeMans	1	-540.9254	29.498264
LeMans	1	-540.8527	29.251257
LeMans	1	-540.7794	29.002485
LeMans	1	-540.7056	28.75237
LeMans	1	-540.63153	28.501808
LeMans	1	-540.55774	28.252464
LeMans	1	-540.4844	28.004768
LeMans	1	-540.4126	27.758043
LeMans	1	-540.34357	27.511606
LeMans	1	-540.2773	27.265398
LeMans	1	-540.2126	27.019777
LeMans	1	-540.1484	26.775166
LeMans	1	-540.0837	26.531908
LeMans	1	-540.0179	26.29029
LeMans	1	-539.95056	26.050533
LeMans	1	-539.88153	25.812841
LeMans	1	-539.8102	25.577414
LeMans	1	-539.73724	25.344057
LeMans	1	-539.664	25.112438
LeMans	1	-539.5898	24.882755
LeMans	1	-539.5152	24.654785
LeMans	1	-539.4409	24.428381
LeMans	1	-539.3671	24.20344
LeMans	1	-539.2938	23.979929
LeMans	1	-539.2211	23.757824
LeMans	1	-539.149	23.537117
LeMans	1	-539.0774	23.31778
LeMans	1	-539.0063	23.09981
LeMans	1	-538.9357	22.883204
LeMans	1	-538.86566	22.667946
LeMans	1	-538.79614	22.454031
LeMans	1	-538.7269	22.24093
LeMans	1	-538.65717	22.026611
LeMans	1	-538.5866	21.809223
LeMans	1	-538.5151	21.588314
LeMans	1	-538.4425	21.364147
LeMans	1	-538.36896	21.137007
LeMans	1	-538.2945	20.906984
LeMans	1	-538.2191	20.674046
LeMans	1	-538.1427	20.438099
LeMans	1	-538.0653	20.199068
LeMans	1	-537.987	19.957106
LeMans	1	-537.9082	19.713634
LeMans	1	-537.82947	19.470728
LeMans	1	-537.7513	19.229195
LeMans	1	-537.6733	18.98846
LeMans	1	-537.5955	18.748302
LeMans	1	-537.5179	18.508749
LeMans	1	-537.4404	18.269896
LeMans	1	-537.3633	18.031807
LeMans	1	-537.2865	17.794582
LeMans	1	-537.21313	17.55739
LeMans	1	-537.1449	17.319838
LeMans	1	-537.0809	17.0824
LeMans	1	-537.0192	16.845772
LeMans	1	-536.95844	16.610561
LeMans	1	-536.89734	16.377232
LeMans	1	-536.83496	16.146086
LeMans	1	-536.7706	15.917323
LeMans	1	-536.70355	15.691093
LeMans	1	-536.6326	15.467714
LeMans	1	-536.55774	15.247158
LeMans	1	-536.4798	15.029156
LeMans	1	-536.4002	14.813261
LeMans	1	-536.3199	14.599199
LeMans	1	-536.23926	14.386807
LeMans	1	-536.1586	14.175976
LeMans	1	-536.07825	13.9666195
LeMans	1	-535.9982	13.758754
LeMans	1	-535.9186	13.552308
LeMans	1	-535.8393	13.347253
LeMans	1	-535.7603	13.143101
LeMans	1	-535.68097	12.938215
LeMans	1	-535.60095	12.731521
LeMans	1	-535.5202	12.522628
LeMans	1	-535.4389	12.311641
LeMans	1	-535.35693	12.098772
LeMans	1	-535.2744	11.884156
LeMans	1	-535.19147	11.667948
LeMans	1	-535.10846	11.451174
LeMans	1	-535.02606	11.235593
LeMans	1	-534.9443	11.021549
LeMans	1	-534.86304	10.808537
LeMans	1	-534.78217	10.596302
LeMans	1	-534.70166	10.384769
LeMans	1	-534.62134	10.173589
LeMans	1	-534.5407	9.961469
LeMans	1	-534.4591	9.746633
LeMans	1	-534.3762	9.528231
LeMans	1	-534.292	9.306457
LeMans	1	-534.20685	9.081841
LeMans	1	-534.12067	8.854605
LeMans	1	-534.03357	8.62476
LeMans	1	-533.94543	8.392224
LeMans	1	-533.85626	8.156978
LeMans	1	-533.7662	7.9194713
LeMans	1	-533.67633	7.6822166
LeMans	1	-533.5869	7.446424
LeMans	1	-533.498	7.2117777
LeMans	1	-533.40924	6.977827
LeMans	1	-533.3207	6.7444806
LeMans	1	-533.2324	6.5118103
LeMans	1	-533.1445	6.279873
LeMans	1	-533.0567	6.048778
LeMans	1	-532.96936	5.8184648
LeMans	1	-532.88184	5.587857
LeMans	1	-532.79364	5.3554773
LeMans	1	-532.70435	5.120183
LeMans	1	-532.6138	4.881858
LeMans	1	-532.5223	4.640904
LeMans	1	-532.42993	4.397594
LeMans	1	-532.3367	4.1521735
LeMans	1	-532.243	3.9055188
LeMans	1	-532.14966	3.6595776
LeMans	1	-532.05695	3.4155517
LeMans	1	-531.9648	3.1729555
LeMans	1	-531.873	2.9313595
LeMans	1	-531.7815	2.6906042
LeMans	1	-531.69025	2.4506705
LeMans	1	-531.5993	2.2116163
LeMans	1	-531.5087	1.9733486
LeMans	1	-531.418	1.7347075
LeMans	1	-531.3266	1.49413
LeMans	1	-531.2341	1.2506928
LeMans	1	-531.14044	1.0042905
LeMans	1	-531.0458	0.7553322
LeMans	1	-530.95013	0.50405645
LeMans	1	-530.8537	0.25048542
LeMans	1	-530.75635	-0.0054170894
LeMans	1	-530.6581	-0.263777
LeMans	1	-530.5588	-0.5246941
LeMans	1	-530.4585	-0.78824514
LeMans	1	-530.35724	-1.0545155
LeMans	1	-530.2549	-1.3235958
LeMans	1	-530.15137	-1.5956323
LeMans	1	-530.0467	-1.870739
LeMans	1	-529.94086	-2.1489985
LeMans	1	-529.8338	-2.4304616
LeMans	1	-529.7256	-2.7150803
LeMans	1	-529.6162	-3.0025418
LeMans	1	-529.50616	-3.2917461
LeMans	1	-529.39636	-3.5803583
LeMans	1	-529.28705	-3.8675041
LeMans	1	-529.17816	-4.1534667
LeMans	1	-529.06964	-4.4384155
LeMans	1	-528.9615	-4.7223587
LeMans	1	-528.8538	-5.005225
LeMans	1	-528.7465	-5.2869487
LeMans	1	-528.63965	-5.5674744
LeMans	1	-528.5333	-5.846646
LeMans	1	-528.42755	-6.1243634
LeMans	1	-528.3223	-6.400565
LeMans	1	-528.2178	-6.6751575
LeMans	1	-528.1137	-6.948395
LeMans	1	-528.00946	-7.222158
LeMans	1	-527.90424	-7.498546
LeMans	1	-527.7977	-7.7782297
LeMans	1	-527.69006	-8.061002
LeMans	1	-527.5814	-8.346595
LeMans	1	-527.4717	-8.63487
LeMans	1	-527.3608	-8.926185
LeMans	1	-527.249	-9.219876
LeMans	1	-527.1363	-9.516105
LeMans	1	-527.0228	-9.814494
LeMans	1	-526.9088	-10.114013
LeMans	1	-526.79474	-10.41394
LeMans	1	-526.68085	-10.71352
LeMans	1	-526.5672	-11.012169
LeMans	1	-526.454	-11.309916
LeMans	1	-526.34106	-11.606839
LeMans	1	-526.22845	-11.902658
LeMans	1	-526.1162	-12.197444
LeMans	1	-526.0044	-12.491184
LeMans	1	-525.8926	-12.784709
LeMans	1	-525.78033	-13.079716
LeMans	1	-525.669	-13.377909
LeMans	1	-525.5608	-13.680154
LeMans	1	-525.45557	-13.985872
LeMans	1	-525.35345	-14.2942
LeMans	1	-525.25433	-14.603347
LeMans	1	-525.1579	-14.911287
LeMans	1	-525.06256	-15.217247
LeMans	1	-524.96686	-15.521184
LeMans	1	-524.8696	-15.823024
LeMans	1	-524.7699	-16.122623
LeMans	1	-524.667	-16.419819
LeMans	1	-524.5601	-16.714312
LeMans	1	-524.44763	-17.005497
LeMans	1	-524.32935	-17.293163
LeMans	1	-524.208	-17.578
LeMans	1	-524.08514	-17.860409
LeMans	1	-523.9616	-18.140577
LeMans	1	-523.8377	-18.41859
LeMans	1	-523.7137	-18.69452
LeMans	1	-523.5898	-18.968441
LeMans	1	-523.46606	-19.240417
LeMans	1	-523.3426	-19.510513
LeMans	1	-523.2194	-19.778782
LeMans	1	-523.09674	-20.045282
LeMans	1	-522.9746	-20.310064
LeMans	1	-522.85297	-20.573181
LeMans	1	-522.73193	-20.834677
LeMans	1	-522.6116	-21.094595
LeMans	1	-522.49176	-21.352978
LeMans	1	-522.37274	-21.609844
LeMans	1	-522.25446	-21.865225
LeMans	1	-522.13654	-22.118961
LeMans	1	-522.0173	-22.370348
LeMans	1	-521.8957	-22.618813
LeMans	1	-521.77167	-22.864283
LeMans	1	-521.6457	-23.107012
LeMans	1	-521.519	-23.347538
LeMans	1	-521.39264	-23.5865
LeMans	1	-521.2678	-23.82441
LeMans	1	-521.1453	-24.061691
LeMans	1	-521.0258	-24.298683
LeMans	1	-520.9097	-24.535664
LeMans	1	-520.7974	-24.772867
LeMans	1	-520.6897	-25.010683
LeMans	1	-520.5868	-25.249304
LeMans	1	-520.488	-25.488207
LeMans	1	-520.39185	-25.726765
LeMans	1	-520.29767	-25.964453
LeMans	1	-520.2049	-26.201012
LeMans	1	-520.1131	-26.436289
LeMans	1	-520.0223	-26.670183
LeMans	1	-519.9323	-26.902657
LeMans	1	-519.843	-27.133696
LeMans	1	-519.75446	-27.363268
LeMans	1	-519.66656	-27.59138
LeMans	1	-519.5793	-27.818016
LeMans	1	-519.49255	-28.0432
LeMans	1	-519.4062	-28.26786
LeMans	1	-519.31946	-28.493927
LeMans	1	-519.23114	-28.72285
LeMans	1	-519.1414	-28.954918
LeMans	1	-519.0504	-29.189726
LeMans	1	-518.95825	-29.427137
LeMans	1	-518.8651	-29.666994
LeMans	1	-518.7714	-29.908562
LeMans	1	-518.67944	-30.150629
LeMans	1	-518.5906	-30.392225
LeMans	1	-518.5049	-30.633345
LeMans	1	-518.42224	-30.87446
LeMans	1	-518.342	-31.115507
LeMans	1	-518.2628	-31.356024
LeMans	1	-518.1834	-31.595512
LeMans	1	-518.10297	-31.833517
LeMans	1	-518.02075	-32.069675
LeMans	1	-517.93634	-32.30372
LeMans	1	-517.84906	-32.535336
LeMans	1	-517.758	-32.76404
LeMans	1	-517.66394	-32.99004
LeMans	1	-517.5674	-33.213467
LeMans	1	-517.4697	-33.434753
LeMans	1	-517.37164	-33.654137
LeMans	1	-517.2737	-33.87176
LeMans	1	-517.1759	-34.087723
LeMans	1	-517.07855	-34.302105
LeMans	1	-516.9817	-34.514957
LeMans	1	-516.88544	-34.72632
LeMans	1	-516.7895	-34.936592
LeMans	1	-516.69305	-35.14796
LeMans	1	-516.5954	-35.361946
LeMans	1	-516.4967	-35.57896
LeMans	1	-516.3969	-35.798656
LeMans	1	-516.296	-36.02078
LeMans	1	-516.1942	-36.24527
LeMans	1	-516.0914	-36.47209
LeMans	1	-515.9879	-36.70091
LeMans	1	-515.88416	-36.93071
LeMans	1	-515.78064	-37.16026
LeMans	1	-515.6777	-37.38874
LeMans	1	-515.5752	-37.616154
LeMans	1	-515.47327	-37.84278
LeMans	1	-515.37164	-38.06871
LeMans	1	-515.2704	-38.293915
LeMans	1	-515.16956	-38.518333
LeMans	1	-515.06915	-38.741833
LeMans	1	-514.9692	-38.964302
LeMans	1	-514.8697	-39.185886
LeMans	1	-514.7701	-39.40777
LeMans	1	-514.66986	-39.630962
LeMans	1	-514.5689	-39.855923
LeMans	1	-514.46716	-40.08256
LeMans	1	-514.3648	-40.310677
LeMans	1	-514.2618	-40.540195
LeMans	1	-514.15814	-40.77108
LeMans	1	-514.0539	-41.003384
LeMans	1	-513.94904	-41.23701
LeMans	1	-513.84393	-41.471268
LeMans	1	-513.7392	-41.704624
LeMans	1	-513.63513	-41.93649
LeMans	1	-513.5315	-42.167244
LeMans	1	-513.4283	-42.397102
LeMans	1	-513.32544	-42.626137
LeMans	1	-513.223	-42.85427
LeMans	1	-513.121	-43.081444
LeMans	1	-513.01935	-43.307583
LeMans	1	-512.9181	-43.533066
LeMans	1	-512.81647	-43.75916
LeMans	1	-512.71423	-43.98684
LeMans	1	-512.61115	-44.2163
LeMans	1	-512.5072	-44.44739
LeMans	1	-512.4028	-44.679913
LeMans	1	-512.29755	-44.91379
LeMans	1	-512.19183	-45.149105
LeMans	1	-512.0854	-45.385796
LeMans	1	-511.97842	-45.62366
LeMans	1	-511.87115	-45.862156
LeMans	1	-511.7641	-46.100376
LeMans	1	-511.65744	-46.337425
LeMans	1	-511.55127	-46.573296
LeMans	1	-511.44553	-46.808212
LeMans	1	-511.34018	-47.042206
LeMans	1	-511.23526	-47.27526
LeMans	1	-511.1308	-47.50733
LeMans	1	-511.02673	-47.738335
LeMans	1	-510.9232	-47.968155
LeMans	1	-510.8203	-48.196693
LeMans	1	-510.718	-48.42387
LeMans	1	-510.6163	-48.649616
LeMans	1	-510.5153	-48.87386
LeMans	1	-510.4149	-49.096626
LeMans	1	-510.3153	-49.317986
LeMans	1	-510.21924	-49.53917
LeMans	1	-510.12827	-49.760853
LeMans	1	-510.04163	-49.982754
LeMans	1	-509.9585	-50.204456
LeMans	1	-509.8777	-50.425407
LeMans	1	-509.79764	-50.644974
LeMans	1	-509.71735	-50.86276
LeMans	1	-509.63577	-51.078396
LeMans	1	-509.55212	-51.291565
LeMans	1	-509.4657	-51.502026
LeMans	1	-509.37537	-51.709408
LeMans	1	-509.27966	-51.913124
LeMans	1	-509.18024	-52.113773
LeMans	1	-509.07874	-52.312073
LeMans	1	-508.9762	-52.50841
LeMans	1	-508.87326	-52.70299
LeMans	1	-508.77014	-52.895947
LeMans	1	-508.66714	-53.087353
LeMans	1	-508.56445	-53.277264
LeMans	1	-508.4622	-53.46576
LeMans	1	-508.36035	-53.652992
LeMans	1	-508.25815	-53.84029
LeMans	1	-508.15488	-54.02935
LeMans	1	-508.05017	-54.221024
LeMans	1	-507.9442	-54.415257
LeMans	1	-507.83713	-54.611713
LeMans	1	-507.7291	-54.810154
LeMans	1	-507.62094	-55.010292
LeMans	1	-507.5167	-55.21206
LeMans	1	-507.41818	-55.41451
LeMans	1	-507.3241	-55.617558
LeMans	1	-507.2334	-55.821175
LeMans	1	-507.1447	-56.024918
LeMans	1	-507.05667	-56.228073
LeMans	1	-506.968	-56.429993
LeMans	1	-506.8777	-56.63011
LeMans	1	-506.78494	-56.827923
LeMans	1	-506.68884	-57.022827
LeMans	1	-506.58762	-57.213936
LeMans	1	-506.4808	-57.40086
LeMans	1	-506.371	-57.58475
LeMans	1	-506.25967	-57.766243
LeMans	1	-506.1475	-57.945602
LeMans	1	-506.0349	-58.123013
LeMans	1	-505.92224	-58.29869
LeMans	1	-505.80933	-58.473934
LeMans	1	-505.69495	-58.65046
LeMans	1	-505.57855	-58.82895
LeMans	1	-505.46017	-59.009506
LeMans	1	-505.34012	-59.191986
LeMans	1	-505.21854	-59.376377
LeMans	1	-505.09558	-59.56269
LeMans	1	-504.97144	-59.75078
LeMans	1	-504.8475	-59.938984
LeMans	1	-504.7246	-60.125534
LeMans	1	-504.6026	-60.310783
LeMans	1	-504.4813	-60.49533
LeMans	1	-504.3604	-60.679348
LeMans	1	-504.24	-60.862885
LeMans	1	-504.12	-61.04587
LeMans	1	-504.00037	-61.228367
LeMans	1	-503.8806	-61.41124
LeMans	1	-503.76025	-61.59534
LeMans	1	-503.63904	-61.781166
LeMans	1	-503.5169	-61.96889
LeMans	1	-503.39386	-62.15842
LeMans	1	-503.2699	-62.34962
LeMans	1	-503.14508	-62.542446
LeMans	1	-503.01932	-62.736855
LeMans	1	-502.89267	-62.9328
LeMans	1	-502.7655	-63.12971
LeMans	1	-502.63898	-63.325737
LeMans	1	-502.51343	-63.520298
LeMans	1	-502.38852	-63.713856
LeMans	1	-502.26404	-63.906662
LeMans	1	-502.14	-64.098785
LeMans	1	-502.01648	-64.290215
LeMans	1	-501.8934	-64.48087
LeMans	1	-501.77078	-64.670845
LeMans	1	-501.648	-64.86106
LeMans	1	-501.5244	-65.05244
LeMans	1	-501.4	-65.245255
LeMans	1	-501.27463	-65.43932
LeMans	1	-501.14862	-65.63438
LeMans	1	-501.0222	-65.83013
LeMans	1	-500.89615	-66.02534
LeMans	1	-500.77124	-66.2188
LeMans	1	-500.64722	-66.41087
LeMans	1	-500.5239	-66.601845
LeMans	1	-500.40115	-66.791885
LeMans	1	-500.27902	-66.98106
LeMans	1	-500.15738	-67.16933
LeMans	1	-500.03635	-67.35666
LeMans	1	-499.91553	-67.54369
LeMans	1	-499.7938	-67.73213
LeMans	1	-499.6704	-67.92323
LeMans	1	-499.5466	-68.11782
LeMans	1	-499.4249	-68.31685
LeMans	1	-499.30533	-68.51995
LeMans	1	-499.18835	-68.72641
LeMans	1	-499.07452	-68.9342
LeMans	1	-498.9632	-69.14115
LeMans	1	-498.85284	-69.34659
LeMans	1	-498.74207	-69.55027
LeMans	1	-498.62973	-69.7519
LeMans	1	-498.51498	-69.95109
LeMans	1	-498.39713	-70.14751
LeMans	1	-498.27515	-70.34045
LeMans	1	-498.1474	-70.52892
LeMans	1	-498.01627	-70.71401
LeMans	1	-497.88342	-70.89662
LeMans	1	-497.74976	-71.07708
LeMans	1	-497.61578	-71.255615
LeMans	1	-497.48187	-71.432335
LeMans	1	-497.34824	-71.60735
LeMans	1	-497.21503	-71.78076
LeMans	1	-497.0825	-71.95265
LeMans	1	-496.95056	-72.12315
LeMans	1	-496.81873	-72.29309
LeMans	1	-496.68604	-72.4637
LeMans	1	-496.55212	-72.6357
LeMans	1	-496.41666	-72.80969
LeMans	1	-496.2794	-72.98592
LeMans	1	-496.14056	-73.164406
LeMans	1	-496.00015	-73.34503
LeMans	1	-495.85815	-73.52782
LeMans	1	-495.71484	-73.71263
LeMans	1	-495.57162	-73.89768
LeMans	1	-495.42984	-74.08098
LeMans	1	-495.28897	-74.2632
LeMans	1	-495.14877	-74.44482
LeMans	1	-495.009	-74.62601
LeMans	1	-494.86975	-74.80679
LeMans	1	-494.73105	-74.98712
LeMans	1	-494.59293	-75.1669
LeMans	1	-494.4555	-75.34599
LeMans	1	-494.31882	-75.52429
LeMans	1	-494.18298	-75.70169
LeMans	1	-494.048	-75.8781
LeMans	1	-493.91397	-76.0534
LeMans	1	-493.7809	-76.227516
LeMans	1	-493.64886	-76.40042
LeMans	1	-493.51776	-76.57209
LeMans	1	-493.3876	-76.742546
LeMans	1	-493.25842	-76.911766
LeMans	1	-493.1302	-77.07978
LeMans	1	-493.0028	-77.24662
LeMans	1	-492.87634	-77.4123
LeMans	1	-492.75073	-77.57686
LeMans	1	-492.62527	-77.74118
LeMans	1	-492.4984	-77.9074
LeMans	1	-492.3692	-78.07657
LeMans	1	-492.23785	-78.24858
LeMans	1	-492.10455	-78.423134
LeMans	1	-491.9694	-78.60005
LeMans	1	-491.83276	-78.77901
LeMans	1	-491.6956	-78.95879
LeMans	1	-491.56046	-79.13855
LeMans	1	-491.43045	-79.319786
LeMans	1	-491.30463	-79.50267
LeMans	1	-491.18207	-79.68703
LeMans	1	-491.062	-79.87238
LeMans	1	-490.9433	-80.05785
LeMans	1	-490.82495	-80.24253
LeMans	1	-490.706	-80.42564
LeMans	1	-490.58566	-80.606514
LeMans	1	-490.46326	-80.78457
LeMans	1	-490.33826	-80.959335
LeMans	1	-490.20953	-81.12991
LeMans	1	-490.0758	-81.29532
LeMans	1	-489.93924	-81.456924
LeMans	1	-489.80148	-81.61581
LeMans	1	-489.66312	-81.77243
LeMans	1	-489.5247	-81.92707
LeMans	1	-489.38638	-82.07993
LeMans	1	-489.2485	-82.23118
LeMans	1	-489.1112	-82.38093
LeMans	1	-488.9746	-82.529305
LeMans	1	-488.83893	-82.67637
LeMans	1	-488.70404	-82.82214
LeMans	1	-488.57007	-82.96672
LeMans	1	-488.43695	-83.11014
LeMans	1	-488.30472	-83.25248
LeMans	1	-488.1734	-83.393776
LeMans	1	-488.04303	-83.53408
LeMans	1	-487.91357	-83.67345
LeMans	1	-487.7851	-83.81189
LeMans	1	-487.6576	-83.94948
LeMans	1	-487.53104	-84.08618
LeMans	1	-487.4055	-84.22206
LeMans	1	-487.28088	-84.3571
LeMans	1	-487.15726	-84.49131
LeMans	1	-487.03464	-84.62468
LeMans	1	-486.91296	-84.7572
LeMans	1	-486.79218	-84.888916
LeMans	1	-486.6723	-85.019844
LeMans	1	-486.5521	-85.15115
LeMans	1	-486.43033	-85.284386
LeMans	1	-486.30667	-85.420135
LeMans	1	-486.18137	-85.558136
LeMans	1	-486.05444	-85.698074
LeMans	1	-485.92593	-85.83979
LeMans	1	-485.796	-85.98301
LeMans	1	-485.66553	-86.12678
LeMans	1	-485.5363	-86.26915
LeMans	1	-485.40814	-86.41027
LeMans	1	-485.28088	-86.550896
LeMans	1	-485.15625	-86.69304
LeMans	1	-485.03552	-86.838066
LeMans	1	-484.91827	-86.985405
LeMans	1	-484.80377	-87.13433
LeMans	1	-484.69125	-87.283966
LeMans	1	-484.57986	-87.43322
LeMans	1	-484.46866	-87.58118
LeMans	1	-484.35693	-87.727165
LeMans	1	-484.24402	-87.87043
LeMans	1	-484.1292	-88.01033
LeMans	1	-484.01157	-88.1461
LeMans	1	-483.88928	-88.27634
LeMans	1	-483.76343	-88.401825
LeMans	1	-483.63608	-88.52435
LeMans	1	-483.5081	-88.64451
LeMans	1	-483.3799	-88.762794
LeMans	1	-483.25183	-88.87945
LeMans	1	-483.12402	-88.99468
LeMans	1	-482.99667	-89.10862
LeMans	1	-482.87	-89.2214
LeMans	1	-482.74417	-89.33312
LeMans	1	-482.6192	-89.44383
LeMans	1	-482.49515	-89.553604
LeMans	1	-482.3721	-89.66245
LeMans	1	-482.24994	-89.77042
LeMans	1	-482.1287	-89.87762
LeMans	1	-482.00775	-89.984535
LeMans	1	-481.8863	-90.092
LeMans	1	-481.7639	-90.20051
LeMans	1	-481.64056	-90.3103
LeMans	1	-481.51645	-90.42122
LeMans	1	-481.39163	-90.53315
LeMans	1	-481.2662	-90.646034
LeMans	1	-481.14062	-90.75952
LeMans	1	-481.016	-90.87239
LeMans	1	-480.89252	-90.98427
LeMans	1	-480.76987	-91.0955
LeMans	1	-480.64783	-91.20623
LeMans	1	-480.52548	-91.315674
LeMans	1	-480.40167	-91.42238
LeMans	1	-480.27597	-91.52586
LeMans	1	-480.1488	-91.62634
LeMans	1	-480.0208	-91.72437
LeMans	1	-479.89294	-91.82088
LeMans	1	-479.7661	-91.916756
LeMans	1	-479.64093	-92.01271
LeMans	1	-479.5178	-92.109344
LeMans	1	-479.39725	-92.20729
LeMans	1	-479.2799	-92.30731
LeMans	1	-479.1666	-92.410576
LeMans	1	-479.05777	-92.51749
LeMans	1	-478.9518	-92.6261
LeMans	1	-478.84772	-92.73528
LeMans	1	-478.74512	-92.84459
LeMans	1	-478.64374	-92.953545
LeMans	1	-478.54333	-93.062
LeMans	1	-478.44327	-93.17011
LeMans	1	-478.34268	-93.278786
LeMans	1	-478.24124	-93.38854
LeMans	1	-478.13904	-93.499176
LeMans	1	-478.0363	-93.61049
LeMans	1	-477.9328	-93.72233
LeMans	1	-477.82886	-93.83442
LeMans	1	-477.72552	-93.94553
LeMans	1	-477.62323	-94.05539
LeMans	1	-477.5218	-94.16438
LeMans	1	-477.42188	-94.27369
LeMans	1	-477.3244	-94.38442
LeMans	1	-477.22958	-94.49674
LeMans	1	-477.13715	-94.61042
LeMans	1	-477.04675	-94.72492
LeMans	1	-476.95767	-94.83946
LeMans	1	-476.8693	-94.95316
LeMans	1	-476.78076	-95.06531
LeMans	1	-476.69183	-95.175446
LeMans	1	-476.60187	-95.28321
LeMans	1	-476.51062	-95.38829
LeMans	1	-476.41754	-95.49033
LeMans	1	-476.32138	-95.58835
LeMans	1	-476.223	-95.68291
LeMans	1	-476.12393	-95.77551
LeMans	1	-476.02502	-95.866714
LeMans	1	-475.92664	-95.95689
LeMans	1	-475.82877	-96.04655
LeMans	1	-475.73056	-96.13666
LeMans	1	-475.6314	-96.227585
LeMans	1	-475.53104	-96.31923
LeMans	1	-475.43	-96.41145
LeMans	1	-475.3284	-96.50412
LeMans	1	-475.22693	-96.59672
LeMans	1	-475.12662	-96.68832
LeMans	1	-475.02737	-96.77895
LeMans	1	-474.9288	-96.868774
LeMans	1	-474.8309	-96.95792
LeMans	1	-474.7334	-97.0464
LeMans	1	-474.63638	-97.13425
LeMans	1	-474.53995	-97.2214
LeMans	1	-474.44385	-97.30805
LeMans	1	-474.34686	-97.39532
LeMans	1	-474.2484	-97.4839
LeMans	1	-474.14847	-97.57404
LeMans	1	-474.04706	-97.66567
LeMans	1	-473.94412	-97.7588
LeMans	1	-473.83978	-97.85334
LeMans	1	-473.734	-97.9493
LeMans	1	-473.62674	-98.04661
LeMans	1	-473.51843	-98.145
LeMans	1	-473.41006	-98.243515
LeMans	1	-473.30212	-98.34257
LeMans	1	-473.19186	-98.44839
LeMans	1	-473.08572	-98.55543
LeMans	1	-472.98453	-98.661354
LeMans	1	-472.87656	-98.77711
LeMans	1	-472.77853	-98.88242
LeMans	1	-472.67358	-98.9937
LeMans	1	-472.57047	-99.10033
LeMans	1	-472.4681	-99.2025
LeMans	1	-472.35736	-99.308044
LeMans	1	-472.252	-99.40183
LeMans	1	-472.1415	-99.49334
LeMans	1	-472.0278	-99.58437
LeMans	1	-471.91495	-99.67365
LeMans	1	-471.7982	-99.7656
LeMans	1	-471.68417	-99.85451
LeMans	1	-471.5646	-99.946724
LeMans	1	-471.44467	-100.03856
LeMans	1	-471.31857	-100.13478
LeMans	1	-471.19562	-100.228516
LeMans	1	-471.06296	-100.32967
LeMans	1	-470.9369	-100.42616
LeMans	1	-470.80518	-100.52735
LeMans	1	-470.6781	-100.62518
LeMans	1	-470.5537	-100.72115
LeMans	1	-470.42578	-100.819984
LeMans	1	-470.30316	-100.914734
LeMans	1	-470.17642	-101.012436
LeMans	1	-470.0501	-101.10976
LeMans	1	-469.92767	-101.20417
LeMans	1	-469.80307	-101.30055
LeMans	1	-469.6762	-101.399284
LeMans	1	-469.54742	-101.49994
LeMans	1	-469.41675	-101.6022
LeMans	1	-469.2842	-101.705986
LeMans	1	-469.14978	-101.81133
LeMans	1	-469.01346	-101.91822
LeMans	1	-468.87555	-102.02642
LeMans	1	-468.73688	-102.13524
LeMans	1	-468.59793	-102.24421
LeMans	1	-468.45844	-102.3535
LeMans	1	-468.31815	-102.46335
LeMans	1	-468.17697	-102.57384
LeMans	1	-468.03488	-102.68507
LeMans	1	-467.8911	-102.797585
LeMans	1	-467.74475	-102.912125
LeMans	1	-467.59534	-103.02904
LeMans	1	-467.44284	-103.148285
LeMans	1	-467.28757	-103.26971
LeMans	1	-467.12973	-103.39315
LeMans	1	-466.9693	-103.51861
LeMans	1	-466.80627	-103.64613
LeMans	1	-466.64056	-103.77573
LeMans	1	-466.4721	-103.907486
LeMans	1	-466.30093	-104.04134
LeMans	1	-466.12793	-104.1767
LeMans	1	-465.95526	-104.31177
LeMans	1	-465.78357	-104.44598
LeMans	1	-465.6124	-104.57978
LeMans	1	-465.4417	-104.71325
LeMans	1	-465.27142	-104.84638
LeMans	1	-465.10162	-104.97915
LeMans	1	-464.93228	-105.111465
LeMans	1	-464.76358	-105.24328
LeMans	1	-464.5956	-105.37451
LeMans	1	-464.4285	-105.50509
LeMans	1	-464.26233	-105.6349
LeMans	1	-464.0971	-105.76392
LeMans	1	-463.93295	-105.892075
LeMans	1	-463.76996	-106.01932
LeMans	1	-463.60825	-106.145584
LeMans	1	-463.44775	-106.27087
LeMans	1	-463.28854	-106.395164
LeMans	1	-463.1305	-106.518486
LeMans	1	-462.97366	-106.64084
LeMans	1	-462.81796	-106.76226
LeMans	1	-462.66324	-106.88296
LeMans	1	-462.50803	-107.00403
LeMans	1	-462.35132	-107.12633
LeMans	1	-462.19272	-107.25009
LeMans	1	-462.03293	-107.37481
LeMans	1	-461.87186	-107.50046
LeMans	1	-461.71	-107.626755
LeMans	1	-461.54822	-107.75294
LeMans	1	-461.3879	-107.878044
LeMans	1	-461.22867	-108.0022
LeMans	1	-461.07025	-108.1257
LeMans	1	-460.9135	-108.24997
LeMans	1	-460.75992	-108.37703
LeMans	1	-460.6094	-108.50664
LeMans	1	-460.4615	-108.63809
LeMans	1	-460.31558	-108.77045
LeMans	1	-460.1708	-108.90259
LeMans	1	-460.0267	-109.03336
LeMans	1	-459.88254	-109.162094
LeMans	1	-459.73785	-109.288086
LeMans	1	-459.5921	-109.41073
LeMans	1	-459.44452	-109.529144
LeMans	1	-459.2943	-109.64238
LeMans	1	-459.14243	-109.75159
LeMans	1	-458.98996	-109.85803
LeMans	1	-458.8375	-109.962456
LeMans	1	-458.6853	-110.06526
LeMans	1	-458.53363	-110.16672
LeMans	1	-458.3827	-110.26702
LeMans	1	-458.2326	-110.36632
LeMans	1	-458.0832	-110.464966
LeMans	1	-457.93335	-110.563835
LeMans	1	-457.78168	-110.663795
LeMans	1	-457.6276	-110.76547
LeMans	1	-457.47098	-110.86898
LeMans	1	-457.312	-110.97419
LeMans	1	-457.15088	-111.08102
LeMans	1	-456.98758	-111.18947
LeMans	1	-456.82193	-111.299614
LeMans	1	-456.65393	-111.41153
LeMans	1	-456.48343	-111.52529
LeMans	1	-456.31042	-111.64091
LeMans	1	-456.13483	-111.75841
LeMans	1	-455.95654	-111.87783
LeMans	1	-455.77545	-111.99928
LeMans	1	-455.59143	-112.12285
LeMans	1	-455.40433	-112.24858
LeMans	1	-455.21405	-112.37653
LeMans	1	-455.02063	-112.50668
LeMans	1	-454.82407	-112.63904
LeMans	1	-454.62436	-112.773834
LeMans	1	-454.42203	-112.911514
LeMans	1	-454.2182	-113.05397
LeMans	1	-454.01303	-113.2012
LeMans	1	-453.80612	-113.352646
LeMans	1	-453.597	-113.507515
LeMans	1	-453.38507	-113.66492
LeMans	1	-453.16977	-113.82395
LeMans	1	-452.95047	-113.98383
LeMans	1	-452.7266	-114.1438
LeMans	1	-452.49744	-114.30282
LeMans	1	-452.26263	-114.460464
LeMans	1	-452.02267	-114.617516
LeMans	1	-451.77847	-114.77502
LeMans	1	-451.5303	-114.93359
LeMans	1	-451.27853	-115.09371
LeMans	1	-451.02338	-115.25569
LeMans	1	-450.76486	-115.41971
LeMans	1	-450.50305	-115.585815
LeMans	1	-450.23788	-115.75408
LeMans	1	-449.96945	-115.92448
LeMans	1	-449.69763	-116.09703
LeMans	1	-449.4225	-116.271736
LeMans	1	-449.14398	-116.44865
LeMans	1	-448.8621	-116.62773
LeMans	1	-448.57675	-116.80905
LeMans	1	-448.28796	-116.99261
LeMans	1	-447.99573	-117.17844
LeMans	1	-447.69998	-117.3666
LeMans	1	-447.40082	-117.55706
LeMans	1	-447.09808	-117.74983
LeMans	1	-446.79248	-117.94595
LeMans	1	-446.48483	-118.14681
LeMans	1	-446.1762	-118.35397
LeMans	1	-445.8662	-118.5669
LeMans	1	-445.55432	-118.78521
LeMans	1	-445.2401	-119.008095
LeMans	1	-444.92285	-119.23436
LeMans	1	-444.60178	-119.46287
LeMans	1	-444.27612	-119.69252
LeMans	1	-443.94522	-119.922295
LeMans	1	-443.60815	-120.15095
LeMans	1	-443.26358	-120.376366
LeMans	1	-442.91147	-120.598305
LeMans	1	-442.55212	-120.81698
LeMans	1	-442.18658	-121.0337
LeMans	1	-441.81625	-121.25085
LeMans	1	-441.4417	-121.4695
LeMans	1	-441.0635	-121.68989
LeMans	1	-440.68207	-121.91211
LeMans	1	-440.29745	-122.13631
LeMans	1	-439.90973	-122.36264
LeMans	1	-439.51883	-122.59125
LeMans	1	-439.12466	-122.82216
LeMans	1	-438.7272	-123.05536
LeMans	1	-438.32632	-123.29082
LeMans	1	-437.922	-123.5285
LeMans	1	-437.51413	-123.76842
LeMans	1	-437.10284	-124.010544
LeMans	1	-436.68805	-124.2549
LeMans	1	-436.26965	-124.50147
LeMans	1	-435.84778	-124.75025
LeMans	1	-435.42236	-125.00123
LeMans	1	-434.99338	-125.2544
LeMans	1	-434.56076	-125.50974
LeMans	1	-434.12473	-125.767555
LeMans	1	-433.68646	-126.02963
LeMans	1	-433.24768	-126.29874
LeMans	1	-432.80795	-126.575165
LeMans	1	-432.36627	-126.85787
LeMans	1	-431.92178	-127.14486
LeMans	1	-431.47342	-127.43423
LeMans	1	-431.02002	-127.724144
LeMans	1	-430.56027	-128.01256
LeMans	1	-430.09265	-128.29697
LeMans	1	-429.6172	-128.57713
LeMans	1	-429.13412	-128.85333
LeMans	1	-428.64514	-129.12816
LeMans	1	-428.15167	-129.40407
LeMans	1	-427.65408	-129.68213
LeMans	1	-427.15268	-129.96265
LeMans	1	-426.6475	-130.2457
LeMans	1	-426.1384	-130.53125
LeMans	1	-425.62537	-130.8192
LeMans	1	-425.1083	-131.10948
LeMans	1	-424.58734	-131.40205
LeMans	1	-424.0623	-131.69691
LeMans	1	-423.53323	-131.99413
LeMans	1	-423.0002	-132.29366
LeMans	1	-422.46326	-132.59549
LeMans	1	-421.92236	-132.89966
LeMans	1	-421.3775	-133.20612
LeMans	1	-420.82867	-133.51494
LeMans	1	-420.27585	-133.82614
LeMans	1	-419.71902	-134.13968
LeMans	1	-419.15808	-134.45555
LeMans	1	-418.5931	-134.77377
LeMans	1	-418.02408	-135.0943
LeMans	1	-417.43573	-135.42574
LeMans	1	-416.8584	-135.75082
LeMans	1	-416.27615	-136.07658
LeMans	1	-415.68796	-136.40121
LeMans	1	-415.09363	-136.7244
LeMans	1	-414.4935	-137.04669
LeMans	1	-413.88828	-137.36937
LeMans	1	-413.2788	-137.69406
LeMans	1	-412.66592	-138.02232
LeMans	1	-412.05045	-138.35556
LeMans	1	-411.43338	-138.69559
LeMans	1	-410.81564	-139.04362
LeMans	1	-410.1964	-139.39812
LeMans	1	-409.57477	-139.75725
LeMans	1	-408.94977	-140.11972
LeMans	1	-408.32108	-140.48485
LeMans	1	-407.68842	-140.8523
LeMans	1	-407.05194	-141.22188
LeMans	1	-406.41177	-141.59346
LeMans	1	-405.76816	-141.96707
LeMans	1	-405.12097	-142.34271
LeMans	1	-404.4702	-142.72041
LeMans	1	-403.8159	-143.1002
LeMans	1	-403.15796	-143.4821
LeMans	1	-402.49594	-143.86531
LeMans	1	-401.82913	-144.24867
LeMans	1	-401.15656	-144.6305
LeMans	1	-400.47836	-145.01102
LeMans	1	-399.79526	-145.39139
LeMans	1	-399.108	-145.7728
LeMans	1	-398.41733	-146.15677
LeMans	1	-397.7235	-146.5454
LeMans	1	-397.0292	-146.94011
LeMans	1	-396.3344	-147.34213
LeMans	1	-395.6384	-147.74947
LeMans	1	-394.94278	-148.16005
LeMans	1	-394.24924	-148.57108
LeMans	1	-393.55792	-148.98148
LeMans	1	-392.86804	-149.39124
LeMans	1	-392.1794	-149.80049
LeMans	1	-391.49203	-150.20921
LeMans	1	-390.8061	-150.61725
LeMans	1	-390.1217	-151.02443
LeMans	1	-389.43893	-151.43063
LeMans	1	-388.75787	-151.83578
LeMans	1	-388.0787	-152.23972
LeMans	1	-387.40152	-152.6424
LeMans	1	-386.72635	-153.04372
LeMans	1	-386.05347	-153.4436
LeMans	1	-385.38297	-153.84195
LeMans	1	-384.71484	-154.23878
LeMans	1	-384.0493	-154.63399
LeMans	1	-383.38623	-155.02768
LeMans	1	-382.7257	-155.41982
LeMans	1	-382.06766	-155.81046
LeMans	1	-381.41205	-156.19963
LeMans	1	-380.7588	-156.5874
LeMans	1	-380.10715	-156.97266
LeMans	1	-379.45697	-157.35486
LeMans	1	-378.80676	-157.73163
LeMans	1	-378.15656	-158.10316
LeMans	1	-377.50723	-158.47081
LeMans	1	-376.85938	-158.8356
LeMans	1	-376.21362	-159.19853
LeMans	1	-375.57065	-159.56099
LeMans	1	-374.93115	-159.92451
LeMans	1	-374.29605	-160.29076
LeMans	1	-373.667	-160.66246
LeMans	1	-373.04327	-161.0379
LeMans	1	-372.4241	-161.41557
LeMans	1	-371.8085	-161.79395
LeMans	1	-371.1959	-162.17198
LeMans	1	-370.58615	-162.54924
LeMans	1	-369.97897	-162.92554
LeMans	1	-369.37424	-163.30072
LeMans	1	-368.77182	-163.67476
LeMans	1	-368.1716	-164.04758
LeMans	1	-367.57397	-164.41887
LeMans	1	-366.982	-164.78658
LeMans	1	-366.39706	-165.14972
LeMans	1	-365.81772	-165.50916
LeMans	1	-365.2431	-165.86554
LeMans	1	-364.67334	-166.21892
LeMans	1	-364.1084	-166.5692
LeMans	1	-363.5485	-166.91624
LeMans	1	-362.9937	-167.25992
LeMans	1	-362.44424	-167.6002
LeMans	1	-361.9005	-167.93683
LeMans	1	-361.3627	-168.26964
LeMans	1	-360.83118	-168.59851
LeMans	1	-360.30612	-168.92336
LeMans	1	-359.7877	-169.2441
LeMans	1	-359.27603	-169.56075
LeMans	1	-358.77112	-169.8732
LeMans	1	-358.2731	-170.1815
LeMans	1	-357.782	-170.4856
LeMans	1	-357.29785	-170.78552
LeMans	1	-356.82047	-171.08128
LeMans	1	-356.3499	-171.3729
LeMans	1	-355.88617	-171.66026
LeMans	1	-355.4292	-171.94353
LeMans	1	-354.97906	-172.22263
LeMans	1	-354.5356	-172.49763
LeMans	1	-354.09882	-172.76852
LeMans	1	-353.66864	-173.03537
LeMans	1	-353.24484	-173.2982
LeMans	1	-352.82742	-173.55705
LeMans	1	-352.41635	-173.81194
LeMans	1	-352.0115	-174.06288
LeMans	1	-351.61298	-174.30994
LeMans	1	-351.2206	-174.55312
LeMans	1	-350.83444	-174.79242
LeMans	1	-350.45438	-175.02785
LeMans	1	-350.08047	-175.25943
LeMans	1	-349.71274	-175.48717
LeMans	1	-349.35107	-175.71104
LeMans	1	-348.99567	-175.93108
LeMans	1	-348.64627	-176.14726
LeMans	1	-348.30304	-176.35966
LeMans	1	-347.96588	-176.56824
LeMans	1	-347.63492	-176.77303
LeMans	1	-347.31003	-176.97401
LeMans	1	-346.99115	-177.17126
LeMans	1	-346.67834	-177.36478
LeMans	1	-346.37164	-177.55455
LeMans	1	-346.07098	-177.74065
LeMans	1	-345.7763	-177.923
LeMans	1	-345.4877	-178.1017
LeMans	1	-345.20508	-178.27667
LeMans	1	-344.92667	-178.44911
LeMans	1	-344.64926	-178.62102
LeMans	1	-344.37387	-178.79167
LeMans	1	-344.10114	-178.96068
LeMans	1	-343.83078	-179.12822
LeMans	1	-343.56262	-179.29437
LeMans	1	-343.29678	-179.45909
LeMans	1	-343.03293	-179.62263
LeMans	1	-342.77084	-179.78503
LeMans	1	-342.51062	-179.94632
LeMans	1	-342.2517	-180.10602
LeMans	1	-341.9921	-180.26103
LeMans	1	-341.73145	-180.4111
LeMans	1	-341.47003	-180.55716
LeMans	1	-341.20856	-180.70003
LeMans	1	-340.9469	-180.84021
LeMans	1	-340.68558	-180.97853
LeMans	1	-340.4253	-181.11629
LeMans	1	-340.1665	-181.25462
LeMans	1	-339.91	-181.39473
LeMans	1	-339.656	-181.53732
LeMans	1	-339.40485	-181.6832
LeMans	1	-339.15698	-181.83308
LeMans	1	-338.91348	-181.9892
LeMans	1	-338.67422	-182.1505
LeMans	1	-338.43713	-182.31316
LeMans	1	-338.19952	-182.47261
LeMans	1	-337.96082	-182.62715
LeMans	1	-337.72113	-182.77731
LeMans	1	-337.4813	-182.9246
LeMans	1	-337.24213	-183.06993
LeMans	1	-337.00385	-183.21367
LeMans	1	-336.76645	-183.35623
LeMans	1	-336.5305	-183.49799
LeMans	1	-336.29593	-183.63919
LeMans	1	-336.0629	-183.78023
LeMans	1	-335.83197	-183.92197
LeMans	1	-335.60364	-184.0656
LeMans	1	-335.37866	-184.2125
LeMans	1	-335.15784	-184.36406
LeMans	1	-334.94366	-184.52246
LeMans	1	-334.73654	-184.68785
LeMans	1	-334.53528	-184.85753
LeMans	1	-334.33527	-185.02507
LeMans	1	-334.13574	-185.18977
LeMans	1	-333.93588	-185.35114
LeMans	1	-333.73645	-185.51067
LeMans	1	-333.53848	-185.6694
LeMans	1	-333.34225	-185.82784
LeMans	1	-333.1478	-185.98613
LeMans	1	-332.9558	-186.1451
LeMans	1	-332.76736	-186.30591
LeMans	1	-332.58368	-186.4705
LeMans	1	-332.40793	-186.64255
LeMans	1	-332.24066	-186.82132
LeMans	1	-332.08008	-187.00429
LeMans	1	-331.92535	-187.18994
LeMans	1	-331.77594	-187.37724
LeMans	1	-331.63107	-187.5658
LeMans	1	-331.49036	-187.75511
LeMans	1	-331.35257	-187.94365
LeMans	1	-331.2155	-188.1297
LeMans	1	-331.07574	-188.31082
LeMans	1	-330.93277	-188.48654
LeMans	1	-330.7888	-188.6587
LeMans	1	-330.64487	-188.8293
LeMans	1	-330.5023	-188.99944
LeMans	1	-330.3616	-189.1691
LeMans	1	-330.22296	-189.33846
LeMans	1	-330.08694	-189.5079
LeMans	1	-329.95386	-189.67809
LeMans	1	-329.82498	-189.85025
LeMans	1	-329.7021	-190.02519
LeMans	1	-329.58698	-190.20496
LeMans	1	-329.48105	-190.38972
LeMans	1	-329.38284	-190.57726
LeMans	1	-329.29175	-190.76656
LeMans	1	-329.2068	-190.95703
LeMans	1	-329.12796	-191.1483
LeMans	1	-329.0546	-191.3396
LeMans	1	-328.98636	-191.5305
LeMans	1	-328.92136	-191.72038
LeMans	1	-328.8583	-191.90857
LeMans	1	-328.79428	-192.09343
LeMans	1	-328.72537	-192.27359
LeMans	1	-328.65237	-192.45001
LeMans	1	-328.57846	-192.62437
LeMans	1	-328.50723	-192.7983
LeMans	1	-328.4431	-192.97401
LeMans	1	-328.38776	-193.15193
LeMans	1	-328.34027	-193.33092
LeMans	1	-328.2989	-193.51
LeMans	1	-328.26285	-193.68889
LeMans	1	-328.23187	-193.86751
LeMans	1	-328.2055	-194.04543
LeMans	1	-328.18335	-194.2221
LeMans	1	-328.1651	-194.39726
LeMans	1	-328.1499	-194.571
LeMans	1	-328.1376	-194.74332
LeMans	1	-328.128	-194.9141
LeMans	1	-328.12094	-195.0831
LeMans	1	-328.11612	-195.25043
LeMans	1	-328.11313	-195.41582
LeMans	1	-328.1115	-195.57924
LeMans	1	-328.11108	-195.74103
LeMans	1	-328.11154	-195.90111
LeMans	1	-328.1125	-196.05905
LeMans	1	-328.1123	-196.21494
LeMans	1	-328.10748	-196.36868
LeMans	1	-328.09598	-196.5212
LeMans	1	-328.0796	-196.6728
LeMans	1	-328.05963	-196.82365
LeMans	1	-328.03662	-196.97359
LeMans	1	-328.012	-197.12224
LeMans	1	-327.98663	-197.26926
LeMans	1	-327.96277	-197.41447
LeMans	1	-327.9425	-197.5583
LeMans	1	-327.9283	-197.70076
LeMans	1	-327.92276	-197.84187
LeMans	1	-327.92444	-197.98186
LeMans	1	-327.93155	-198.12062
LeMans	1	-327.9425	-198.25824
LeMans	1	-327.9559	-198.3947
LeMans	1	-327.97064	-198.52982
LeMans	1	-327.98645	-198.66351
LeMans	1	-328.00323	-198.79597
LeMans	1	-328.0209	-198.92708
LeMans	1	-328.03912	-199.05705
LeMans	1	-328.05795	-199.18582
LeMans	1	-328.07733	-199.31305
LeMans	1	-328.0974	-199.4387
LeMans	1	-328.11795	-199.56293
LeMans	1	-328.1391	-199.68575
LeMans	1	-328.16086	-199.80887
LeMans	1	-328.18332	-199.93416
LeMans	1	-328.2065	-200.06229
LeMans	1	-328.2302	-200.1929
LeMans	1	-328.2541	-200.32593
LeMans	1	-328.27768	-200.46129
LeMans	1	-328.2984	-200.59947
LeMans	1	-328.31674	-200.74086
LeMans	1	-328.33508	-200.8839
LeMans	1	-328.35077	-201.02835
LeMans	1	-328.36237	-201.17265
LeMans	1	-328.37027	-201.31584
LeMans	1	-328.37668	-201.45847
LeMans	1	-328.38553	-201.60025
LeMans	1	-328.39792	-201.74135
LeMans	1	-328.4152	-201.88173
LeMans	1	-328.43915	-202.02116
LeMans	1	-328.46896	-202.15999
LeMans	1	-328.50354	-202.29779
LeMans	1	-328.5416	-202.43439
LeMans	1	-328.581	-202.56993
LeMans	1	-328.62094	-202.70427
LeMans	1	-328.66098	-202.83736
LeMans	1	-328.7011	-202.96898
LeMans	1	-328.74124	-203.09912
LeMans	1	-328.7817	-203.22981
LeMans	1	-328.82315	-203.36272
LeMans	1	-328.86572	-203.4985
LeMans	1	-328.9094	-203.63745
LeMans	1	-328.95398	-203.77933
LeMans	1	-328.99945	-203.92392
LeMans	1	-329.04596	-204.07076
LeMans	1	-329.09344	-204.21965
LeMans	1	-329.14188	-204.37021
LeMans	1	-329.19022	-204.52206
LeMans	1	-329.2379	-204.6731
LeMans	1	-329.28503	-204.82306
LeMans	1	-329.3318	-204.97261
LeMans	1	-329.37836	-205.122
LeMans	1	-329.42566	-205.27094
LeMans	1	-329.47528	-205.4189
LeMans	1	-329.528	-205.56566
LeMans	1	-329.58356	-205.71123
LeMans	1	-329.64133	-205.85669
LeMans	1	-329.70068	-206.00293
LeMans	1	-329.76086	-206.15034
LeMans	1	-329.82114	-206.29889
LeMans	1	-329.8808	-206.44847
LeMans	1	-329.93887	-206.59926
LeMans	1	-329.99463	-206.7514
LeMans	1	-330.04678	-206.90466
LeMans	1	-330.09335	-207.05818
LeMans	1	-330.13397	-207.21214
LeMans	1	-330.17093	-207.36621
LeMans	1	-330.2055	-207.5201
LeMans	1	-330.2385	-207.67355
LeMans	1	-330.27042	-207.82645
LeMans	1	-330.30167	-207.97874
LeMans	1	-330.33264	-208.13113
LeMans	1	-330.3635	-208.28387
LeMans	1	-330.3944	-208.43729
LeMans	1	-330.42566	-208.59224
LeMans	1	-330.45743	-208.74925
LeMans	1	-330.48972	-208.90814
LeMans	1	-330.52258	-209.06886
LeMans	1	-330.55606	-209.23106
LeMans	1	-330.59003	-209.39372
LeMans	1	-330.62396	-209.5548
LeMans	1	-330.65756	-209.71411
LeMans	1	-330.6911	-209.8723
LeMans	1	-330.72452	-210.02965
LeMans	1	-330.75793	-210.18628
LeMans	1	-330.7912	-210.34212
LeMans	1	-330.8244	-210.49718
LeMans	1	-330.85748	-210.65138
LeMans	1	-330.89053	-210.80463
LeMans	1	-330.9234	-210.95676
LeMans	1	-330.95612	-211.10767
LeMans	1	-330.98862	-211.25726
LeMans	1	-331.0209	-211.40565
LeMans	1	-331.05313	-211.554
LeMans	1	-331.08563	-211.70358
LeMans	1	-331.11832	-211.85504
LeMans	1	-331.14972	-212.00859
LeMans	1	-331.17883	-212.1642
LeMans	1	-331.20538	-212.32184
LeMans	1	-331.22952	-212.4812
LeMans	1	-331.25125	-212.6415
LeMans	1	-331.27148	-212.8006
LeMans	1	-331.29187	-212.9579
LeMans	1	-331.31335	-213.11388
LeMans	1	-331.3368	-213.26874
LeMans	1	-331.3633	-213.42244
LeMans	1	-331.39438	-213.57474
LeMans	1	-331.43085	-213.72539
LeMans	1	-331.4709	-213.87454
LeMans	1	-331.51288	-214.0224
LeMans	1	-331.55594	-214.16896
LeMans	1	-331.59952	-214.3142
LeMans	1	-331.64325	-214.45811
LeMans	1	-331.68674	-214.60075
LeMans	1	-331.72992	-214.74278
LeMans	1	-331.7733	-214.88576
LeMans	1	-331.81708	-215.03008
LeMans	1	-331.86127	-215.17587
LeMans	1	-331.90582	-215.32314
LeMans	1	-331.9506	-215.47195
LeMans	1	-331.9956	-215.6225
LeMans	1	-332.04086	-215.77486
LeMans	1	-332.08636	-215.92914
LeMans	1	-332.1321	-216.08545
LeMans	1	-332.17828	-216.24388
LeMans	1	-332.22488	-216.40451
LeMans	1	-332.27203	-216.56747
LeMans	1	-332.32037	-216.73265
LeMans	1	-332.37155	-216.89977
LeMans	1	-332.42618	-217.06877
LeMans	1	-332.48422	-217.23976
LeMans	1	-332.54532	-217.41292
LeMans	1	-332.6089	-217.58803
LeMans	1	-332.67398	-217.76515
LeMans	1	-332.73944	-217.94466
LeMans	1	-332.80457	-218.12679
LeMans	1	-332.86844	-218.3117
LeMans	1	-332.93015	-218.49968
LeMans	1	-332.98813	-218.69067
LeMans	1	-333.0405	-218.88365
LeMans	1	-333.08905	-219.07625
LeMans	1	-333.13525	-219.26814
LeMans	1	-333.18002	-219.45941
LeMans	1	-333.2238	-219.64993
LeMans	1	-333.26703	-219.83965
LeMans	1	-333.30978	-220.0284
LeMans	1	-333.35223	-220.216
LeMans	1	-333.39438	-220.40244
LeMans	1	-333.43616	-220.58759
LeMans	1	-333.4776	-220.7713
LeMans	1	-333.51874	-220.95357
LeMans	1	-333.55957	-221.13428
LeMans	1	-333.60007	-221.31345
LeMans	1	-333.6405	-221.49213
LeMans	1	-333.68106	-221.67145
LeMans	1	-333.72214	-221.85228
LeMans	1	-333.7639	-222.03488
LeMans	1	-333.80637	-222.21925
LeMans	1	-333.84937	-222.40527
LeMans	1	-333.89288	-222.59299
LeMans	1	-333.93695	-222.78246
LeMans	1	-333.98148	-222.97372
LeMans	1	-334.0265	-223.16682
LeMans	1	-334.07196	-223.3617
LeMans	1	-334.11786	-223.55833
LeMans	1	-334.16425	-223.7569
LeMans	1	-334.2111	-223.9574
LeMans	1	-334.25836	-224.15945
LeMans	1	-334.3058	-224.36223
LeMans	1	-334.35324	-224.5653
LeMans	1	-334.4008	-224.76845
LeMans	1	-334.44818	-224.97157
LeMans	1	-334.49567	-225.17464
LeMans	1	-334.54303	-225.37761
LeMans	1	-334.59042	-225.58044
LeMans	1	-334.63776	-225.78322
LeMans	1	-334.68503	-225.9858
LeMans	1	-334.73227	-226.1881
LeMans	1	-334.77942	-226.39
LeMans	1	-334.8264	-226.59145
LeMans	1	-334.87332	-226.79243
LeMans	1	-334.92014	-226.9932
LeMans	1	-334.96695	-227.19391
LeMans	1	-335.0138	-227.39484
LeMans	1	-335.06073	-227.59612
LeMans	1	-335.1077	-227.79771
LeMans	1	-335.15485	-227.99988
LeMans	1	-335.20218	-228.20294
LeMans	1	-335.24973	-228.40703
LeMans	1	-335.29758	-228.61209
LeMans	1	-335.34558	-228.81812
LeMans	1	-335.39374	-229.0248
LeMans	1	-335.4419	-229.23138
LeMans	1	-335.4897	-229.4367
LeMans	1	-335.53717	-229.64069
LeMans	1	-335.58438	-229.84348
LeMans	1	-335.6313	-230.0452
LeMans	1	-335.67792	-230.2459
LeMans	1	-335.7243	-230.44548
LeMans	1	-335.77042	-230.64388
LeMans	1	-335.8162	-230.84096
LeMans	1	-335.86166	-231.03668
LeMans	1	-335.90674	-231.23093
LeMans	1	-335.95148	-231.42369
LeMans	1	-335.99585	-231.6149
LeMans	1	-336.0399	-231.80452
LeMans	1	-336.08347	-231.99261
LeMans	1	-336.1267	-232.17912
LeMans	1	-336.16962	-232.36409
LeMans	1	-336.21213	-232.54758
LeMans	1	-336.2543	-232.7295
LeMans	1	-336.29617	-232.91002
LeMans	1	-336.33762	-233.08911
LeMans	1	-336.37875	-233.26688
LeMans	1	-336.41962	-233.44324
LeMans	1	-336.4604	-233.61816
LeMans	1	-336.50378	-233.79102
LeMans	1	-336.55096	-233.96158
LeMans	1	-336.6013	-234.12997
LeMans	1	-336.65424	-234.29628
LeMans	1	-336.709	-234.4607
LeMans	1	-336.7645	-234.62363
LeMans	1	-336.81995	-234.78511
LeMans	1	-336.87207	-234.94574
LeMans	1	-336.92123	-235.1062
LeMans	1	-336.9672	-235.26639
LeMans	1	-337.00882	-235.42656
LeMans	1	-337.04385	-235.58733
LeMans	1	-337.07242	-235.74849
LeMans	1	-337.09735	-235.90923
LeMans	1	-337.11984	-236.06935
LeMans	1	-337.14056	-236.22873
LeMans	1	-337.1606	-236.3875
LeMans	1	-337.18054	-236.54752
LeMans	1	-337.2001	-236.71004
LeMans	1	-337.21924	-236.87518
LeMans	1	-337.23822	-237.04265
LeMans	1	-337.25726	-237.21219
LeMans	1	-337.27658	-237.38367
LeMans	1	-337.29636	-237.55699
LeMans	1	-337.3178	-237.7307
LeMans	1	-337.3443	-237.90193
LeMans	1	-337.37585	-238.07066
LeMans	1	-337.41107	-238.23769
LeMans	1	-337.44858	-238.40361
LeMans	1	-337.48672	-238.5688
LeMans	1	-337.52405	-238.73354
LeMans	1	-337.55957	-238.89792
LeMans	1	-337.5922	-239.06206
LeMans	1	-337.62027	-239.22621
LeMans	1	-337.64093	-239.39073
LeMans	1	-337.65585	-239.55518
LeMans	1	-337.66742	-239.7189
LeMans	1	-337.67664	-239.88173
LeMans	1	-337.68408	-240.04332
LeMans	1	-337.69022	-240.20366
LeMans	1	-337.6953	-240.36272
LeMans	1	-337.70026	-240.52037
LeMans	1	-337.70898	-240.67622
LeMans	1	-337.7244	-240.82982
LeMans	1	-337.7431	-240.98145
LeMans	1	-337.76215	-241.13148
LeMans	1	-337.7796	-241.28023
LeMans	1	-337.79352	-241.42801
LeMans	1	-337.80237	-241.57507
LeMans	1	-337.8068	-241.72148
LeMans	1	-337.80832	-241.86705
LeMans	1	-337.80807	-242.01164
LeMans	1	-337.80676	-242.1552
LeMans	1	-337.8047	-242.29765
LeMans	1	-337.80234	-242.43892
LeMans	1	-337.8021	-242.57886
LeMans	1	-337.80695	-242.71724
LeMans	1	-337.8153	-242.85408
LeMans	1	-337.82507	-242.98949
LeMans	1	-337.83453	-243.1235
LeMans	1	-337.84225	-243.25616
LeMans	1	-337.84738	-243.38763
LeMans	1	-337.84866	-243.518
LeMans	1	-337.8448	-243.6475
LeMans	1	-337.83725	-243.77615
LeMans	1	-337.82803	-243.90381
LeMans	1	-337.81787	-244.03043
LeMans	1	-337.80704	-244.15594
LeMans	1	-337.79578	-244.28029
LeMans	1	-337.78473	-244.40341
LeMans	1	-337.7763	-244.52522
LeMans	1	-337.77066	-244.64558
LeMans	1	-337.76492	-244.76431
LeMans	1	-337.75702	-244.88148
LeMans	1	-337.7456	-244.99715
LeMans	1	-337.7316	-245.11162
LeMans	1	-337.71576	-245.2249
LeMans	1	-337.69897	-245.33702
LeMans	1	-337.68158	-245.44806
LeMans	1	-337.6634	-245.55957
LeMans	1	-337.64432	-245.67287
LeMans	1	-337.6243	-245.78873
LeMans	1	-337.60342	-245.90678
LeMans	1	-337.58182	-246.02689
LeMans	1	-337.5597	-246.14885
LeMans	1	-337.53702	-246.27277
LeMans	1	-337.51373	-246.39868
LeMans	1	-337.49008	-246.52664
LeMans	1	-337.46625	-246.65599
LeMans	1	-337.4423	-246.78519
LeMans	1	-337.41824	-246.9134
LeMans	1	-337.39395	-247.04048
LeMans	1	-337.36942	-247.16682
LeMans	1	-337.34457	-247.29263
LeMans	1	-337.31952	-247.41792
LeMans	1	-337.29413	-247.5431
LeMans	1	-337.26813	-247.67038
LeMans	1	-337.2415	-247.8013
LeMans	1	-337.2142	-247.93642
LeMans	1	-337.1868	-248.07538
LeMans	1	-337.1606	-248.21799
LeMans	1	-337.1373	-248.36436
LeMans	1	-337.11612	-248.51434
LeMans	1	-337.09708	-248.66716
LeMans	1	-337.08148	-248.82123
LeMans	1	-337.0701	-248.97435
LeMans	1	-337.06116	-249.12607
LeMans	1	-337.05246	-249.27716
LeMans	1	-337.042	-249.42804
LeMans	1	-337.02924	-249.57845
LeMans	1	-337.01276	-249.72797
LeMans	1	-336.99167	-249.87714
LeMans	1	-336.96347	-250.02449
LeMans	1	-336.92892	-250.17015
LeMans	1	-336.88956	-250.31424
LeMans	1	-336.84637	-250.45676
LeMans	1	-336.80164	-250.59744
LeMans	1	-336.76022	-250.73807
LeMans	1	-336.7178	-250.87726
LeMans	1	-336.6769	-251.01552
LeMans	1	-336.64136	-251.15353
LeMans	1	-336.61084	-251.29095
LeMans	1	-336.57617	-251.42644
LeMans	1	-336.54077	-251.55978
LeMans	1	-336.50296	-251.69096
LeMans	1	-336.46127	-251.81984
LeMans	1	-336.4165	-251.94667
LeMans	1	-336.36945	-252.0744
LeMans	1	-336.32108	-252.20515
LeMans	1	-336.26987	-252.33978
LeMans	1	-336.21576	-252.47777
LeMans	1	-336.1595	-252.61873
LeMans	1	-336.10175	-252.7627
LeMans	1	-336.04486	-252.9102
LeMans	1	-335.99286	-253.061
LeMans	1	-335.94635	-253.21262
LeMans	1	-335.90277	-253.36261
LeMans	1	-335.8621	-253.51231
LeMans	1	-335.82074	-253.6618
LeMans	1	-335.77573	-253.8101
LeMans	1	-335.72867	-253.95746
LeMans	1	-335.6784	-254.10352
LeMans	1	-335.6221	-254.24767
LeMans	1	-335.55936	-254.38881
LeMans	1	-335.49625	-254.52908
LeMans	1	-335.42938	-254.66714
LeMans	1	-335.35995	-254.80324
LeMans	1	-335.28897	-254.93745
LeMans	1	-335.21698	-255.06929
LeMans	1	-335.1472	-255.20099
LeMans	1	-335.0765	-255.33205
LeMans	1	-335.00424	-255.46356
LeMans	1	-334.93036	-255.59647
LeMans	1	-334.85452	-255.73145
LeMans	1	-334.77667	-255.86908
LeMans	1	-334.6969	-256.0099
LeMans	1	-334.61536	-256.15384
LeMans	1	-334.5321	-256.30057
LeMans	1	-334.44772	-256.44864
LeMans	1	-334.3637	-256.59656
LeMans	1	-334.2828	-256.7437
LeMans	1	-334.20786	-256.89255
LeMans	1	-334.13773	-257.0433
LeMans	1	-334.07077	-257.19537
LeMans	1	-334.00604	-257.34824
LeMans	1	-333.94257	-257.50165
LeMans	1	-333.8801	-257.6552
LeMans	1	-333.81723	-257.80795
LeMans	1	-333.75305	-257.95905
LeMans	1	-333.68555	-258.1075
LeMans	1	-333.61444	-258.25327
LeMans	1	-333.53726	-258.39496
LeMans	1	-333.4533	-258.53244
LeMans	1	-333.36432	-258.66522
LeMans	1	-333.27875	-258.79822
LeMans	1	-333.19135	-258.92914
LeMans	1	-333.10632	-259.06003
LeMans	1	-333.0263	-259.1911
LeMans	1	-332.9519	-259.3238
LeMans	1	-332.87363	-259.45413
LeMans	1	-332.79666	-259.58322
LeMans	1	-332.72028	-259.71103
LeMans	1	-332.6425	-259.8362
LeMans	1	-332.5624	-259.95825
LeMans	1	-332.47827	-260.07672
LeMans	1	-332.39117	-260.19247
LeMans	1	-332.30057	-260.30508
LeMans	1	-332.20807	-260.4154
LeMans	1	-332.1146	-260.52298
LeMans	1	-332.02002	-260.6298
LeMans	1	-331.9247	-260.73468
LeMans	1	-331.8296	-260.8381
LeMans	1	-331.73468	-260.94022
LeMans	1	-331.6386	-261.04266
LeMans	1	-331.54065	-261.14597
LeMans	1	-331.44028	-261.25143
LeMans	1	-331.3373	-261.35907
LeMans	1	-331.23236	-261.46838
LeMans	1	-331.1256	-261.57925
LeMans	1	-331.01764	-261.69128
LeMans	1	-330.9105	-261.80264
LeMans	1	-330.80463	-261.91235
LeMans	1	-330.69962	-262.021
LeMans	1	-330.59506	-262.12906
LeMans	1	-330.4908	-262.23663
LeMans	1	-330.3869	-262.34375
LeMans	1	-330.28333	-262.45038
LeMans	1	-330.1801	-262.55643
LeMans	1	-330.0773	-262.66183
LeMans	1	-329.9739	-262.76743
LeMans	1	-329.86905	-262.87457
LeMans	1	-329.76254	-262.98386
LeMans	1	-329.65475	-263.09528
LeMans	1	-329.54608	-263.20847
LeMans	1	-329.43793	-263.32443
LeMans	1	-329.33405	-263.44385
LeMans	1	-329.2347	-263.56436
LeMans	1	-329.13855	-263.68576
LeMans	1	-329.04492	-263.80807
LeMans	1	-328.95328	-263.9312
LeMans	1	-328.86316	-264.05478
LeMans	1	-328.77417	-264.17853
LeMans	1	-328.68576	-264.30182
LeMans	1	-328.5969	-264.42374
LeMans	1	-328.50687	-264.54388
LeMans	1	-328.41476	-264.66122
LeMans	1	-328.31982	-264.77478
LeMans	1	-328.22354	-264.88712
LeMans	1	-328.12228	-264.99356
LeMans	1	-328.0171	-265.095
LeMans	1	-327.90918	-265.19254
LeMans	1	-327.7993	-265.28653
LeMans	1	-327.6881	-265.37756
LeMans	1	-327.57687	-265.46692
LeMans	1	-327.46603	-265.5551
LeMans	1	-327.35596	-265.6424
LeMans	1	-327.24652	-265.72873
LeMans	1	-327.13782	-265.81415
LeMans	1	-327.0291	-265.8992
LeMans	1	-326.9192	-265.98483
LeMans	1	-326.80817	-266.07086
LeMans	1	-326.69617	-266.15744
LeMans	1	-326.58328	-266.24457
LeMans	1	-326.46957	-266.3322
LeMans	1	-326.3551	-266.42038
LeMans	1	-326.24036	-266.50897
LeMans	1	-326.12656	-266.5969
LeMans	1	-326.01373	-266.68375
LeMans	1	-325.90164	-266.7698
LeMans	1	-325.78998	-266.85526
LeMans	1	-325.67865	-266.94022
LeMans	1	-325.56775	-267.02463
LeMans	1	-325.45724	-267.1085
LeMans	1	-325.34695	-267.19232
LeMans	1	-325.2377	-267.27823
LeMans	1	-325.13052	-267.3672
LeMans	1	-325.0252	-267.45862
LeMans	1	-324.92157	-267.55173
LeMans	1	-324.8199	-267.6453
LeMans	1	-324.71982	-267.7385
LeMans	1	-324.62033	-267.83057
LeMans	1	-324.52078	-267.92072
LeMans	1	-324.42044	-268.0084
LeMans	1	-324.31903	-268.09323
LeMans	1	-324.216	-268.1745
LeMans	1	-324.1104	-268.25107
LeMans	1	-324.00266	-268.3233
LeMans	1	-323.89432	-268.39307
LeMans	1	-323.78622	-268.46143
LeMans	1	-323.6788	-268.52902
LeMans	1	-323.57205	-268.59576
LeMans	1	-323.46567	-268.66208
LeMans	1	-323.35803	-268.72885
LeMans	1	-323.24866	-268.79623
LeMans	1	-323.13754	-268.86423
LeMans	1	-323.0247	-268.93295
LeMans	1	-322.9101	-269.00256
LeMans	1	-322.79367	-269.07324
LeMans	1	-322.67535	-269.14508
LeMans	1	-322.5551	-269.21823
LeMans	1	-322.4329	-269.29266
LeMans	1	-322.30838	-269.3687
LeMans	1	-322.18176	-269.4463
LeMans	1	-322.05264	-269.52557
LeMans	1	-321.92075	-269.60675
LeMans	1	-321.78592	-269.69
LeMans	1	-321.64798	-269.7755
LeMans	1	-321.50687	-269.86322
LeMans	1	-321.36252	-269.95312
LeMans	1	-321.2149	-270.0452
LeMans	1	-321.0638	-270.1395
LeMans	1	-320.90936	-270.23593
LeMans	1	-320.75143	-270.33456
LeMans	1	-320.59	-270.43536
LeMans	1	-320.42493	-270.5383
LeMans	1	-320.25626	-270.6434
LeMans	1	-320.08398	-270.75067
LeMans	1	-319.9082	-270.86008
LeMans	1	-319.72885	-270.97168
LeMans	1	-319.54602	-271.0855
LeMans	1	-319.3596	-271.2015
LeMans	1	-319.1697	-271.3198
LeMans	1	-318.97632	-271.44022
LeMans	1	-318.77948	-271.56287
LeMans	1	-318.5791	-271.68768
LeMans	1	-318.37518	-271.81473
LeMans	1	-318.1677	-271.944
LeMans	1	-317.95657	-272.07553
LeMans	1	-317.74185	-272.20932
LeMans	1	-317.52347	-272.3454
LeMans	1	-317.30136	-272.48373
LeMans	1	-317.0756	-272.62442
LeMans	1	-316.84604	-272.76743
LeMans	1	-316.61273	-272.91278
LeMans	1	-316.37567	-273.06052
LeMans	1	-316.13474	-273.21057
LeMans	1	-315.88998	-273.36307
LeMans	1	-315.6414	-273.5179
LeMans	1	-315.38885	-273.67523
LeMans	1	-315.13245	-273.83493
LeMans	1	-314.8722	-273.99704
LeMans	1	-314.60797	-274.1616
LeMans	1	-314.33984	-274.32858
LeMans	1	-314.06778	-274.49805
LeMans	1	-313.79172	-274.66992
LeMans	1	-313.51166	-274.84436
LeMans	1	-313.22757	-275.02127
LeMans	1	-312.93942	-275.20068
LeMans	1	-312.64716	-275.3827
LeMans	1	-312.3508	-275.5672
LeMans	1	-312.05035	-275.75427
LeMans	1	-311.74573	-275.94394
LeMans	1	-311.43692	-276.1362
LeMans	1	-311.12393	-276.33105
LeMans	1	-310.8061	-276.5289
LeMans	1	-310.4836	-276.7296
LeMans	1	-310.15674	-276.93314
LeMans	1	-309.8254	-277.13937
LeMans	1	-309.48965	-277.34836
LeMans	1	-309.1494	-277.56012
LeMans	1	-308.80475	-277.77463
LeMans	1	-308.45618	-277.99158
LeMans	1	-308.105	-278.2101
LeMans	1	-307.75165	-278.42996
LeMans	1	-307.39603	-278.6512
LeMans	1	-307.03802	-278.87396
LeMans	1	-306.67676	-279.0987
LeMans	1	-306.31125	-279.32495
LeMans	1	-305.93948	-279.55035
LeMans	1	-305.56058	-279.77402
LeMans	1	-305.17474	-279.99625
LeMans	1	-304.78226	-280.21756
LeMans	1	-304.38324	-280.4391
LeMans	1	-303.97906	-280.66193
LeMans	1	-303.57086	-280.88782
LeMans	1	-303.1596	-281.11838
LeMans	1	-302.74637	-281.35574
LeMans	1	-302.33246	-281.60168
LeMans	1	-301.91797	-281.8559
LeMans	1	-301.50305	-282.11783
LeMans	1	-301.08792	-282.38748
LeMans	1	-300.67258	-282.66504
LeMans	1	-300.2564	-282.94955
LeMans	1	-299.83725	-283.23785
LeMans	1	-299.41376	-283.5283
LeMans	1	-298.98526	-283.82034
LeMans	1	-298.55154	-284.11398
LeMans	1	-298.11267	-284.40936
LeMans	1	-297.6692	-284.70724
LeMans	1	-297.22318	-285.00858
LeMans	1	-296.77512	-285.31403
LeMans	1	-296.32498	-285.62344
LeMans	1	-295.87256	-285.93652
LeMans	1	-295.4174	-286.25272
LeMans	1	-294.9589	-286.5715
LeMans	1	-294.4965	-286.8925
LeMans	1	-294.02988	-287.21484
LeMans	1	-293.55804	-287.5369
LeMans	1	-293.07858	-287.85614
LeMans	1	-292.59012	-288.17145
LeMans	1	-292.09283	-288.48386
LeMans	1	-291.58868	-288.7968
LeMans	1	-291.079	-289.1122
LeMans	1	-290.5644	-289.43066
LeMans	1	-290.0454	-289.7518
LeMans	1	-289.52216	-290.0756
LeMans	1	-288.99503	-290.4017
LeMans	1	-288.46436	-290.72992
LeMans	1	-287.9302	-291.06015
LeMans	1	-287.38852	-291.39493
LeMans	1	-286.8477	-291.72913
LeMans	1	-286.30356	-292.06528
LeMans	1	-285.75607	-292.40338
LeMans	1	-285.2052	-292.74356
LeMans	1	-284.65073	-293.0858
LeMans	1	-284.09253	-293.43024
LeMans	1	-283.5305	-293.77698
LeMans	1	-282.96414	-294.12625
LeMans	1	-282.39362	-294.478
LeMans	1	-281.82047	-294.83124
LeMans	1	-281.24426	-295.18643
LeMans	1	-280.66357	-295.5444
LeMans	1	-280.07782	-295.9055
LeMans	1	-279.4866	-296.26987
LeMans	1	-278.8901	-296.63754
LeMans	1	-278.28876	-297.00812
LeMans	1	-277.68286	-297.3814
LeMans	1	-277.07275	-297.7573
LeMans	1	-276.45883	-298.13538
LeMans	1	-275.8412	-298.51575
LeMans	1	-275.2199	-298.89832
LeMans	1	-274.5952	-299.28293
LeMans	1	-273.9674	-299.66943
LeMans	1	-273.33655	-300.05774
LeMans	1	-272.70255	-300.44733
LeMans	1	-272.06473	-300.83707
LeMans	1	-271.42285	-301.2268
LeMans	1	-270.77682	-301.61673
LeMans	1	-270.12668	-302.0072
LeMans	1	-269.47263	-302.39883
LeMans	1	-268.81485	-302.7924
LeMans	1	-268.153	-303.18906
LeMans	1	-267.4871	-303.58978
LeMans	1	-266.81903	-303.99448
LeMans	1	-266.15314	-304.4051
LeMans	1	-265.48874	-304.82623
LeMans	1	-264.8237	-305.25598
LeMans	1	-264.1558	-305.6916
LeMans	1	-263.48434	-306.13153
LeMans	1	-262.80902	-306.5751
LeMans	1	-262.1296	-307.02203
LeMans	1	-261.4463	-307.47202
LeMans	1	-260.7592	-307.92508
LeMans	1	-260.0689	-308.38077
LeMans	1	-259.37534	-308.83905
LeMans	1	-258.67822	-309.30005
LeMans	1	-257.9775	-309.7638
LeMans	1	-257.2734	-310.23056
LeMans	1	-256.56647	-310.70108
LeMans	1	-255.85698	-311.17563
LeMans	1	-255.14485	-311.65436
LeMans	1	-254.42992	-312.13672
LeMans	1	-253.7118	-312.62222
LeMans	1	-252.99026	-313.11026
LeMans	1	-252.26453	-313.60043
LeMans	1	-251.53345	-314.09296
LeMans	1	-250.79726	-314.58682
LeMans	1	-250.05553	-315.08115
LeMans	1	-249.30792	-315.5757
LeMans	1	-248.55562	-316.0706
LeMans	1	-247.79991	-316.56354
LeMans	1	-247.03941	-317.05557
LeMans	1	-246.27438	-317.54855
LeMans	1	-245.50513	-318.04367
LeMans	1	-244.73186	-318.5414
LeMans	1	-243.95462	-319.04205
LeMans	1	-243.17339	-319.54553
LeMans	1	-242.38829	-320.05176
LeMans	1	-241.59947	-320.56058
LeMans	1	-240.80716	-321.07172
LeMans	1	-240.0115	-321.58502
LeMans	1	-239.21234	-322.10022
LeMans	1	-238.4099	-322.6174
LeMans	1	-237.60463	-323.13672
LeMans	1	-236.79655	-323.6582
LeMans	1	-235.98752	-324.18057
LeMans	1	-235.17986	-324.7021
LeMans	1	-234.37444	-325.22223
LeMans	1	-233.56993	-325.74155
LeMans	1	-232.76595	-326.2606
LeMans	1	-231.96411	-326.77838
LeMans	1	-231.16246	-327.29575
LeMans	1	-230.3603	-327.81354
LeMans	1	-229.55952	-328.33054
LeMans	1	-228.76067	-328.8462
LeMans	1	-227.9645	-329.3603
LeMans	1	-227.1693	-329.87405
LeMans	1	-226.37146	-330.38937
LeMans	1	-225.57533	-330.90378
LeMans	1	-224.78345	-331.41516
LeMans	1	-223.99564	-331.9236
LeMans	1	-223.21402	-332.42792
LeMans	1	-222.43918	-332.9279
LeMans	1	-221.6705	-333.4239
LeMans	1	-220.90706	-333.9169
LeMans	1	-220.14867	-334.40674
LeMans	1	-219.39615	-334.89297
LeMans	1	-218.64685	-335.37714
LeMans	1	-217.90102	-335.85907
LeMans	1	-217.16122	-336.33707
LeMans	1	-216.42761	-336.81122
LeMans	1	-215.70023	-337.28137
LeMans	1	-214.97935	-337.7474
LeMans	1	-214.26503	-338.2093
LeMans	1	-213.5573	-338.66687
LeMans	1	-212.85637	-339.12006
LeMans	1	-212.16194	-339.56912
LeMans	1	-211.47418	-340.01395
LeMans	1	-210.79285	-340.4545
LeMans	1	-210.11803	-340.89075
LeMans	1	-209.4497	-341.32288
LeMans	1	-208.78789	-341.75073
LeMans	1	-208.13261	-342.17432
LeMans	1	-207.48386	-342.59366
LeMans	1	-206.84155	-343.00885
LeMans	1	-206.2056	-343.41983
LeMans	1	-205.5759	-343.82675
LeMans	1	-204.95242	-344.22955
LeMans	1	-204.33511	-344.6284
LeMans	1	-203.72395	-345.02316
LeMans	1	-203.11897	-345.41382
LeMans	1	-202.5201	-345.8005
LeMans	1	-201.92749	-346.18307
LeMans	1	-201.3411	-346.56155
LeMans	1	-200.76082	-346.936
LeMans	1	-200.18668	-347.30643
LeMans	1	-199.61865	-347.6729
LeMans	1	-199.0567	-348.03537
LeMans	1	-198.50055	-348.3936
LeMans	1	-197.94817	-348.74506
LeMans	1	-197.39827	-349.08774
LeMans	1	-196.85158	-349.42133
LeMans	1	-196.3079	-349.7467
LeMans	1	-195.76746	-350.065
LeMans	1	-195.23232	-350.37628
LeMans	1	-194.70361	-350.68127
LeMans	1	-194.18102	-350.98148
LeMans	1	-193.66472	-351.27783
LeMans	1	-193.15468	-351.57162
LeMans	1	-192.65082	-351.86426
LeMans	1	-192.15498	-352.15665
LeMans	1	-191.66817	-352.45163
LeMans	1	-191.18869	-352.75467
LeMans	1	-190.71669	-353.06772
LeMans	1	-190.25394	-353.38733
LeMans	1	-189.80093	-353.71182
LeMans	1	-189.35739	-354.04044
LeMans	1	-188.92299	-354.37274
LeMans	1	-188.49734	-354.70828
LeMans	1	-188.078	-355.0437
LeMans	1	-187.6626	-355.3764
LeMans	1	-187.24992	-355.7062
LeMans	1	-186.83943	-356.03354
LeMans	1	-186.43097	-356.3588
LeMans	1	-186.02414	-356.68207
LeMans	1	-185.61739	-357.00168
LeMans	1	-185.20668	-357.31268
LeMans	1	-184.79074	-357.61386
LeMans	1	-184.37134	-357.9078
LeMans	1	-183.95123	-358.1983
LeMans	1	-183.53157	-358.48672
LeMans	1	-183.11304	-358.77383
LeMans	1	-182.69666	-359.06088
LeMans	1	-182.28343	-359.3499
LeMans	1	-181.87515	-359.64343
LeMans	1	-181.47485	-359.946
LeMans	1	-181.08322	-360.25766
LeMans	1	-180.69603	-360.57135
LeMans	1	-180.30782	-360.88007
LeMans	1	-179.91722	-361.1828
LeMans	1	-179.52554	-361.48193
LeMans	1	-179.13438	-361.77905
LeMans	1	-178.74506	-362.07574
LeMans	1	-178.35938	-362.37457
LeMans	1	-177.98103	-362.68024
LeMans	1	-177.61218	-362.99457
LeMans	1	-177.25192	-363.31555
LeMans	1	-176.89763	-363.63983
LeMans	1	-176.54808	-363.9661
LeMans	1	-176.2026	-364.29373
LeMans	1	-175.86073	-364.62228
LeMans	1	-175.52217	-364.9515
LeMans	1	-175.1866	-365.28113
LeMans	1	-174.85382	-365.6108
LeMans	1	-174.52359	-365.94037
LeMans	1	-174.19643	-366.26877
LeMans	1	-173.87007	-366.59787
LeMans	1	-173.5418	-366.93008
LeMans	1	-173.21011	-367.26624
LeMans	1	-172.87466	-367.6066
LeMans	1	-172.53531	-367.95096
LeMans	1	-172.192	-368.29916
LeMans	1	-171.84488	-368.65085
LeMans	1	-171.49536	-369.00412
LeMans	1	-171.14601	-369.3563
LeMans	1	-170.79799	-369.70648
LeMans	1	-170.45078	-370.05557
LeMans	1	-170.10234	-370.40207
LeMans	1	-169.74814	-370.7416
LeMans	1	-169.38904	-371.07486
LeMans	1	-169.02722	-371.4039
LeMans	1	-168.664	-371.7296
LeMans	1	-168.30023	-372.05264
LeMans	1	-167.93681	-372.3739
LeMans	1	-167.57516	-372.69464
LeMans	1	-167.21687	-373.01648
LeMans	1	-166.86353	-373.34116
LeMans	1	-166.51782	-373.67163
LeMans	1	-166.18076	-374.00885
LeMans	1	-165.85211	-374.352
LeMans	1	-165.5305	-374.69937
LeMans	1	-165.21243	-375.04715
LeMans	1	-164.89362	-375.39108
LeMans	1	-164.56894	-375.72623
LeMans	1	-164.23969	-376.0544
LeMans	1	-163.90865	-376.3784
LeMans	1	-163.57707	-376.69998
LeMans	1	-163.24718	-377.0204
LeMans	1	-162.92075	-377.34195
LeMans	1	-162.60083	-377.66785
LeMans	1	-162.29066	-378.00125
LeMans	1	-161.98997	-378.3413
LeMans	1	-161.69542	-378.68417
LeMans	1	-161.40509	-379.02798
LeMans	1	-161.11713	-379.3711
LeMans	1	-160.82649	-379.7089
LeMans	1	-160.52936	-380.0385
LeMans	1	-160.22849	-380.36288
LeMans	1	-159.92647	-380.68402
LeMans	1	-159.62436	-381.0031
LeMans	1	-159.32338	-381.32114
LeMans	1	-159.02565	-381.64008
LeMans	1	-158.73433	-381.9629
LeMans	1	-158.45334	-382.2929
LeMans	1	-158.1826	-382.62936
LeMans	1	-157.92014	-382.96994
LeMans	1	-157.66298	-383.31207
LeMans	1	-157.40997	-383.6549
LeMans	1	-157.1604	-383.99805
LeMans	1	-156.914	-384.34122
LeMans	1	-156.67032	-384.68436
LeMans	1	-156.4292	-385.02698
LeMans	1	-156.19032	-385.36905
LeMans	1	-155.95345	-385.71036
LeMans	1	-155.71835	-386.05066
LeMans	1	-155.48529	-386.38953
LeMans	1	-155.25386	-386.72733
LeMans	1	-155.02116	-387.06778
LeMans	1	-154.78584	-387.41302
LeMans	1	-154.54845	-387.7645
LeMans	1	-154.30971	-388.12234
LeMans	1	-154.0702	-388.48663
LeMans	1	-153.8309	-388.85538
LeMans	1	-153.59254	-389.2239
LeMans	1	-153.35495	-389.58963
LeMans	1	-153.11656	-389.95306
LeMans	1	-152.87625	-390.31418
LeMans	1	-152.63362	-390.67273
LeMans	1	-152.388	-391.02847
LeMans	1	-152.13893	-391.38065
LeMans	1	-151.88695	-391.72968
LeMans	1	-151.63515	-392.07715
LeMans	1	-151.38474	-392.42383
LeMans	1	-151.13554	-392.76932
LeMans	1	-150.88672	-393.1132
LeMans	1	-150.63867	-393.45535
LeMans	1	-150.3916	-393.79608
LeMans	1	-150.14566	-394.13538
LeMans	1	-149.90063	-394.4732
LeMans	1	-149.65498	-394.80838
LeMans	1	-149.40662	-395.13953
LeMans	1	-149.1552	-395.46637
LeMans	1	-148.90126	-395.7892
LeMans	1	-148.64552	-396.1086
LeMans	1	-148.38887	-396.42526
LeMans	1	-148.13268	-396.74026
LeMans	1	-147.87845	-397.0548
LeMans	1	-147.62737	-397.37
LeMans	1	-147.3806	-397.68652
LeMans	1	-147.1394	-398.0057
LeMans	1	-146.90633	-398.3293
LeMans	1	-146.68083	-398.657
LeMans	1	-146.45955	-398.9859
LeMans	1	-146.24074	-399.3146
LeMans	1	-146.02382	-399.64264
LeMans	1	-145.80852	-399.96988
LeMans	1	-145.59471	-400.29608
LeMans	1	-145.38217	-400.6213
LeMans	1	-145.17085	-400.94547
LeMans	1	-144.96075	-401.2686
LeMans	1	-144.75156	-401.59085
LeMans	1	-144.5416	-401.91425
LeMans	1	-144.33022	-402.24014
LeMans	1	-144.11662	-402.56967
LeMans	1	-143.90086	-402.90305
LeMans	1	-143.6828	-403.24026
LeMans	1	-143.4625	-403.58136
LeMans	1	-143.23999	-403.9258
LeMans	1	-143.01598	-404.2724
LeMans	1	-142.79181	-404.61865
LeMans	1	-142.56828	-404.96323
LeMans	1	-142.34506	-405.30664
LeMans	1	-142.12218	-405.64893
LeMans	1	-141.89954	-405.9904
LeMans	1	-141.67719	-406.331
LeMans	1	-141.45537	-406.67053
LeMans	1	-141.23412	-407.009
LeMans	1	-141.01352	-407.3464
LeMans	1	-140.79355	-407.68274
LeMans	1	-140.57439	-408.0178
LeMans	1	-140.35686	-408.35156
LeMans	1	-140.14153	-408.6868
LeMans	1	-139.92845	-409.02518
LeMans	1	-139.71721	-409.36697
LeMans	1	-139.50694	-409.71176
LeMans	1	-139.29607	-410.05914
LeMans	1	-139.08405	-410.4071
LeMans	1	-138.87057	-410.75354
LeMans	1	-138.65485	-411.09717
LeMans	1	-138.43474	-411.4368
LeMans	1	-138.21115	-411.7729
LeMans	1	-137.98598	-412.10635
LeMans	1	-137.76021	-412.43765
LeMans	1	-137.53459	-412.7673
LeMans	1	-137.31123	-413.09644
LeMans	1	-137.0927	-413.42682
LeMans	1	-136.8804	-413.75934
LeMans	1	-136.67288	-414.09293
LeMans	1	-136.46869	-414.42676
LeMans	1	-136.26622	-414.75977
LeMans	1	-136.06383	-415.0911
LeMans	1	-135.86017	-415.4198
LeMans	1	-135.65414	-415.74515
LeMans	1	-135.44437	-416.06644
LeMans	1	-135.22871	-416.38232
LeMans	1	-135.0085	-416.69363
LeMans	1	-134.78622	-417.0018
LeMans	1	-134.56313	-417.30756
LeMans	1	-134.3398	-417.61136
LeMans	1	-134.11655	-417.91327
LeMans	1	-133.89351	-418.2136
LeMans	1	-133.67085	-418.51227
LeMans	1	-133.44862	-418.80942
LeMans	1	-133.22691	-419.1051
LeMans	1	-133.00575	-419.39935
LeMans	1	-132.78516	-419.69226
LeMans	1	-132.56517	-419.98386
LeMans	1	-132.3458	-420.27408
LeMans	1	-132.12708	-420.5631
LeMans	1	-131.90904	-420.85104
LeMans	1	-131.69179	-421.13773
LeMans	1	-131.47533	-421.42322
LeMans	1	-131.25969	-421.7076
LeMans	1	-131.04495	-421.99084
LeMans	1	-130.83109	-422.27307
LeMans	1	-130.61769	-422.5546
LeMans	1	-130.4036	-422.83713
LeMans	1	-130.18782	-423.1222
LeMans	1	-129.97012	-423.4101
LeMans	1	-129.75061	-423.70068
LeMans	1	-129.52936	-423.9939
LeMans	1	-129.30652	-424.28928
LeMans	1	-129.08244	-424.58655
LeMans	1	-128.85867	-424.8838
LeMans	1	-128.63605	-425.17963
LeMans	1	-128.41434	-425.47446
LeMans	1	-128.19305	-425.76874
LeMans	1	-127.972206	-426.06256
LeMans	1	-127.751755	-426.35596
LeMans	1	-127.531685	-426.64886
LeMans	1	-127.3122	-426.94104
LeMans	1	-127.09324	-427.23248
LeMans	1	-126.87502	-427.523
LeMans	1	-126.65756	-427.81253
LeMans	1	-126.440865	-428.101
LeMans	1	-126.225105	-428.38828
LeMans	1	-126.010185	-428.67438
LeMans	1	-125.79618	-428.9593
LeMans	1	-125.5831	-429.24295
LeMans	1	-125.370834	-429.5256
LeMans	1	-125.15947	-429.807
LeMans	1	-124.948944	-430.08734
LeMans	1	-124.739265	-430.3665
LeMans	1	-124.53043	-430.64447
LeMans	1	-124.32239	-430.92148
LeMans	1	-124.115166	-431.1974
LeMans	1	-123.908936	-431.4724
LeMans	1	-123.7057	-431.7481
LeMans	1	-123.50617	-432.02505
LeMans	1	-123.309395	-432.30246
LeMans	1	-123.11468	-432.5797
LeMans	1	-122.92128	-432.8563
LeMans	1	-122.72827	-433.1315
LeMans	1	-122.53492	-433.40485
LeMans	1	-122.34062	-433.67593
LeMans	1	-122.144844	-433.9444
LeMans	1	-121.946724	-434.2096
LeMans	1	-121.746346	-434.47168
LeMans	1	-121.54537	-434.73175
LeMans	1	-121.34344	-434.98947
LeMans	1	-121.141235	-435.24545
LeMans	1	-120.9393	-435.5002
LeMans	1	-120.73689	-435.75516
LeMans	1	-120.53274	-436.01166
LeMans	1	-120.32664	-436.27023
LeMans	1	-120.11881	-436.53064
LeMans	1	-119.90945	-436.79297
LeMans	1	-119.69871	-437.05685
LeMans	1	-119.48682	-437.3223
LeMans	1	-119.27481	-437.58795
LeMans	1	-119.063805	-437.85245
LeMans	1	-118.85366	-438.11588
LeMans	1	-118.64411	-438.37863
LeMans	1	-118.43492	-438.64108
LeMans	1	-118.226166	-438.9031
LeMans	1	-118.01816	-439.1647
LeMans	1	-117.81208	-439.42697
LeMans	1	-117.610214	-439.6914
LeMans	1	-117.41271	-439.95795
LeMans	1	-117.218666	-440.2259
LeMans	1	-117.027275	-440.4942
LeMans	1	-116.83745	-440.762
LeMans	1	-116.648026	-441.0285
LeMans	1	-116.45808	-441.29272
LeMans	1	-116.26686	-441.5544
LeMans	1	-116.073784	-441.81305
LeMans	1	-115.878265	-442.06815
LeMans	1	-115.67879	-442.3189
LeMans	1	-115.47597	-442.5655
LeMans	1	-115.270935	-442.8088
LeMans	1	-115.064926	-443.0498
LeMans	1	-114.85856	-443.28894
LeMans	1	-114.652214	-443.5265
LeMans	1	-114.44606	-443.76245
LeMans	1	-114.240074	-443.99728
LeMans	1	-114.0335	-444.23187
LeMans	1	-113.82537	-444.46738
LeMans	1	-113.614784	-444.7051
LeMans	1	-113.40127	-444.94577
LeMans	1	-113.18485	-445.18936
LeMans	1	-112.966	-445.43582
LeMans	1	-112.748184	-445.68616
LeMans	1	-112.536026	-445.93973
LeMans	1	-112.32887	-446.19455
LeMans	1	-112.124985	-446.45056
LeMans	1	-111.92327	-446.70758
LeMans	1	-111.72306	-446.9652
LeMans	1	-111.52331	-447.223
LeMans	1	-111.32269	-447.47992
LeMans	1	-111.12079	-447.73495
LeMans	1	-110.9168	-447.98743
LeMans	1	-110.71033	-448.23584
LeMans	1	-110.50025	-448.47964
LeMans	1	-110.284454	-448.71765
LeMans	1	-110.06489	-448.95065
LeMans	1	-109.84358	-449.1803
LeMans	1	-109.621346	-449.40738
LeMans	1	-109.39873	-449.63214
LeMans	1	-109.175934	-449.85483
LeMans	1	-108.95319	-450.07562
LeMans	1	-108.730606	-450.29468
LeMans	1	-108.50828	-450.512
LeMans	1	-108.28638	-450.72766
LeMans	1	-108.06478	-450.9419
LeMans	1	-107.84369	-451.15475
LeMans	1	-107.62321	-451.36615
LeMans	1	-107.4032	-451.5765
LeMans	1	-107.18387	-451.78564
LeMans	1	-106.96499	-451.9938
LeMans	1	-106.74523	-452.20236
LeMans	1	-106.52418	-452.41315
LeMans	1	-106.30446	-452.6296
LeMans	1	-106.086754	-452.85187
LeMans	1	-105.872116	-453.0793
LeMans	1	-105.66096	-453.30887
LeMans	1	-105.45255	-453.53845
LeMans	1	-105.24541	-453.7671
LeMans	1	-105.03792	-453.99405
LeMans	1	-104.82903	-454.2184
LeMans	1	-104.61807	-454.43958
LeMans	1	-104.404175	-454.657
LeMans	1	-104.18574	-454.86893
LeMans	1	-103.96276	-455.07513
LeMans	1	-103.73749	-455.2777
LeMans	1	-103.5112	-455.47775
LeMans	1	-103.28439	-455.67554
LeMans	1	-103.05745	-455.8714
LeMans	1	-102.83062	-456.0655
LeMans	1	-102.60398	-456.258
LeMans	1	-102.377686	-456.44894
LeMans	1	-102.15183	-456.6384
LeMans	1	-101.926384	-456.82654
LeMans	1	-101.70153	-457.0134
LeMans	1	-101.47727	-457.19897
LeMans	1	-101.25358	-457.3835
LeMans	1	-101.030525	-457.56702
LeMans	1	-100.80822	-457.74957
LeMans	1	-100.586586	-457.93115
LeMans	1	-100.36472	-458.1126
LeMans	1	-100.1413	-458.29507
LeMans	1	-99.91569	-458.47934
LeMans	1	-99.68815	-458.66537
LeMans	1	-99.45893	-458.85297
LeMans	1	-99.22928	-459.04117
LeMans	1	-99.000694	-459.22855
LeMans	1	-98.77348	-459.4149
LeMans	1	-98.54717	-459.60043
LeMans	1	-98.32158	-459.78558
LeMans	1	-98.09644	-459.9705
LeMans	1	-97.8718	-460.15527
LeMans	1	-97.647194	-460.34027
LeMans	1	-97.42372	-460.52475
LeMans	1	-97.20094	-460.70886
LeMans	1	-96.97895	-460.89246
LeMans	1	-96.7578	-461.07538
LeMans	1	-96.53777	-461.25772
LeMans	1	-96.31905	-461.43967
LeMans	1	-96.102264	-461.62213
LeMans	1	-95.8892	-461.80713
LeMans	1	-95.67997	-461.99496
LeMans	1	-95.473885	-462.18472
LeMans	1	-95.27041	-462.37573
LeMans	1	-95.06882	-462.56744
LeMans	1	-94.868416	-462.75894
LeMans	1	-94.66836	-462.9491
LeMans	1	-94.46813	-463.1369
LeMans	1	-94.26689	-463.32193
LeMans	1	-94.06409	-463.5037
LeMans	1	-93.85916	-463.68155
LeMans	1	-93.65096	-463.85406
LeMans	1	-93.43911	-464.02066
LeMans	1	-93.22534	-464.18353
LeMans	1	-93.01026	-464.34424
LeMans	1	-92.79591	-464.5023
LeMans	1	-92.58195	-464.6587
LeMans	1	-92.36842	-464.81354
LeMans	1	-92.15541	-464.96707
LeMans	1	-91.943016	-465.1192
LeMans	1	-91.73131	-465.27002
LeMans	1	-91.52031	-465.41965
LeMans	1	-91.310074	-465.56808
LeMans	1	-91.10066	-465.71548
LeMans	1	-90.89209	-465.8619
LeMans	1	-90.68441	-466.0074
LeMans	1	-90.47766	-466.15198
LeMans	1	-90.27157	-466.29593
LeMans	1	-90.06513	-466.43994
LeMans	1	-89.85757	-466.58472
LeMans	1	-89.6488	-466.7304
LeMans	1	-89.43908	-466.87704
LeMans	1	-89.22848	-467.0244
LeMans	1	-89.01758	-467.17215
LeMans	1	-88.80786	-467.31918
LeMans	1	-88.599464	-467.4654
LeMans	1	-88.39202	-467.611
LeMans	1	-88.18541	-467.75623
LeMans	1	-87.97956	-467.90112
LeMans	1	-87.77447	-468.0457
LeMans	1	-87.57019	-468.18982
LeMans	1	-87.366806	-468.33356
LeMans	1	-87.16436	-468.47665
LeMans	1	-86.96292	-468.61923
LeMans	1	-86.7625	-468.7613
LeMans	1	-86.5631	-468.90262
LeMans	1	-86.36472	-469.0433
LeMans	1	-86.16736	-469.18335
LeMans	1	-85.97098	-469.32272
LeMans	1	-85.77487	-469.4619
LeMans	1	-85.577774	-469.60178
LeMans	1	-85.37918	-469.74274
LeMans	1	-85.17925	-469.8847
LeMans	1	-84.97821	-470.02744
LeMans	1	-84.77626	-470.17078
LeMans	1	-84.57411	-470.31445
LeMans	1	-84.37392	-470.45865
LeMans	1	-84.17777	-470.6061
LeMans	1	-83.98497	-470.75647
LeMans	1	-83.79482	-470.90918
LeMans	1	-83.60687	-471.0635
LeMans	1	-83.42049	-471.21863
LeMans	1	-83.23489	-471.37332
LeMans	1	-83.049416	-471.52652
LeMans	1	-82.863434	-471.67734
LeMans	1	-82.67653	-471.8251
LeMans	1	-82.48826	-471.9693
LeMans	1	-82.298	-472.10913
LeMans	1	-82.10452	-472.24307
LeMans	1	-81.908394	-472.37155
LeMans	1	-81.71125	-472.49692
LeMans	1	-81.51374	-472.61987
LeMans	1	-81.31632	-472.74088
LeMans	1	-81.11925	-472.86026
LeMans	1	-80.922676	-472.9783
LeMans	1	-80.72672	-473.09506
LeMans	1	-80.5315	-473.2107
LeMans	1	-80.33708	-473.32523
LeMans	1	-80.14304	-473.43903
LeMans	1	-79.94812	-473.553
LeMans	1	-79.75309	-473.6697
LeMans	1	-79.56016	-473.79233
LeMans	1	-79.36941	-473.91995
LeMans	1	-79.18106	-474.05057
LeMans	1	-78.99544	-474.18256
LeMans	1	-78.81194	-474.3152
LeMans	1	-78.63002	-474.44833
LeMans	1	-78.44925	-474.58163
LeMans	1	-78.26897	-474.71417
LeMans	1	-78.08838	-474.845
LeMans	1	-77.90685	-474.97275
LeMans	1	-77.723816	-475.0967
LeMans	1	-77.53864	-475.2159
LeMans	1	-77.35013	-475.3287
LeMans	1	-77.15815	-475.43472
LeMans	1	-76.96344	-475.53506
LeMans	1	-76.76628	-475.62997
LeMans	1	-76.56732	-475.71994
LeMans	1	-76.36807	-475.8071
LeMans	1	-76.16922	-475.89233
LeMans	1	-75.97097	-475.97592
LeMans	1	-75.77349	-476.05798
LeMans	1	-75.57703	-476.13843
LeMans	1	-75.3814	-476.21735
LeMans	1	-75.18595	-476.2951
LeMans	1	-74.98961	-476.3724
LeMans	1	-74.79134	-476.44968
LeMans	1	-74.59081	-476.52734
LeMans	1	-74.38802	-476.60547
LeMans	1	-74.183205	-476.68396
LeMans	1	-73.97656	-476.7628
LeMans	1	-73.76897	-476.84186
LeMans	1	-73.56202	-476.92053
LeMans	1	-73.35635	-476.99854
LeMans	1	-73.15159	-477.07605
LeMans	1	-72.9474	-477.15326
LeMans	1	-72.7437	-477.23032
LeMans	1	-72.54054	-477.30713
LeMans	1	-72.337975	-477.38382
LeMans	1	-72.1361	-477.4604
LeMans	1	-71.935036	-477.53677
LeMans	1	-71.734856	-477.61304
LeMans	1	-71.53571	-477.68912
LeMans	1	-71.33762	-477.7651
LeMans	1	-71.14064	-477.84085
LeMans	1	-70.94458	-477.9165
LeMans	1	-70.7492	-477.99213
LeMans	1	-70.55419	-478.06784
LeMans	1	-70.35851	-478.14426
LeMans	1	-70.16203	-478.22382
LeMans	1	-69.965416	-478.30823
LeMans	1	-69.769035	-478.3972
LeMans	1	-69.57316	-478.48996
LeMans	1	-69.37882	-478.58545
LeMans	1	-69.1865	-478.68152
LeMans	1	-68.9952	-478.77673
LeMans	1	-68.80414	-478.8702
LeMans	1	-68.61269	-478.96097
LeMans	1	-68.42056	-479.04828
LeMans	1	-68.22731	-479.1314
LeMans	1	-68.03222	-479.20865
LeMans	1	-67.83529	-479.27972
LeMans	1	-67.63779	-479.34717
LeMans	1	-67.44023	-479.4123
LeMans	1	-67.24305	-479.47546
LeMans	1	-67.04639	-479.53717
LeMans	1	-66.85037	-479.59766
LeMans	1	-66.655136	-479.65707
LeMans	1	-66.46071	-479.71558
LeMans	1	-66.26723	-479.77322
LeMans	1	-66.07471	-479.83023
LeMans	1	-65.883156	-479.88663
LeMans	1	-65.69256	-479.9424
LeMans	1	-65.502205	-479.9978
LeMans	1	-65.31078	-480.05334
LeMans	1	-65.11732	-480.1093
LeMans	1	-64.921684	-480.16602
LeMans	1	-64.72415	-480.22336
LeMans	1	-64.52488	-480.28125
LeMans	1	-64.32402	-480.33972
LeMans	1	-64.12282	-480.39853
LeMans	1	-63.923103	-480.45694
LeMans	1	-63.724594	-480.51508
LeMans	1	-63.526806	-480.57312
LeMans	1	-63.329525	-480.63113
LeMans	1	-63.13271	-480.68912
LeMans	1	-62.936428	-480.7471
LeMans	1	-62.74075	-480.8051
LeMans	1	-62.545715	-480.86304
LeMans	1	-62.35146	-480.9208
LeMans	1	-62.157505	-480.97855
LeMans	1	-61.962498	-481.03674
LeMans	1	-61.76576	-481.09558
LeMans	1	-61.567593	-481.15536
LeMans	1	-61.368786	-481.21744
LeMans	1	-61.170994	-481.28436
LeMans	1	-60.975483	-481.35486
LeMans	1	-60.78258	-481.42792
LeMans	1	-60.59149	-481.50314
LeMans	1	-60.401882	-481.5801
LeMans	1	-60.213436	-481.6581
LeMans	1	-60.025715	-481.73596
LeMans	1	-59.838345	-481.81238
LeMans	1	-59.650993	-481.88623
LeMans	1	-59.463398	-481.9567
LeMans	1	-59.27529	-482.023
LeMans	1	-59.08627	-482.08426
LeMans	1	-58.895668	-482.13855
LeMans	1	-58.70378	-482.1864
LeMans	1	-58.511024	-482.22897
LeMans	1	-58.318195	-482.2684
LeMans	1	-58.125774	-482.306
LeMans	1	-57.93393	-482.34207
LeMans	1	-57.742798	-482.37686
LeMans	1	-57.552475	-482.41058
LeMans	1	-57.36168	-482.44382
LeMans	1	-57.16838	-482.47687
LeMans	1	-56.97196	-482.50983
LeMans	1	-56.772476	-482.54282
LeMans	1	-56.570263	-482.57584
LeMans	1	-56.36547	-482.6089
LeMans	1	-56.158207	-482.64215
LeMans	1	-55.9497	-482.6755
LeMans	1	-55.74244	-482.70917
LeMans	1	-55.537342	-482.74597
LeMans	1	-55.33416	-482.7887
LeMans	1	-55.132206	-482.8357
LeMans	1	-54.93111	-482.88553
LeMans	1	-54.7308	-482.9375
LeMans	1	-54.531216	-482.9911
LeMans	1	-54.332363	-483.04575
LeMans	1	-54.134174	-483.10062
LeMans	1	-53.936527	-483.15436
LeMans	1	-53.739285	-483.20572
LeMans	1	-53.542244	-483.2537
LeMans	1	-53.34522	-483.29718
LeMans	1	-53.147778	-483.33444
LeMans	1	-52.94953	-483.36374
LeMans	1	-52.750854	-483.38635
LeMans	1	-52.552002	-483.40326
LeMans	1	-52.353436	-483.4166
LeMans	1	-52.155533	-483.42767
LeMans	1	-51.95848	-483.43726
LeMans	1	-51.762493	-483.4462
LeMans	1	-51.568176	-483.4583
LeMans	1	-51.37577	-483.47543
LeMans	1	-51.18483	-483.49435
LeMans	1	-50.994785	-483.51022
LeMans	1	-50.80556	-483.52237
LeMans	1	-50.61676	-483.5302
LeMans	1	-50.428738	-483.53473
LeMans	1	-50.241436	-483.53674
LeMans	1	-50.054947	-483.53687
LeMans	1	-49.869324	-483.53552
LeMans	1	-49.684628	-483.53296
LeMans	1	-49.50089	-483.5293
LeMans	1	-49.31814	-483.5247
LeMans	1	-49.136433	-483.5193
LeMans	1	-48.95576	-483.51328
LeMans	1	-48.77611	-483.5066
LeMans	1	-48.597485	-483.49948
LeMans	1	-48.419857	-483.49194
LeMans	1	-48.243237	-483.48416
LeMans	1	-48.0676	-483.47614
LeMans	1	-47.892967	-483.46695
LeMans	1	-47.71931	-483.45544
LeMans	1	-47.54664	-483.44098
LeMans	1	-47.37492	-483.42334
LeMans	1	-47.204224	-483.40305
LeMans	1	-47.034527	-483.38043
LeMans	1	-46.865887	-483.35654
LeMans	1	-46.6982	-483.33252
LeMans	1	-46.531322	-483.30942
LeMans	1	-46.36516	-483.2881
LeMans	1	-46.199657	-483.2694
LeMans	1	-46.034695	-483.25406
LeMans	1	-45.870132	-483.2426
LeMans	1	-45.705914	-483.2357
LeMans	1	-45.541737	-483.23444
LeMans	1	-45.377712	-483.23837
LeMans	1	-45.214027	-483.24646
LeMans	1	-45.050873	-483.25677
LeMans	1	-44.88838	-483.26828
LeMans	1	-44.72662	-483.28058
LeMans	1	-44.565613	-483.29352
LeMans	1	-44.405415	-483.30685
LeMans	1	-44.24613	-483.32053
LeMans	1	-44.087826	-483.33435
LeMans	1	-43.930546	-483.34836
LeMans	1	-43.77431	-483.3624
LeMans	1	-43.619114	-483.37653
LeMans	1	-43.464878	-483.39056
LeMans	1	-43.311577	-483.4045
LeMans	1	-43.15923	-483.41855
LeMans	1	-43.007816	-483.43253
LeMans	1	-42.85739	-483.4478
LeMans	1	-42.707405	-483.46558
LeMans	1	-42.556137	-483.48596
LeMans	1	-42.402733	-483.5091
LeMans	1	-42.24754	-483.53516
LeMans	1	-42.090984	-483.5637
LeMans	1	-41.93335	-483.5945
LeMans	1	-41.77531	-483.62704
LeMans	1	-41.618343	-483.65994
LeMans	1	-41.462513	-483.69147
LeMans	1	-41.307205	-483.7207
LeMans	1	-41.151978	-483.7467
LeMans	1	-40.996517	-483.76874
LeMans	1	-40.840557	-483.78574
LeMans	1	-40.683914	-483.79623
LeMans	1	-40.52681	-483.80106
LeMans	1	-40.36959	-483.80133
LeMans	1	-40.212482	-483.7975
LeMans	1	-40.055714	-483.7903
LeMans	1	-39.89955	-483.78186
LeMans	1	-39.74411	-483.77274
LeMans	1	-39.58945	-483.7629
LeMans	1	-39.43564	-483.75266
LeMans	1	-39.281727	-483.74222
LeMans	1	-39.126266	-483.73145
LeMans	1	-38.96892	-483.72018
LeMans	1	-38.809963	-483.70856
LeMans	1	-38.64956	-483.69666
LeMans	1	-38.48795	-483.68466
LeMans	1	-38.32669	-483.6728
LeMans	1	-38.16714	-483.66092
LeMans	1	-38.0087	-483.64908
LeMans	1	-37.85093	-483.6373
LeMans	1	-37.693626	-483.6257
LeMans	1	-37.536793	-483.61417
LeMans	1	-37.38039	-483.60272
LeMans	1	-37.2245	-483.59146
LeMans	1	-37.069168	-483.58038
LeMans	1	-36.914455	-483.5694
LeMans	1	-36.76046	-483.5587
LeMans	1	-36.607307	-483.54816
LeMans	1	-36.455017	-483.53787
LeMans	1	-36.30342	-483.5277
LeMans	1	-36.150955	-483.51743
LeMans	1	-35.996037	-483.50705
LeMans	1	-35.838516	-483.497
LeMans	1	-35.67866	-483.48706
LeMans	1	-35.516792	-483.4771
LeMans	1	-35.352974	-483.4671
LeMans	1	-35.187134	-483.45694
LeMans	1	-35.019623	-483.44678
LeMans	1	-34.85193	-483.4366
LeMans	1	-34.68542	-483.42636
LeMans	1	-34.519745	-483.4161
LeMans	1	-34.354527	-483.40573
LeMans	1	-34.18947	-483.3954
LeMans	1	-34.024593	-483.38504
LeMans	1	-33.85995	-483.37466
LeMans	1	-33.69572	-483.36444
LeMans	1	-33.53197	-483.35428
LeMans	1	-33.368828	-483.3441
LeMans	1	-33.206394	-483.33392
LeMans	1	-33.044735	-483.324
LeMans	1	-32.88305	-483.3166
LeMans	1	-32.72026	-483.3132
LeMans	1	-32.556168	-483.3135
LeMans	1	-32.391087	-483.31686
LeMans	1	-32.225433	-483.3227
LeMans	1	-32.0598	-483.33023
LeMans	1	-31.895546	-483.33804
LeMans	1	-31.732553	-483.34482
LeMans	1	-31.570488	-483.34955
LeMans	1	-31.409111	-483.35135
LeMans	1	-31.24832	-483.34918
LeMans	1	-31.088049	-483.3413
LeMans	1	-30.928452	-483.32663
LeMans	1	-30.769571	-483.30722
LeMans	1	-30.611486	-483.28537
LeMans	1	-30.454197	-483.26202
LeMans	1	-30.297714	-483.23734
LeMans	1	-30.14205	-483.21176
LeMans	1	-29.987265	-483.18546
LeMans	1	-29.83336	-483.15863
LeMans	1	-29.680166	-483.1314
LeMans	1	-29.527983	-483.10406
LeMans	1	-29.375204	-483.0764
LeMans	1	-29.220688	-483.0483
LeMans	1	-29.06401	-483.0206
LeMans	1	-28.904911	-482.99695
LeMans	1	-28.743515	-482.97772
LeMans	1	-28.580393	-482.9621
LeMans	1	-28.416733	-482.95056
LeMans	1	-28.254128	-482.94183
LeMans	1	-28.092659	-482.93332
LeMans	1	-27.931904	-482.92374
LeMans	1	-27.771708	-482.91217
LeMans	1	-27.612068	-482.89767
LeMans	1	-27.453146	-482.87854
LeMans	1	-27.295256	-482.85193
LeMans	1	-27.138554	-482.81873
LeMans	1	-26.982824	-482.782
LeMans	1	-26.828026	-482.74316
LeMans	1	-26.674194	-482.70273
LeMans	1	-26.521381	-482.66107
LeMans	1	-26.369625	-482.61847
LeMans	1	-26.218956	-482.57513
LeMans	1	-26.069355	-482.53125
LeMans	1	-25.920832	-482.4869
LeMans	1	-25.773388	-482.44238
LeMans	1	-25.627007	-482.39777
LeMans	1	-25.481674	-482.3531
LeMans	1	-25.337067	-482.30835
LeMans	1	-25.192108	-482.26324
LeMans	1	-25.045933	-482.21756
LeMans	1	-24.898125	-482.17136
LeMans	1	-24.748692	-482.12485
LeMans	1	-24.597763	-482.07797
LeMans	1	-24.44542	-482.03082
LeMans	1	-24.291687	-481.98346
LeMans	1	-24.136723	-481.93604
LeMans	1	-23.981052	-481.88858
LeMans	1	-23.825636	-481.84143
LeMans	1	-23.67111	-481.79465
LeMans	1	-23.517128	-481.74805
LeMans	1	-23.363464	-481.70175
LeMans	1	-23.210096	-481.65558
LeMans	1	-23.05701	-481.60968
LeMans	1	-22.904272	-481.56393
LeMans	1	-22.751966	-481.5185
LeMans	1	-22.600233	-481.47336
LeMans	1	-22.449158	-481.42856
LeMans	1	-22.298857	-481.38406
LeMans	1	-22.149355	-481.33984
LeMans	1	-22.000683	-481.29596
LeMans	1	-21.85281	-481.2524
LeMans	1	-21.704662	-481.2087
LeMans	1	-21.554895	-481.1646
LeMans	1	-21.403208	-481.12
LeMans	1	-21.249743	-481.07498
LeMans	1	-21.094652	-481.02945
LeMans	1	-20.938032	-480.98355
LeMans	1	-20.779903	-480.9371
LeMans	1	-20.620409	-480.89026
LeMans	1	-20.460968	-480.84348
LeMans	1	-20.302776	-480.79697
LeMans	1	-20.145372	-480.75064
LeMans	1	-19.98833	-480.70438
LeMans	1	-19.831566	-480.65823
LeMans	1	-19.675077	-480.61215
LeMans	1	-19.518906	-480.56616
LeMans	1	-19.363092	-480.52026
LeMans	1	-19.207758	-480.4745
LeMans	1	-19.052525	-480.42877
LeMans	1	-18.895885	-480.38266
LeMans	1	-18.736944	-480.33594
LeMans	1	-18.574957	-480.2909
LeMans	1	-18.409678	-480.24918
LeMans	1	-18.24161	-480.21042
LeMans	1	-18.071009	-480.17413
LeMans	1	-17.898508	-480.14053
LeMans	1	-17.725971	-480.10883
LeMans	1	-17.554808	-480.07742
LeMans	1	-17.384853	-480.0451
LeMans	1	-17.21599	-480.01077
LeMans	1	-17.048304	-479.97336
LeMans	1	-16.881927	-479.93195
LeMans	1	-16.717197	-479.88495
LeMans	1	-16.554457	-479.83142
LeMans	1	-16.393278	-479.77377
LeMans	1	-16.233322	-479.71405
LeMans	1	-16.074541	-479.65283
LeMans	1	-15.916928	-479.5907
LeMans	1	-15.760491	-479.52783
LeMans	1	-15.605199	-479.46457
LeMans	1	-15.451045	-479.40103
LeMans	1	-15.298053	-479.33737
LeMans	1	-15.14558	-479.2737
LeMans	1	-14.991831	-479.2093
LeMans	1	-14.836038	-479.14377
LeMans	1	-14.67826	-479.07733
LeMans	1	-14.518714	-479.01013
LeMans	1	-14.3572445	-478.94296
LeMans	1	-14.192797	-478.8795
LeMans	1	-14.025726	-478.82166
LeMans	1	-13.858272	-478.76828
LeMans	1	-13.6911125	-478.7177
LeMans	1	-13.524068	-478.66885
LeMans	1	-13.357337	-478.6202
LeMans	1	-13.191255	-478.57068
LeMans	1	-13.026176	-478.5192
LeMans	1	-12.862519	-478.46475
LeMans	1	-12.70088	-478.4059
LeMans	1	-12.542197	-478.34012
LeMans	1	-12.386183	-478.269
LeMans	1	-12.232034	-478.19507
LeMans	1	-12.079463	-478.11942
LeMans	1	-11.92835	-478.04245
LeMans	1	-11.778624	-477.96463
LeMans	1	-11.630225	-477.8862
LeMans	1	-11.48309	-477.80734
LeMans	1	-11.337148	-477.7283
LeMans	1	-11.192324	-477.64917
LeMans	1	-11.047911	-477.56982
LeMans	1	-10.902315	-477.48956
LeMans	1	-10.754512	-477.4078
LeMans	1	-10.604406	-477.3246
LeMans	1	-10.452216	-477.2401
LeMans	1	-10.298037	-477.15457
LeMans	1	-10.142401	-477.0684
LeMans	1	-9.98686	-476.9825
LeMans	1	-9.832661	-476.89734
LeMans	1	-9.6794405	-476.81265
LeMans	1	-9.526681	-476.7283
LeMans	1	-9.374246	-476.64426
LeMans	1	-9.222129	-476.5604
LeMans	1	-9.0703535	-476.47684
LeMans	1	-8.918939	-476.39362
LeMans	1	-8.767573	-476.31042
LeMans	1	-8.614951	-476.2267
LeMans	1	-8.460621	-476.14233
LeMans	1	-8.304593	-476.05737
LeMans	1	-8.147194	-475.97186
LeMans	1	-7.988621	-475.88593
LeMans	1	-7.8290186	-475.79965
LeMans	1	-7.669399	-475.7135
LeMans	1	-7.5111976	-475.6281
LeMans	1	-7.353987	-475.54324
LeMans	1	-7.1974173	-475.4587
LeMans	1	-7.04118	-475.3745
LeMans	1	-6.8845115	-475.29214
LeMans	1	-6.726016	-475.21417
LeMans	1	-6.56601	-475.14026
LeMans	1	-6.4051256	-475.06943
LeMans	1	-6.244137	-475.0006
LeMans	1	-6.083712	-474.93256
LeMans	1	-5.9244556	-474.8643
LeMans	1	-5.7668834	-474.79498
LeMans	1	-5.611376	-474.7239
LeMans	1	-5.4583163	-474.65018
LeMans	1	-5.3083158	-474.57233
LeMans	1	-5.161835	-474.4894
LeMans	1	-5.0180054	-474.40323
LeMans	1	-4.876048	-474.3153
LeMans	1	-4.7355766	-474.22644
LeMans	1	-4.5964	-474.1369
LeMans	1	-4.4583755	-474.0471
LeMans	1	-4.321397	-473.95718
LeMans	1	-4.1853943	-473.86725
LeMans	1	-4.050324	-473.7775
LeMans	1	-3.9158118	-473.68793
LeMans	1	-3.78028	-473.59766
LeMans	1	-3.6422534	-473.50558
LeMans	1	-3.5013726	-473.4116
LeMans	1	-3.357962	-473.316
LeMans	1	-3.2122335	-473.21902
LeMans	1	-3.064657	-473.1211
LeMans	1	-2.9155016	-473.02518
LeMans	1	-2.7649033	-472.93393
LeMans	1	-2.6130304	-472.8473
LeMans	1	-2.4599755	-472.76376
LeMans	1	-2.3061612	-472.68234
LeMans	1	-2.1523082	-472.60156
LeMans	1	-1.9990466	-472.52026
LeMans	1	-1.8470154	-472.4376
LeMans	1	-1.6967672	-472.35287
LeMans	1	-1.5490166	-472.26508
LeMans	1	-1.4049755	-472.1722
LeMans	1	-1.2646142	-472.0746
LeMans	1	-1.1267761	-471.9746
LeMans	1	-0.9908344	-471.87326
LeMans	1	-0.8564942	-471.7711
LeMans	1	-0.723627	-471.66855
LeMans	1	-0.5920647	-471.56573
LeMans	1	-0.46167594	-471.46295
LeMans	1	-0.33243072	-471.36026
LeMans	1	-0.20426916	-471.25784
LeMans	1	-0.07713824	-471.15582
LeMans	1	0.04903833	-471.05426
LeMans	1	0.17430152	-470.9532
LeMans	1	0.29870754	-470.8527
LeMans	1	0.42231876	-470.7527
LeMans	1	0.54522073	-470.65317
LeMans	1	0.6682826	-470.55347
LeMans	1	0.79244924	-470.4529
LeMans	1	0.91807836	-470.35156
LeMans	1	1.0461943	-470.2509
LeMans	1	1.1781652	-470.1529
LeMans	1	1.313722	-470.05777
LeMans	1	1.4517653	-469.96582
LeMans	1	1.5900722	-469.87656
LeMans	1	1.7276998	-469.78836
LeMans	1	1.8644536	-469.70007
LeMans	1	1.9998857	-469.61066
LeMans	1	2.1334705	-469.51944
LeMans	1	2.264403	-469.42523
LeMans	1	2.3912952	-469.32617
LeMans	1	2.5144975	-469.22296
LeMans	1	2.6352973	-469.1176
LeMans	1	2.754322	-469.0111
LeMans	1	2.8718452	-468.90414
LeMans	1	2.9880135	-468.7969
LeMans	1	3.1029773	-468.6895
LeMans	1	3.2168384	-468.58224
LeMans	1	3.3296864	-468.47522
LeMans	1	3.4415958	-468.36853
LeMans	1	3.5526214	-468.26236
LeMans	1	3.6628063	-468.1567
LeMans	1	3.7721972	-468.05167
LeMans	1	3.8808348	-467.9472
LeMans	1	3.9892704	-467.84283
LeMans	1	4.0986204	-467.7375
LeMans	1	4.209332	-467.631
LeMans	1	4.32149	-467.52344
LeMans	1	4.4347806	-467.41495
LeMans	1	4.5491457	-467.30588
LeMans	1	4.6641326	-467.19662
LeMans	1	4.778465	-467.08826
LeMans	1	4.891896	-466.98077
LeMans	1	5.004839	-466.8739
LeMans	1	5.1175036	-466.76746
LeMans	1	5.2299485	-466.66132
LeMans	1	5.3421717	-466.55557
LeMans	1	5.4541655	-466.4501
LeMans	1	5.566028	-466.34482
LeMans	1	5.678897	-466.23862
LeMans	1	5.7940507	-466.13043
LeMans	1	5.9117413	-466.0201
LeMans	1	6.031503	-465.9081
LeMans	1	6.153055	-465.7945
LeMans	1	6.2763734	-465.67926
LeMans	1	6.401782	-465.5631
LeMans	1	6.5304313	-465.44855
LeMans	1	6.6613216	-465.33774
LeMans	1	6.7933087	-465.23022
LeMans	1	6.926586	-465.12515
LeMans	1	7.0604806	-465.0214
LeMans	1	7.1941767	-464.91785
LeMans	1	7.326957	-464.81366
LeMans	1	7.458177	-464.7081
LeMans	1	7.5872393	-464.60062
LeMans	1	7.7133927	-464.4905
LeMans	1	7.8354177	-464.37643
LeMans	1	7.9532065	-464.2587
LeMans	1	8.068127	-464.13898
LeMans	1	8.180956	-464.01834
LeMans	1	8.292094	-463.89725
LeMans	1	8.40176	-463.77603
LeMans	1	8.510124	-463.6549
LeMans	1	8.617305	-463.5341
LeMans	1	8.723415	-463.41364
LeMans	1	8.828559	-463.2937
LeMans	1	8.932834	-463.17444
LeMans	1	9.036425	-463.05573
LeMans	1	9.14057	-462.93628
LeMans	1	9.246512	-462.81464
LeMans	1	9.354692	-462.69073
LeMans	1	9.464905	-462.56476
LeMans	1	9.576974	-462.43695
LeMans	1	9.69085	-462.30728
LeMans	1	9.806363	-462.17612
LeMans	1	9.922795	-462.04443
LeMans	1	10.038567	-461.91367
LeMans	1	10.154194	-461.7846
LeMans	1	10.271673	-461.65793
LeMans	1	10.3925295	-461.5348
LeMans	1	10.515928	-461.41428
LeMans	1	10.641132	-461.29584
LeMans	1	10.767258	-461.17874
LeMans	1	10.893308	-461.06213
LeMans	1	11.018369	-460.94537
LeMans	1	11.14165	-460.82785
LeMans	1	11.262416	-460.709
LeMans	1	11.379836	-460.58817
LeMans	1	11.492399	-460.4638
LeMans	1	11.599703	-460.33572
LeMans	1	11.703761	-460.20596
LeMans	1	11.805518	-460.07538
LeMans	1	11.905404	-459.94455
LeMans	1	12.003759	-459.81363
LeMans	1	12.100796	-459.6829
LeMans	1	12.196673	-459.5524
LeMans	1	12.291526	-459.42236
LeMans	1	12.385451	-459.29285
LeMans	1	12.478513	-459.164
LeMans	1	12.570789	-459.0359
LeMans	1	12.662316	-458.90848
LeMans	1	12.753165	-458.78186
LeMans	1	12.843397	-458.65598
LeMans	1	12.933229	-458.53055
LeMans	1	13.023727	-458.40405
LeMans	1	13.115793	-458.2755
LeMans	1	13.209812	-458.14487
LeMans	1	13.305501	-458.01254
LeMans	1	13.402699	-457.87857
LeMans	1	13.501118	-457.74353
LeMans	1	13.599867	-457.60858
LeMans	1	13.697932	-457.4746
LeMans	1	13.795281	-457.34167
LeMans	1	13.892295	-457.2092
LeMans	1	13.989132	-457.07718
LeMans	1	14.085802	-456.9455
LeMans	1	14.182275	-456.8142
LeMans	1	14.278526	-456.68335
LeMans	1	14.374896	-456.55225
LeMans	1	14.47251	-456.41956
LeMans	1	14.571976	-456.28455
LeMans	1	14.673324	-456.14734
LeMans	1	14.776237	-456.00824
LeMans	1	14.881515	-455.86847
LeMans	1	14.9912195	-455.7308
LeMans	1	15.103716	-455.59674
LeMans	1	15.217638	-455.46582
LeMans	1	15.332759	-455.33704
LeMans	1	15.448245	-455.20917
LeMans	1	15.56318	-455.0814
LeMans	1	15.676705	-454.95306
LeMans	1	15.788039	-454.8236
LeMans	1	15.896411	-454.6925
LeMans	1	16.000977	-454.55905
LeMans	1	16.100128	-454.4221
LeMans	1	16.194464	-454.28226
LeMans	1	16.285913	-454.14127
LeMans	1	16.375212	-453.99985
LeMans	1	16.462786	-453.85828
LeMans	1	16.5489	-453.71695
LeMans	1	16.633738	-453.5759
LeMans	1	16.717443	-453.43533
LeMans	1	16.800179	-453.2953
LeMans	1	16.882061	-453.15598
LeMans	1	16.963173	-453.01752
LeMans	1	17.043566	-452.8799
LeMans	1	17.123316	-452.74323
LeMans	1	17.202475	-452.60736
LeMans	1	17.281126	-452.47238
LeMans	1	17.359304	-452.3382
LeMans	1	17.43757	-452.20367
LeMans	1	17.516941	-452.0673
LeMans	1	17.597923	-451.92883
LeMans	1	17.680443	-451.78845
LeMans	1	17.76441	-451.64664
LeMans	1	17.851439	-451.5051
LeMans	1	17.94278	-451.36682
LeMans	1	18.036621	-451.23203
LeMans	1	18.132113	-451.09964
LeMans	1	18.228333	-450.9685
LeMans	1	18.324173	-450.83774
LeMans	1	18.41881	-450.7067
LeMans	1	18.511456	-450.57492
LeMans	1	18.60125	-450.44196
LeMans	1	18.68658	-450.3067
LeMans	1	18.766644	-450.1688
LeMans	1	18.84292	-450.02933
LeMans	1	18.916817	-449.8894
LeMans	1	18.988937	-449.7495
LeMans	1	19.059628	-449.60986
LeMans	1	19.129145	-449.47058
LeMans	1	19.19767	-449.33182
LeMans	1	19.265354	-449.19373
LeMans	1	19.332327	-449.0563
LeMans	1	19.398672	-448.9197
LeMans	1	19.46448	-448.7839
LeMans	1	19.52988	-448.64886
LeMans	1	19.595531	-448.51318
LeMans	1	19.66212	-448.37546
LeMans	1	19.73008	-448.23526
LeMans	1	19.799412	-448.09277
LeMans	1	19.870012	-447.94815
LeMans	1	19.941833	-447.80154
LeMans	1	20.014881	-447.65298
LeMans	1	20.089048	-447.503
LeMans	1	20.16315	-447.35355
LeMans	1	20.23655	-447.2055
LeMans	1	20.30968	-447.0582
LeMans	1	20.38393	-446.9119
LeMans	1	20.461721	-446.76764
LeMans	1	20.54345	-446.62564
LeMans	1	20.62799	-446.48547
LeMans	1	20.714401	-446.34686
LeMans	1	20.80147	-446.2093
LeMans	1	20.888056	-446.07227
LeMans	1	20.973206	-445.9354
LeMans	1	21.056122	-445.7983
LeMans	1	21.136013	-445.66064
LeMans	1	21.211636	-445.52176
LeMans	1	21.280909	-445.38043
LeMans	1	21.344936	-445.23734
LeMans	1	21.40586	-445.09378
LeMans	1	21.464624	-444.9502
LeMans	1	21.521694	-444.8068
LeMans	1	21.5775	-444.6638
LeMans	1	21.632267	-444.52136
LeMans	1	21.686193	-444.37964
LeMans	1	21.739506	-444.2385
LeMans	1	21.79292	-444.09714
LeMans	1	21.846998	-443.95367
LeMans	1	21.901989	-443.80728
LeMans	1	21.957973	-443.65808
LeMans	1	22.014936	-443.5063
LeMans	1	22.072903	-443.35217
LeMans	1	22.131811	-443.19617
LeMans	1	22.190983	-443.04025
LeMans	1	22.249659	-442.88586
LeMans	1	22.307909	-442.7327
LeMans	1	22.366035	-442.5801
LeMans	1	22.424116	-442.4279
LeMans	1	22.482153	-442.27594
LeMans	1	22.540163	-442.12424
LeMans	1	22.59811	-441.973
LeMans	1	22.65599	-441.82227
LeMans	1	22.713755	-441.67215
LeMans	1	22.771498	-441.5222
LeMans	1	22.829618	-441.37143
LeMans	1	22.888407	-441.2195
LeMans	1	22.947855	-441.06644
LeMans	1	23.007797	-440.91245
LeMans	1	23.06803	-440.758
LeMans	1	23.128176	-440.604
LeMans	1	23.187693	-440.45154
LeMans	1	23.24675	-440.30008
LeMans	1	23.30549	-440.1494
LeMans	1	23.363964	-439.9994
LeMans	1	23.422209	-439.84998
LeMans	1	23.480215	-439.70117
LeMans	1	23.537973	-439.55295
LeMans	1	23.595573	-439.40515
LeMans	1	23.65356	-439.2564
LeMans	1	23.712282	-439.10577
LeMans	1	23.771627	-438.9536
LeMans	1	23.83165	-438.8005
LeMans	1	23.894844	-438.64874
LeMans	1	23.961664	-438.50018
LeMans	1	24.031202	-438.35416
LeMans	1	24.102974	-438.2101
LeMans	1	24.17621	-438.0675
LeMans	1	24.249733	-437.9257
LeMans	1	24.322449	-437.7843
LeMans	1	24.393488	-437.64276
LeMans	1	24.461971	-437.50098
LeMans	1	24.526964	-437.35855
LeMans	1	24.587317	-437.21497
LeMans	1	24.640974	-437.06924
LeMans	1	24.689505	-436.9223
LeMans	1	24.735073	-436.77505
LeMans	1	24.778633	-436.62796
LeMans	1	24.820705	-436.4812
LeMans	1	24.861652	-436.33496
LeMans	1	24.901701	-436.18936
LeMans	1	24.941044	-436.04456
LeMans	1	24.979809	-435.90054
LeMans	1	25.018114	-435.75742
LeMans	1	25.056301	-435.61453
LeMans	1	25.094751	-435.4703
LeMans	1	25.13372	-435.32382
LeMans	1	25.173454	-435.17465
LeMans	1	25.213997	-435.02283
LeMans	1	25.255358	-434.8687
LeMans	1	25.297604	-434.71207
LeMans	1	25.34057	-434.55402
LeMans	1	25.383858	-434.3961
LeMans	1	25.426737	-434.2396
LeMans	1	25.469378	-434.0841
LeMans	1	25.512009	-433.92905
LeMans	1	25.554617	-433.77435
LeMans	1	25.597206	-433.61996
LeMans	1	25.639732	-433.46555
LeMans	1	25.682638	-433.30978
LeMans	1	25.72642	-433.1515
LeMans	1	25.77126	-432.99042
LeMans	1	25.817123	-432.8268
LeMans	1	25.863722	-432.66116
LeMans	1	25.91088	-432.49365
LeMans	1	25.9589	-432.3245
LeMans	1	26.00939	-432.1564
LeMans	1	26.063705	-431.99136
LeMans	1	26.121267	-431.82846
LeMans	1	26.181564	-431.6671
LeMans	1	26.243965	-431.50696
LeMans	1	26.307198	-431.3475
LeMans	1	26.37007	-431.1884
LeMans	1	26.431538	-431.02942
LeMans	1	26.490597	-430.87027
LeMans	1	26.546305	-430.71085
LeMans	1	26.59771	-430.5509
LeMans	1	26.642845	-430.38968
LeMans	1	26.681398	-430.2272
LeMans	1	26.715843	-430.0646
LeMans	1	26.74778	-429.90225
LeMans	1	26.77778	-429.74057
LeMans	1	26.806278	-429.5796
LeMans	1	26.833534	-429.41937
LeMans	1	26.859777	-429.25995
LeMans	1	26.88521	-429.1015
LeMans	1	26.910002	-428.94406
LeMans	1	26.934273	-428.7877
LeMans	1	26.958143	-428.6324
LeMans	1	26.981691	-428.47818
LeMans	1	27.005089	-428.324
LeMans	1	27.028635	-428.16818
LeMans	1	27.052683	-428.0099
LeMans	1	27.077324	-427.84937
LeMans	1	27.102468	-427.68686
LeMans	1	27.12813	-427.52264
LeMans	1	27.154272	-427.3578
LeMans	1	27.180428	-427.1942
LeMans	1	27.206333	-427.0321
LeMans	1	27.232178	-426.87088
LeMans	1	27.258047	-426.71024
LeMans	1	27.283926	-426.55002
LeMans	1	27.309841	-426.39026
LeMans	1	27.335794	-426.23102
LeMans	1	27.362528	-426.07254
LeMans	1	27.392385	-425.9153
LeMans	1	27.426872	-425.7597
LeMans	1	27.46474	-425.60568
LeMans	1	27.505175	-425.4532
LeMans	1	27.547312	-425.3021
LeMans	1	27.589945	-425.15222
LeMans	1	27.631948	-425.0033
LeMans	1	27.672342	-424.8551
LeMans	1	27.710266	-424.7074
LeMans	1	27.744822	-424.56003
LeMans	1	27.774576	-424.41254
LeMans	1	27.79746	-424.26443
LeMans	1	27.815275	-424.1162
LeMans	1	27.83048	-423.96838
LeMans	1	27.84402	-423.82104
LeMans	1	27.856438	-423.6744
LeMans	1	27.868168	-423.52844
LeMans	1	27.87966	-423.38196
LeMans	1	27.890827	-423.23438
LeMans	1	27.901602	-423.08542
LeMans	1	27.912077	-422.93542
LeMans	1	27.92239	-422.78464
LeMans	1	27.932608	-422.6333
LeMans	1	27.942719	-422.48297
LeMans	1	27.95269	-422.33414
LeMans	1	27.962555	-422.1863
LeMans	1	27.972342	-422.03937
LeMans	1	27.98204	-421.89307
LeMans	1	27.991646	-421.74738
LeMans	1	28.001163	-421.60226
LeMans	1	28.010536	-421.45786
LeMans	1	28.019777	-421.31293
LeMans	1	28.029177	-421.16586
LeMans	1	28.03903	-421.01624
LeMans	1	28.049412	-420.8646
LeMans	1	28.060158	-420.71124
LeMans	1	28.071281	-420.55676
LeMans	1	28.082617	-420.4027
LeMans	1	28.09382	-420.2503
LeMans	1	28.104895	-420.09912
LeMans	1	28.116673	-419.94882
LeMans	1	28.131584	-419.79916
LeMans	1	28.150726	-419.65033
LeMans	1	28.172995	-419.50226
LeMans	1	28.197548	-419.35498
LeMans	1	28.223759	-419.20856
LeMans	1	28.25078	-419.063
LeMans	1	28.277409	-418.91827
LeMans	1	28.302635	-418.77432
LeMans	1	28.325663	-418.63107
LeMans	1	28.345812	-418.4884
LeMans	1	28.362291	-418.34625
LeMans	1	28.37341	-418.20416
LeMans	1	28.378628	-418.06235
LeMans	1	28.379702	-417.9208
LeMans	1	28.378794	-417.78
LeMans	1	28.376831	-417.63983
LeMans	1	28.374199	-417.50058
LeMans	1	28.37106	-417.36215
LeMans	1	28.36779	-417.22412
LeMans	1	28.36428	-417.0846
LeMans	1	28.36031	-416.94293
LeMans	1	28.35591	-416.79926
LeMans	1	28.351234	-416.65378
LeMans	1	28.346395	-416.5069
LeMans	1	28.34154	-416.35974
LeMans	1	28.336727	-416.21436
LeMans	1	28.331827	-416.07043
LeMans	1	28.32685	-415.9274
LeMans	1	28.321745	-415.78494
LeMans	1	28.316507	-415.643
LeMans	1	28.311152	-415.5016
LeMans	1	28.3057	-415.36063
LeMans	1	28.300085	-415.22018
LeMans	1	28.294262	-415.07867
LeMans	1	28.288376	-414.9349
LeMans	1	28.282661	-414.78857
LeMans	1	28.27719	-414.64026
LeMans	1	28.271862	-414.49026
LeMans	1	28.26677	-414.3393
LeMans	1	28.261864	-414.1892
LeMans	1	28.256924	-414.04074
LeMans	1	28.251965	-413.89334
LeMans	1	28.246983	-413.74667
LeMans	1	28.241972	-413.6006
LeMans	1	28.237473	-413.455
LeMans	1	28.23498	-413.30984
LeMans	1	28.23626	-413.16504
LeMans	1	28.240507	-413.021
LeMans	1	28.24673	-412.87784
LeMans	1	28.253876	-412.73563
LeMans	1	28.260752	-412.5944
LeMans	1	28.266428	-412.45422
LeMans	1	28.270222	-412.31503
LeMans	1	28.271591	-412.17682
LeMans	1	28.269884	-412.03955
LeMans	1	28.263645	-411.9032
LeMans	1	28.25333	-411.76773
LeMans	1	28.241112	-411.63324
LeMans	1	28.228024	-411.49966
LeMans	1	28.214508	-411.3671
LeMans	1	28.20092	-411.23526
LeMans	1	28.1873	-411.1024
LeMans	1	28.173193	-410.96695
LeMans	1	28.158426	-410.82886
LeMans	1	28.143173	-410.6882
LeMans	1	28.127602	-410.54535
LeMans	1	28.111843	-410.4005
LeMans	1	28.09613	-410.255
LeMans	1	28.080679	-410.11084
LeMans	1	28.065327	-409.96814
LeMans	1	28.050001	-409.8263
LeMans	1	28.03465	-409.6849
LeMans	1	28.019238	-409.54388
LeMans	1	28.003746	-409.40323
LeMans	1	27.988039	-409.26202
LeMans	1	27.972086	-409.11893
LeMans	1	27.955988	-408.9732
LeMans	1	27.939856	-408.82483
LeMans	1	27.923754	-408.6743
LeMans	1	27.907597	-408.5219
LeMans	1	27.891354	-408.36768
LeMans	1	27.875013	-408.21167
LeMans	1	27.858635	-408.05402
LeMans	1	27.842272	-407.89597
LeMans	1	27.825964	-407.73904
LeMans	1	27.81011	-407.5832
LeMans	1	27.795702	-407.42776
LeMans	1	27.78553	-407.27234
LeMans	1	27.77913	-407.11676
LeMans	1	27.775225	-406.9604
LeMans	1	27.773397	-406.80276
LeMans	1	27.773472	-406.64383
LeMans	1	27.774794	-406.48386
LeMans	1	27.776604	-406.32346
LeMans	1	27.777792	-406.1637
LeMans	1	27.777138	-406.0053
LeMans	1	27.773495	-405.84824
LeMans	1	27.765715	-405.69226
LeMans	1	27.751616	-405.53726
LeMans	1	27.730705	-405.3833
LeMans	1	27.704609	-405.23038
LeMans	1	27.67429	-405.07855
LeMans	1	27.6415	-404.92773
LeMans	1	27.607649	-404.77798
LeMans	1	27.573103	-404.6294
LeMans	1	27.538296	-404.48184
LeMans	1	27.5033	-404.33362
LeMans	1	27.467407	-404.18362
LeMans	1	27.430532	-404.03195
LeMans	1	27.392946	-403.87878
LeMans	1	27.354845	-403.7244
LeMans	1	27.316353	-403.56876
LeMans	1	27.27761	-403.41183
LeMans	1	27.239132	-403.25494
LeMans	1	27.201077	-403.09967
LeMans	1	27.163357	-402.94562
LeMans	1	27.125917	-402.79233
LeMans	1	27.088572	-402.63895
LeMans	1	27.051569	-402.48663
LeMans	1	27.014805	-402.33487
LeMans	1	26.978292	-402.18365
LeMans	1	26.942097	-402.0332
LeMans	1	26.906258	-401.88345
LeMans	1	26.87079	-401.73465
LeMans	1	26.83568	-401.58676
LeMans	1	26.800926	-401.4399
LeMans	1	26.76651	-401.29407
LeMans	1	26.732418	-401.1494
LeMans	1	26.698391	-401.00522
LeMans	1	26.664133	-400.85992
LeMans	1	26.629642	-400.7129
LeMans	1	26.594954	-400.56403
LeMans	1	26.560019	-400.41348
LeMans	1	26.524797	-400.26135
LeMans	1	26.489237	-400.1077
LeMans	1	26.453335	-399.95242
LeMans	1	26.417133	-399.79584
LeMans	1	26.38108	-399.64008
LeMans	1	26.345268	-399.48578
LeMans	1	26.309574	-399.33234
LeMans	1	26.274052	-399.17935
LeMans	1	26.23983	-399.0265
LeMans	1	26.209984	-398.873
LeMans	1	26.184343	-398.71906
LeMans	1	26.161903	-398.565
LeMans	1	26.141832	-398.4112
LeMans	1	26.122948	-398.2581
LeMans	1	26.104082	-398.1059
LeMans	1	26.084229	-397.95502
LeMans	1	26.062582	-397.8056
LeMans	1	26.038364	-397.6578
LeMans	1	26.010572	-397.51184
LeMans	1	25.977089	-397.36792
LeMans	1	25.938593	-397.22604
LeMans	1	25.898094	-397.0848
LeMans	1	25.855986	-396.94183
LeMans	1	25.811613	-396.7966
LeMans	1	25.765133	-396.64948
LeMans	1	25.717115	-396.50076
LeMans	1	25.667883	-396.35065
LeMans	1	25.617638	-396.19983
LeMans	1	25.567636	-396.05072
LeMans	1	25.518213	-395.90323
LeMans	1	25.46924	-395.7567
LeMans	1	25.42061	-395.6108
LeMans	1	25.372265	-395.46548
LeMans	1	25.32415	-395.32074
LeMans	1	25.276245	-395.17654
LeMans	1	25.228556	-395.03305
LeMans	1	25.180952	-394.89008
LeMans	1	25.132866	-394.74637
LeMans	1	25.084055	-394.60034
LeMans	1	25.034775	-394.4514
LeMans	1	24.98516	-394.29993
LeMans	1	24.935106	-394.14627
LeMans	1	24.884567	-393.99054
LeMans	1	24.833473	-393.8326
LeMans	1	24.781898	-393.6726
LeMans	1	24.730305	-393.5119
LeMans	1	24.679152	-393.35266
LeMans	1	24.62832	-393.19467
LeMans	1	24.577656	-393.03738
LeMans	1	24.527042	-392.88043
LeMans	1	24.47611	-392.72266
LeMans	1	24.42444	-392.56253
LeMans	1	24.371819	-392.39926
LeMans	1	24.318167	-392.23242
LeMans	1	24.26365	-392.0624
LeMans	1	24.209442	-391.88937
LeMans	1	24.158852	-391.71283
LeMans	1	24.113094	-391.53516
LeMans	1	24.071144	-391.3587
LeMans	1	24.032116	-391.18283
LeMans	1	23.995096	-391.00726
LeMans	1	23.958662	-390.83215
LeMans	1	23.921587	-390.65778
LeMans	1	23.882753	-390.4844
LeMans	1	23.841183	-390.31253
LeMans	1	23.796038	-390.1423
LeMans	1	23.746105	-389.97412
LeMans	1	23.689604	-389.8086
LeMans	1	23.627642	-389.64554
LeMans	1	23.561882	-389.48468
LeMans	1	23.494371	-389.32553
LeMans	1	23.425795	-389.168
LeMans	1	23.356524	-389.01202
LeMans	1	23.286772	-388.85757
LeMans	1	23.216764	-388.70453
LeMans	1	23.146715	-388.5529
LeMans	1	23.0768	-388.40265
LeMans	1	23.007011	-388.2532
LeMans	1	22.936403	-388.10242
LeMans	1	22.864498	-387.94907
LeMans	1	22.791395	-387.793
LeMans	1	22.717285	-387.6346
LeMans	1	22.642286	-387.47406
LeMans	1	22.566645	-387.31155
LeMans	1	22.49129	-387.14886
LeMans	1	22.416796	-386.98776
LeMans	1	22.34292	-386.82803
LeMans	1	22.26951	-386.66907
LeMans	1	22.196497	-386.5105
LeMans	1	22.125578	-386.3516
LeMans	1	22.059462	-386.19113
LeMans	1	21.99792	-386.02933
LeMans	1	21.93985	-385.8668
LeMans	1	21.884377	-385.7041
LeMans	1	21.830336	-385.54193
LeMans	1	21.776537	-385.3808
LeMans	1	21.72198	-385.22125
LeMans	1	21.665813	-385.0635
LeMans	1	21.607094	-384.9081
LeMans	1	21.544172	-384.7556
LeMans	1	21.474695	-384.6069
LeMans	1	21.400515	-384.46133
LeMans	1	21.32393	-384.318
LeMans	1	21.245996	-384.1764
LeMans	1	21.167053	-384.03653
LeMans	1	21.087551	-383.89807
LeMans	1	21.008003	-383.7603
LeMans	1	20.927294	-383.621
LeMans	1	20.844677	-383.4798
LeMans	1	20.760227	-383.33658
LeMans	1	20.674328	-383.1916
LeMans	1	20.587275	-383.04495
LeMans	1	20.499577	-382.89713
LeMans	1	20.412548	-382.75006
LeMans	1	20.326574	-382.60464
LeMans	1	20.24134	-382.46036
LeMans	1	20.156631	-382.3167
LeMans	1	20.07232	-382.17346
LeMans	1	19.98836	-382.03073
LeMans	1	19.904768	-381.88852
LeMans	1	19.821566	-381.7468
LeMans	1	19.738182	-381.60504
LeMans	1	19.653833	-381.46158
LeMans	1	19.568245	-381.31537
LeMans	1	19.481716	-381.16632
LeMans	1	19.39424	-381.01505
LeMans	1	19.305847	-380.86163
LeMans	1	19.216824	-380.70682
LeMans	1	19.128006	-380.5521
LeMans	1	19.040094	-380.39905
LeMans	1	18.952831	-380.24728
LeMans	1	18.865961	-380.09634
LeMans	1	18.779371	-379.9459
LeMans	1	18.693066	-379.79593
LeMans	1	18.607077	-379.64648
LeMans	1	18.521433	-379.49762
LeMans	1	18.436163	-379.34937
LeMans	1	18.351332	-379.20187
LeMans	1	18.267004	-379.05524
LeMans	1	18.183239	-378.90952
LeMans	1	18.100075	-378.76483
LeMans	1	18.01753	-378.62122
LeMans	1	17.935606	-378.4787
LeMans	1	17.854275	-378.3371
LeMans	1	17.7726	-378.19495
LeMans	1	17.689653	-378.05057
LeMans	1	17.605354	-377.9038
LeMans	1	17.519901	-377.75507
LeMans	1	17.433414	-377.6044
LeMans	1	17.34623	-377.4526
LeMans	1	17.259743	-377.30057
LeMans	1	17.177778	-377.14822
LeMans	1	17.100252	-376.995
LeMans	1	17.026215	-376.84085
LeMans	1	16.95462	-376.68613
LeMans	1	16.884102	-376.53143
LeMans	1	16.813547	-376.3775
LeMans	1	16.742086	-376.22476
LeMans	1	16.668951	-376.0737
LeMans	1	16.59335	-375.92493
LeMans	1	16.514303	-375.77893
LeMans	1	16.430092	-375.63678
LeMans	1	16.341969	-375.49792
LeMans	1	16.251915	-375.3614
LeMans	1	16.1608	-375.22675
LeMans	1	16.069132	-375.09375
LeMans	1	15.977278	-374.96222
LeMans	1	15.885416	-374.83194
LeMans	1	15.793791	-374.70297
LeMans	1	15.70255	-374.57513
LeMans	1	15.611831	-374.4484
LeMans	1	15.521734	-374.3227
LeMans	1	15.432341	-374.198
LeMans	1	15.343519	-374.07413
LeMans	1	15.254192	-373.94965
LeMans	1	15.163686	-373.82336
LeMans	1	15.072006	-373.69492
LeMans	1	14.979279	-373.56448
LeMans	1	14.885615	-373.43222
LeMans	1	14.791204	-373.2983
LeMans	1	14.696788	-373.16382
LeMans	1	14.603438	-373.03055
LeMans	1	14.510969	-372.8985
LeMans	1	14.419073	-372.7672
LeMans	1	14.327594	-372.63635
LeMans	1	14.236468	-372.506
LeMans	1	14.145706	-372.37592
LeMans	1	14.055337	-372.24637
LeMans	1	13.965425	-372.11734
LeMans	1	13.875916	-371.98877
LeMans	1	13.785943	-371.85968
LeMans	1	13.694755	-371.72867
LeMans	1	13.602136	-371.5953
LeMans	1	13.508221	-371.4599
LeMans	1	13.413148	-371.32266
LeMans	1	13.316965	-371.1838
LeMans	1	13.219714	-371.0434
LeMans	1	13.121713	-370.90198
LeMans	1	13.02419	-370.76135
LeMans	1	12.927623	-370.62222
LeMans	1	12.831602	-370.484
LeMans	1	12.7359295	-370.3463
LeMans	1	12.640531	-370.20905
LeMans	1	12.545406	-370.07217
LeMans	1	12.450543	-369.93567
LeMans	1	12.355318	-369.7986
LeMans	1	12.25855	-369.6594
LeMans	1	12.159739	-369.5172
LeMans	1	12.058911	-369.3722
LeMans	1	11.956281	-369.22446
LeMans	1	11.851983	-369.07437
LeMans	1	11.746061	-368.92203
LeMans	1	11.6384535	-368.76724
LeMans	1	11.529097	-368.61
LeMans	1	11.417884	-368.45007
LeMans	1	11.304785	-368.28745
LeMans	1	11.189751	-368.1221
LeMans	1	11.072737	-367.95386
LeMans	1	10.953675	-367.7827
LeMans	1	10.832438	-367.60852
LeMans	1	10.708964	-367.43106
LeMans	1	10.583189	-367.2503
LeMans	1	10.455274	-367.06647
LeMans	1	10.326514	-366.8815
LeMans	1	10.198377	-366.69742
LeMans	1	10.070844	-366.51422
LeMans	1	9.943689	-366.33163
LeMans	1	9.816853	-366.14948
LeMans	1	9.690392	-365.96793
LeMans	1	9.564376	-365.78702
LeMans	1	9.438831	-365.60684
LeMans	1	9.313808	-365.42737
LeMans	1	9.189374	-365.24878
LeMans	1	9.0655985	-365.07123
LeMans	1	8.942563	-364.8948
LeMans	1	8.820336	-364.71948
LeMans	1	8.698961	-364.54538
LeMans	1	8.578474	-364.37253
LeMans	1	8.458905	-364.20108
LeMans	1	8.340247	-364.0309
LeMans	1	8.222492	-363.8621
LeMans	1	8.105623	-363.69452
LeMans	1	7.9896073	-363.5282
LeMans	1	7.8744335	-363.36313
LeMans	1	7.7600684	-363.19922
LeMans	1	7.646492	-363.03653
LeMans	1	7.5337353	-362.87488
LeMans	1	7.424154	-362.71265
LeMans	1	7.3193145	-362.54877
LeMans	1	7.218583	-362.38358
LeMans	1	7.1212296	-362.21777
LeMans	1	7.026383	-362.05188
LeMans	1	6.932905	-361.8866
LeMans	1	6.8397193	-361.72266
LeMans	1	6.7459226	-361.56058
LeMans	1	6.649532	-361.3993
LeMans	1	6.551031	-361.24167
LeMans	1	6.4521823	-361.08667
LeMans	1	6.3488836	-360.9361
LeMans	1	6.2403965	-360.79062
LeMans	1	6.134566	-360.64447
LeMans	1	6.0268207	-360.50146
LeMans	1	5.9181085	-360.36133
LeMans	1	5.8099604	-360.22552
LeMans	1	5.7002845	-360.08887
LeMans	1	5.5935106	-359.95242
LeMans	1	5.487292	-359.81726
LeMans	1	5.3725853	-359.67258
LeMans	1	5.267429	-359.5401
LeMans	1	5.1606193	-359.4073
LeMans	1	5.051706	-359.27225
LeMans	1	4.9405494	-359.13422
LeMans	1	4.8271017	-358.9929
LeMans	1	4.712037	-358.8492
LeMans	1	4.5948334	-358.7032
LeMans	1	4.4756107	-358.55457
LeMans	1	4.354434	-358.40298
LeMans	1	4.2310495	-358.24808
LeMans	1	4.106744	-358.09125
LeMans	1	3.9847538	-357.93246
LeMans	1	3.8673885	-357.77054
LeMans	1	3.7537541	-357.60806
LeMans	1	3.641993	-357.44385
LeMans	1	3.5310822	-357.27933
LeMans	1	3.4199615	-357.1154
LeMans	1	3.3081093	-356.95358
LeMans	1	3.1946492	-356.7934
LeMans	1	3.0785904	-356.63608
LeMans	1	2.9581532	-356.4812
LeMans	1	2.833807	-356.33246
LeMans	1	2.7123485	-356.1828
LeMans	1	2.5883005	-356.03687
LeMans	1	2.4620159	-355.89334
LeMans	1	2.3364258	-355.753
LeMans	1	2.2131681	-355.6118
LeMans	1	2.0905995	-355.47232
LeMans	1	1.9680012	-355.33463
LeMans	1	1.8461473	-355.19888
LeMans	1	1.7255813	-355.06485
LeMans	1	1.6056492	-354.93182
LeMans	1	1.4863456	-354.8
LeMans	1	1.3668897	-354.6683
LeMans	1	1.2463775	-354.53543
LeMans	1	1.1237752	-354.4001
LeMans	1	0.99885106	-354.26175
LeMans	1	0.8715832	-354.12054
LeMans	1	0.7424576	-353.97687
LeMans	1	0.61095864	-353.83075
LeMans	1	0.47712526	-353.6818
LeMans	1	0.34129658	-353.5303
LeMans	1	0.20340236	-353.376
LeMans	1	0.064871125	-353.22076
LeMans	1	-0.073451936	-353.0657
LeMans	1	-0.21076338	-352.91162
LeMans	1	-0.34802535	-352.7577
LeMans	1	-0.4860613	-352.60492
LeMans	1	-0.625431	-352.45404
LeMans	1	-0.76609915	-352.3051
LeMans	1	-0.9077299	-352.15793
LeMans	1	-1.0495394	-352.01193
LeMans	1	-1.1905897	-351.8667
LeMans	1	-1.3305382	-351.72195
LeMans	1	-1.4687371	-351.57715
LeMans	1	-1.6046122	-351.43182
LeMans	1	-1.7376486	-351.28574
LeMans	1	-1.8669552	-351.13812
LeMans	1	-1.9938519	-350.9901
LeMans	1	-2.1180625	-350.84186
LeMans	1	-2.2402108	-350.6937
LeMans	1	-2.3608088	-350.54617
LeMans	1	-2.4802012	-350.39944
LeMans	1	-2.5985777	-350.25378
LeMans	1	-2.716054	-350.10916
LeMans	1	-2.8327248	-349.9656
LeMans	1	-2.9493418	-349.82227
LeMans	1	-3.0670865	-349.67752
LeMans	1	-3.1870685	-349.53033
LeMans	1	-3.3097954	-349.3801
LeMans	1	-3.4353793	-349.22675
LeMans	1	-3.5635774	-349.07022
LeMans	1	-3.6941314	-348.91077
LeMans	1	-3.8265555	-348.74887
LeMans	1	-3.9607089	-348.58456
LeMans	1	-4.0966563	-348.41788
LeMans	1	-4.23457	-348.24875
LeMans	1	-4.375345	-348.0762
LeMans	1	-4.5193925	-347.8999
LeMans	1	-4.6667757	-347.71973
LeMans	1	-4.8175015	-347.53546
LeMans	1	-4.9715743	-347.34714
LeMans	1	-5.129024	-347.1546
LeMans	1	-5.2898645	-346.95792
LeMans	1	-5.454104	-346.75705
LeMans	1	-5.6217527	-346.55203
LeMans	1	-5.792815	-346.3428
LeMans	1	-5.967284	-346.1294
LeMans	1	-6.145145	-345.91183
LeMans	1	-6.3263984	-345.69012
LeMans	1	-6.5110497	-345.46417
LeMans	1	-6.699114	-345.234
LeMans	1	-6.8906126	-344.99973
LeMans	1	-7.0855722	-344.76108
LeMans	1	-7.284012	-344.51825
LeMans	1	-7.4859586	-344.27106
LeMans	1	-7.691442	-344.01953
LeMans	1	-7.9004974	-343.76367
LeMans	1	-8.113163	-343.50327
LeMans	1	-8.32948	-343.23843
LeMans	1	-8.549476	-342.96906
LeMans	1	-8.7732	-342.69516
LeMans	1	-9.000004	-342.4174
LeMans	1	-9.22873	-342.1373
LeMans	1	-9.460003	-341.8541
LeMans	1	-9.694652	-341.5667
LeMans	1	-9.933326	-341.27432
LeMans	1	-10.175463	-340.9777
LeMans	1	-10.421157	-340.67664
LeMans	1	-10.670706	-340.3708
LeMans	1	-10.924265	-340.06
LeMans	1	-11.181824	-339.74435
LeMans	1	-11.442548	-339.4248
LeMans	1	-11.705338	-339.10266
LeMans	1	-11.969838	-338.77847
LeMans	1	-12.235923	-338.45227
LeMans	1	-12.502319	-338.1257
LeMans	1	-12.767522	-337.80057
LeMans	1	-13.030666	-337.47803
LeMans	1	-13.293583	-337.15576
LeMans	1	-13.555584	-336.83243
LeMans	1	-13.813495	-336.5069
LeMans	1	-14.066307	-336.17917
LeMans	1	-14.314359	-335.84988
LeMans	1	-14.558291	-335.51984
LeMans	1	-14.799133	-335.1899
LeMans	1	-15.038519	-334.86148
LeMans	1	-15.278181	-334.53555
LeMans	1	-15.519246	-334.21332
LeMans	1	-15.762675	-333.89584
LeMans	1	-16.010603	-333.58502
LeMans	1	-16.264906	-333.28192
LeMans	1	-16.52226	-332.98398
LeMans	1	-16.780313	-332.68936
LeMans	1	-17.038069	-332.39734
LeMans	1	-17.295095	-332.10754
LeMans	1	-17.551218	-331.81976
LeMans	1	-17.807014	-331.53308
LeMans	1	-18.062042	-331.2482
LeMans	1	-18.31454	-330.96585
LeMans	1	-18.565905	-330.6854
LeMans	1	-18.816113	-330.40643
LeMans	1	-19.064882	-330.12952
LeMans	1	-19.312239	-329.85428
LeMans	1	-19.558764	-329.5797
LeMans	1	-19.804234	-329.3064
LeMans	1	-20.048492	-329.03458
LeMans	1	-20.29155	-328.76416
LeMans	1	-20.533373	-328.49524
LeMans	1	-20.773989	-328.22757
LeMans	1	-21.013315	-327.96124
LeMans	1	-21.251415	-327.6963
LeMans	1	-21.488194	-327.43253
LeMans	1	-21.723713	-327.17004
LeMans	1	-21.95837	-326.90826
LeMans	1	-22.191196	-326.64835
LeMans	1	-22.423706	-326.38867
LeMans	1	-22.654	-326.13116
LeMans	1	-22.882805	-325.8752
LeMans	1	-23.111462	-325.6194
LeMans	1	-23.341822	-325.36133
LeMans	1	-23.574673	-325.09872
LeMans	1	-23.808247	-324.831
LeMans	1	-24.04241	-324.55908
LeMans	1	-24.2775	-324.28403
LeMans	1	-24.51379	-324.00772
LeMans	1	-24.749807	-323.73227
LeMans	1	-24.984365	-323.45944
LeMans	1	-25.218422	-323.1888
LeMans	1	-25.454306	-322.92014
LeMans	1	-25.69264	-322.6548
LeMans	1	-25.934732	-322.3941
LeMans	1	-26.178051	-322.13608
LeMans	1	-26.422935	-321.88086
LeMans	1	-26.66831	-321.628
LeMans	1	-26.913437	-321.377
LeMans	1	-27.157938	-321.1278
LeMans	1	-27.401587	-320.88025
LeMans	1	-27.644236	-320.6344
LeMans	1	-27.885807	-320.39014
LeMans	1	-28.126238	-320.1475
LeMans	1	-28.365488	-319.90637
LeMans	1	-28.603506	-319.6667
LeMans	1	-28.840248	-319.42844
LeMans	1	-29.075697	-319.1916
LeMans	1	-29.309837	-318.95605
LeMans	1	-29.54268	-318.7218
LeMans	1	-29.774225	-318.4888
LeMans	1	-30.00446	-318.257
LeMans	1	-30.233395	-318.02634
LeMans	1	-30.461025	-317.79694
LeMans	1	-30.687353	-317.56857
LeMans	1	-30.912405	-317.34137
LeMans	1	-31.136166	-317.11536
LeMans	1	-31.35863	-316.8904
LeMans	1	-31.579824	-316.66666
LeMans	1	-31.799744	-316.444
LeMans	1	-32.018406	-316.22253
LeMans	1	-32.23587	-316.00217
LeMans	1	-32.45211	-315.78293
LeMans	1	-32.667133	-315.56488
LeMans	1	-32.881466	-315.34842
LeMans	1	-33.096775	-315.1353
LeMans	1	-33.313755	-314.92615
LeMans	1	-33.53219	-314.72076
LeMans	1	-33.751614	-314.5188
LeMans	1	-33.97134	-314.31955
LeMans	1	-34.19039	-314.122
LeMans	1	-34.407803	-313.92514
LeMans	1	-34.6228	-313.72815
LeMans	1	-34.83484	-313.53033
LeMans	1	-35.043453	-313.33127
LeMans	1	-35.24822	-313.1304
LeMans	1	-35.448296	-312.92676
LeMans	1	-35.64341	-312.72003
LeMans	1	-35.834694	-312.51163
LeMans	1	-36.02327	-312.30273
LeMans	1	-36.209747	-312.0939
LeMans	1	-36.39441	-311.88565
LeMans	1	-36.57744	-311.67816
LeMans	1	-36.75898	-311.47153
LeMans	1	-36.939102	-311.26584
LeMans	1	-37.117794	-311.0611
LeMans	1	-37.294693	-310.85687
LeMans	1	-37.469437	-310.6529
LeMans	1	-37.642254	-310.44928
LeMans	1	-37.813663	-310.2466
LeMans	1	-37.98412	-310.0452
LeMans	1	-38.153904	-309.84528
LeMans	1	-38.323174	-309.64697
LeMans	1	-38.492027	-309.45032
LeMans	1	-38.660477	-309.2554
LeMans	1	-38.828506	-309.0622
LeMans	1	-38.996086	-308.8705
LeMans	1	-39.16222	-308.6796
LeMans	1	-39.325203	-308.48788
LeMans	1	-39.484463	-308.29492
LeMans	1	-39.640312	-308.10098
LeMans	1	-39.793736	-307.907
LeMans	1	-39.94591	-307.71393
LeMans	1	-40.097813	-307.52252
LeMans	1	-40.250195	-307.33337
LeMans	1	-40.40366	-307.14697
LeMans	1	-40.55869	-306.96365
LeMans	1	-40.715897	-306.78397
LeMans	1	-40.876236	-306.60864
LeMans	1	-41.038734	-306.43692
LeMans	1	-41.202435	-306.268
LeMans	1	-41.36644	-306.1012
LeMans	1	-41.530224	-305.93604
LeMans	1	-41.6939	-305.77167
LeMans	1	-41.858658	-305.60666
LeMans	1	-42.025528	-305.4401
LeMans	1	-42.19493	-305.2714
LeMans	1	-42.367138	-305.10007
LeMans	1	-42.542343	-304.92587
LeMans	1	-42.720684	-304.74866
LeMans	1	-42.90223	-304.56876
LeMans	1	-43.08693	-304.38635
LeMans	1	-43.27466	-304.20154
LeMans	1	-43.465393	-304.0138
LeMans	1	-43.659286	-303.8224
LeMans	1	-43.856472	-303.62717
LeMans	1	-44.05709	-303.42828
LeMans	1	-44.261272	-303.2258
LeMans	1	-44.468666	-303.02014
LeMans	1	-44.67917	-302.8113
LeMans	1	-44.893093	-302.59888
LeMans	1	-45.110546	-302.38287
LeMans	1	-45.331657	-302.16315
LeMans	1	-45.55651	-301.93967
LeMans	1	-45.78516	-301.71237
LeMans	1	-46.017673	-301.48117
LeMans	1	-46.25407	-301.24615
LeMans	1	-46.49433	-301.00717
LeMans	1	-46.738483	-300.7643
LeMans	1	-46.986504	-300.51758
LeMans	1	-47.238422	-300.26703
LeMans	1	-47.49428	-300.01254
LeMans	1	-47.754078	-299.75412
LeMans	1	-48.017723	-299.49185
LeMans	1	-48.283405	-299.22754
LeMans	1	-48.547855	-298.96442
LeMans	1	-48.810825	-298.70288
LeMans	1	-49.073093	-298.44208
LeMans	1	-49.334686	-298.18195
LeMans	1	-49.595684	-297.92242
LeMans	1	-49.85633	-297.66324
LeMans	1	-50.11576	-297.40527
LeMans	1	-50.374275	-297.14822
LeMans	1	-50.631836	-296.89215
LeMans	1	-50.88838	-296.63712
LeMans	1	-51.143784	-296.3832
LeMans	1	-51.397957	-296.13052
LeMans	1	-51.650837	-295.87915
LeMans	1	-51.902344	-295.62912
LeMans	1	-52.152466	-295.38055
LeMans	1	-52.401146	-295.13336
LeMans	1	-52.648376	-294.88766
LeMans	1	-52.894165	-294.6434
LeMans	1	-53.138504	-294.4006
LeMans	1	-53.38147	-294.15915
LeMans	1	-53.62307	-293.9191
LeMans	1	-53.8633	-293.6804
LeMans	1	-54.102215	-293.44305
LeMans	1	-54.33983	-293.207
LeMans	1	-54.57619	-292.97223
LeMans	1	-54.811302	-292.73868
LeMans	1	-55.04517	-292.50638
LeMans	1	-55.277824	-292.2753
LeMans	1	-55.50927	-292.04544
LeMans	1	-55.73953	-291.81677
LeMans	1	-55.96861	-291.5893
LeMans	1	-56.1965	-291.363
LeMans	1	-56.423187	-291.13794
LeMans	1	-56.6487	-290.91403
LeMans	1	-56.873016	-290.69135
LeMans	1	-57.09618	-290.4698
LeMans	1	-57.318184	-290.24945
LeMans	1	-57.539	-290.03027
LeMans	1	-57.75867	-289.81226
LeMans	1	-57.977215	-289.59537
LeMans	1	-58.194607	-289.37964
LeMans	1	-58.410873	-289.16504
LeMans	1	-58.625965	-288.95163
LeMans	1	-58.838264	-288.73764
LeMans	1	-59.045956	-288.52145
LeMans	1	-59.24973	-288.30362
LeMans	1	-59.450268	-288.08493
LeMans	1	-59.648285	-287.86606
LeMans	1	-59.844734	-287.64795
LeMans	1	-60.04058	-287.4315
LeMans	1	-60.236607	-287.2174
LeMans	1	-60.433456	-287.00635
LeMans	1	-60.63162	-286.7987
LeMans	1	-60.831734	-286.59494
LeMans	1	-61.034904	-286.39612
LeMans	1	-61.24049	-286.20166
LeMans	1	-61.447308	-286.0105
LeMans	1	-61.65437	-285.82175
LeMans	1	-61.861126	-285.63495
LeMans	1	-62.067314	-285.44983
LeMans	1	-62.27275	-285.26617
LeMans	1	-62.477333	-285.08398
LeMans	1	-62.68098	-284.90317
LeMans	1	-62.883675	-284.7236
LeMans	1	-63.08537	-284.54526
LeMans	1	-63.28603	-284.36807
LeMans	1	-63.48565	-284.19205
LeMans	1	-63.68429	-284.01703
LeMans	1	-63.883213	-283.84207
LeMans	1	-64.08414	-283.66534
LeMans	1	-64.28772	-283.48593
LeMans	1	-64.49415	-283.30377
LeMans	1	-64.70362	-283.11877
LeMans	1	-64.91657	-282.93066
LeMans	1	-65.13325	-282.7393
LeMans	1	-65.35349	-282.54477
LeMans	1	-65.57714	-282.34723
LeMans	1	-65.804	-282.14682
LeMans	1	-66.03398	-281.9436
LeMans	1	-66.26706	-281.73758
LeMans	1	-66.50326	-281.52878
LeMans	1	-66.74265	-281.31714
LeMans	1	-66.98517	-281.10257
LeMans	1	-67.23083	-280.8851
LeMans	1	-67.48088	-280.6638
LeMans	1	-67.73554	-280.4384
LeMans	1	-67.994865	-280.20883
LeMans	1	-68.25881	-279.9752
LeMans	1	-68.52738	-279.73743
LeMans	1	-68.800606	-279.49557
LeMans	1	-69.07859	-279.24948
LeMans	1	-69.36227	-278.9984
LeMans	1	-69.65103	-278.74283
LeMans	1	-69.94401	-278.48352
LeMans	1	-70.237915	-278.22336
LeMans	1	-70.529526	-277.9652
LeMans	1	-70.819016	-277.7099
LeMans	1	-71.109474	-277.45752
LeMans	1	-71.40156	-277.2084
LeMans	1	-71.695206	-276.9619
LeMans	1	-71.98967	-276.71774
LeMans	1	-72.28408	-276.47495
LeMans	1	-72.57739	-276.23264
LeMans	1	-72.868645	-275.99002
LeMans	1	-73.157326	-275.74628
LeMans	1	-73.44275	-275.50104
LeMans	1	-73.72391	-275.25333
LeMans	1	-74.00097	-275.00354
LeMans	1	-74.27528	-274.75354
LeMans	1	-74.54679	-274.5032
LeMans	1	-74.81596	-274.25345
LeMans	1	-75.08312	-274.00467
LeMans	1	-75.34846	-273.75705
LeMans	1	-75.61199	-273.51062
LeMans	1	-75.87388	-273.2654
LeMans	1	-76.134155	-273.02145
LeMans	1	-76.39291	-272.77875
LeMans	1	-76.650215	-272.53732
LeMans	1	-76.90611	-272.29715
LeMans	1	-77.160675	-272.0583
LeMans	1	-77.41392	-271.82065
LeMans	1	-77.66629	-271.5839
LeMans	1	-77.91704	-271.34882
LeMans	1	-78.16656	-271.11496
LeMans	1	-78.414894	-270.88232
LeMans	1	-78.66203	-270.65097
LeMans	1	-78.90799	-270.42084
LeMans	1	-79.15277	-270.19196
LeMans	1	-79.39636	-269.96426
LeMans	1	-79.63877	-269.7378
LeMans	1	-79.87998	-269.51254
LeMans	1	-80.11998	-269.28848
LeMans	1	-80.35879	-269.0656
LeMans	1	-80.59638	-268.8439
LeMans	1	-80.83275	-268.62338
LeMans	1	-81.06792	-268.404
LeMans	1	-81.301865	-268.18573
LeMans	1	-81.53461	-267.96866
LeMans	1	-81.76614	-267.75266
LeMans	1	-81.996475	-267.5378
LeMans	1	-82.225586	-267.3241
LeMans	1	-82.45351	-267.1115
LeMans	1	-82.68022	-266.90002
LeMans	1	-82.90575	-266.68964
LeMans	1	-83.1301	-266.48035
LeMans	1	-83.35325	-266.27216
LeMans	1	-83.575226	-266.0651
LeMans	1	-83.796005	-265.85913
LeMans	1	-84.015625	-265.6542
LeMans	1	-84.23407	-265.4504
LeMans	1	-84.451355	-265.24768
LeMans	1	-84.667465	-265.04602
LeMans	1	-84.88244	-264.84543
LeMans	1	-85.096245	-264.6459
LeMans	1	-85.30889	-264.44742
LeMans	1	-85.52033	-264.24997
LeMans	1	-85.729416	-264.05225
LeMans	1	-85.93467	-263.85275
LeMans	1	-86.13604	-263.6515
LeMans	1	-86.33431	-263.4492
LeMans	1	-86.530655	-263.24707
LeMans	1	-86.72605	-263.04626
LeMans	1	-86.92123	-262.8475
LeMans	1	-87.11675	-262.65143
LeMans	1	-87.31311	-262.4584
LeMans	1	-87.51079	-262.26883
LeMans	1	-87.71078	-262.08347
LeMans	1	-87.91184	-261.9012
LeMans	1	-88.113846	-261.722
LeMans	1	-88.31596	-261.54495
LeMans	1	-88.517654	-261.36963
LeMans	1	-88.71863	-261.19568
LeMans	1	-88.91873	-261.02298
LeMans	1	-89.11782	-260.8515
LeMans	1	-89.31593	-260.68112
LeMans	1	-89.51316	-260.5117
LeMans	1	-89.709145	-260.34344
LeMans	1	-89.90403	-260.17618
LeMans	1	-90.09783	-260.0099
LeMans	1	-90.29053	-259.84457
LeMans	1	-90.48333	-259.67938
LeMans	1	-90.678185	-259.51233
LeMans	1	-90.87574	-259.34262
LeMans	1	-91.07593	-259.1701
LeMans	1	-91.27696	-258.99338
LeMans	1	-91.47706	-258.81082
LeMans	1	-91.67631	-258.6241
LeMans	1	-91.87267	-258.43552
LeMans	1	-92.06624	-258.2472
LeMans	1	-92.25866	-258.06012
LeMans	1	-92.451485	-257.87457
LeMans	1	-92.64563	-257.69147
LeMans	1	-92.84158	-257.5115
LeMans	1	-93.04015	-257.3354
LeMans	1	-93.24229	-257.16403
LeMans	1	-93.44679	-256.99692
LeMans	1	-93.65215	-256.83264
LeMans	1	-93.85785	-256.67047
LeMans	1	-94.06318	-256.5101
LeMans	1	-94.26779	-256.35144
LeMans	1	-94.47159	-256.1943
LeMans	1	-94.67449	-256.03854
LeMans	1	-94.876335	-255.88411
LeMans	1	-95.077095	-255.73097
LeMans	1	-95.27679	-255.579
LeMans	1	-95.47534	-255.42819
LeMans	1	-95.67273	-255.2785
LeMans	1	-95.868935	-255.12982
LeMans	1	-96.06398	-254.98207
LeMans	1	-96.2578	-254.83525
LeMans	1	-96.45042	-254.68929
LeMans	1	-96.64185	-254.54416
LeMans	1	-96.83213	-254.39977
LeMans	1	-97.02118	-254.25616
LeMans	1	-97.20908	-254.11331
LeMans	1	-97.396706	-253.97066
LeMans	1	-97.58578	-253.82693
LeMans	1	-97.77774	-253.68068
LeMans	1	-97.97327	-253.53134
LeMans	1	-98.172646	-253.3788
LeMans	1	-98.37571	-253.22331
LeMans	1	-98.582436	-253.06497
LeMans	1	-98.792725	-252.90388
LeMans	1	-99.006355	-252.74019
LeMans	1	-99.22316	-252.574
LeMans	1	-99.44309	-252.40538
LeMans	1	-99.66622	-252.23431
LeMans	1	-99.892876	-252.06052
LeMans	1	-100.12386	-251.88345
LeMans	1	-100.35941	-251.70291
LeMans	1	-100.59959	-251.51884
LeMans	1	-100.84439	-251.33124
LeMans	1	-101.09379	-251.14014
LeMans	1	-101.3478	-250.9455
LeMans	1	-101.606476	-250.7473
LeMans	1	-101.869804	-250.54555
LeMans	1	-102.13784	-250.34023
LeMans	1	-102.410576	-250.13135
LeMans	1	-102.688034	-249.91884
LeMans	1	-102.970245	-249.70273
LeMans	1	-103.257256	-249.48299
LeMans	1	-103.548805	-249.25978
LeMans	1	-103.84238	-249.03502
LeMans	1	-104.13316	-248.81233
LeMans	1	-104.422226	-248.59103
LeMans	1	-104.7109	-248.37009
LeMans	1	-104.99909	-248.14952
LeMans	1	-105.28681	-247.9293
LeMans	1	-105.57366	-247.7098
LeMans	1	-105.85963	-247.49094
LeMans	1	-106.14487	-247.27261
LeMans	1	-106.4288	-247.05531
LeMans	1	-106.712234	-246.83841
LeMans	1	-106.99679	-246.62071
LeMans	1	-107.284325	-246.40071
LeMans	1	-107.57579	-246.1777
LeMans	1	-107.871216	-245.95169
LeMans	1	-108.17013	-245.723
LeMans	1	-108.47249	-245.49158
LeMans	1	-108.7785	-245.25734
LeMans	1	-109.08822	-245.02025
LeMans	1	-109.40162	-244.78035
LeMans	1	-109.718666	-244.53763
LeMans	1	-110.03943	-244.2921
LeMans	1	-110.36385	-244.04378
LeMans	1	-110.69193	-243.79266
LeMans	1	-111.02365	-243.53882
LeMans	1	-111.3595	-243.28188
LeMans	1	-111.69992	-243.0217
LeMans	1	-112.044624	-242.75824
LeMans	1	-112.3934	-242.49162
LeMans	1	-112.745964	-242.22205
LeMans	1	-113.10223	-241.94963
LeMans	1	-113.46219	-241.67436
LeMans	1	-113.82584	-241.3963
LeMans	1	-114.193016	-241.11552
LeMans	1	-114.56307	-240.83255
LeMans	1	-114.93387	-240.54904
LeMans	1	-115.30366	-240.26628
LeMans	1	-115.67231	-239.98438
LeMans	1	-116.0403	-239.70299
LeMans	1	-116.4077	-239.42206
LeMans	1	-116.77449	-239.14162
LeMans	1	-117.140526	-238.86177
LeMans	1	-117.50563	-238.58263
LeMans	1	-117.86968	-238.30429
LeMans	1	-118.232254	-238.0271
LeMans	1	-118.59303	-237.7513
LeMans	1	-118.95461	-237.4749
LeMans	1	-119.31918	-237.19624
LeMans	1	-119.687996	-236.91438
LeMans	1	-120.06153	-236.62892
LeMans	1	-120.43974	-236.33987
LeMans	1	-120.82244	-236.04732
LeMans	1	-121.20928	-235.7516
LeMans	1	-121.60122	-235.45197
LeMans	1	-121.99822	-235.14848
LeMans	1	-122.39897	-234.84224
LeMans	1	-122.803505	-234.53314
LeMans	1	-123.21139	-234.22148
LeMans	1	-123.62006	-233.90918
LeMans	1	-124.02696	-233.59814
LeMans	1	-124.431046	-233.28925
LeMans	1	-124.833275	-232.98175
LeMans	1	-125.23546	-232.67441
LeMans	1	-125.637215	-232.36743
LeMans	1	-126.03837	-232.06087
LeMans	1	-126.43867	-231.75499
LeMans	1	-126.838005	-231.44984
LeMans	1	-127.23617	-231.14558
LeMans	1	-127.633026	-230.84232
LeMans	1	-128.02841	-230.5402
LeMans	1	-128.42223	-230.23929
LeMans	1	-128.81207	-229.9367
LeMans	1	-129.19589	-229.62997
LeMans	1	-129.57433	-229.32019
LeMans	1	-129.94841	-229.00882
LeMans	1	-130.3195	-228.69771
LeMans	1	-130.68912	-228.3886
LeMans	1	-131.059	-228.0833
LeMans	1	-131.43175	-227.78526
LeMans	1	-131.80817	-227.49619
LeMans	1	-132.18785	-227.21632
LeMans	1	-132.56818	-226.94186
LeMans	1	-132.94705	-226.66982
LeMans	1	-133.32373	-226.3991
LeMans	1	-133.69835	-226.12772
LeMans	1	-134.07153	-225.85667
LeMans	1	-134.44362	-225.58728
LeMans	1	-134.8146	-225.31982
LeMans	1	-135.18428	-225.05423
LeMans	1	-135.55247	-224.79027
LeMans	1	-135.91904	-224.52777
LeMans	1	-136.28389	-224.26657
LeMans	1	-136.64705	-224.00664
LeMans	1	-137.00847	-223.7478
LeMans	1	-137.36818	-223.49007
LeMans	1	-137.72618	-223.2334
LeMans	1	-138.08249	-222.97777
LeMans	1	-138.4371	-222.72322
LeMans	1	-138.79002	-222.46973
LeMans	1	-139.14128	-222.21729
LeMans	1	-139.4909	-221.966
LeMans	1	-139.83887	-221.71582
LeMans	1	-140.18518	-221.46667
LeMans	1	-140.5299	-221.21861
LeMans	1	-140.87308	-220.97162
LeMans	1	-141.21463	-220.72575
LeMans	1	-141.55457	-220.48099
LeMans	1	-141.893	-220.23752
LeMans	1	-142.23138	-219.99722
LeMans	1	-142.57115	-219.76218
LeMans	1	-142.91228	-219.5324
LeMans	1	-143.25424	-219.3072
LeMans	1	-143.59648	-219.08595
LeMans	1	-143.93832	-218.86755
LeMans	1	-144.2787	-218.65048
LeMans	1	-144.61665	-218.43314
LeMans	1	-144.95135	-218.21428
LeMans	1	-145.28207	-217.99278
LeMans	1	-145.60793	-217.76723
LeMans	1	-145.92728	-217.53511
LeMans	1	-146.24037	-217.29695
LeMans	1	-146.54959	-217.05656
LeMans	1	-146.85614	-216.81578
LeMans	1	-147.16039	-216.5753
LeMans	1	-147.46254	-216.33537
LeMans	1	-147.7627	-216.09615
LeMans	1	-148.06099	-215.8577
LeMans	1	-148.35751	-215.62009
LeMans	1	-148.65231	-215.38345
LeMans	1	-148.9455	-215.14777
LeMans	1	-149.23712	-214.91316
LeMans	1	-149.52724	-214.67957
LeMans	1	-149.81587	-214.44705
LeMans	1	-150.10304	-214.2157
LeMans	1	-150.38875	-213.98543
LeMans	1	-150.67314	-213.75597
LeMans	1	-150.95755	-213.5262
LeMans	1	-151.24428	-213.2945
LeMans	1	-151.53488	-213.05989
LeMans	1	-151.82938	-212.82233
LeMans	1	-152.12828	-212.58116
LeMans	1	-152.4316	-212.33638
LeMans	1	-152.73946	-212.08792
LeMans	1	-153.05196	-211.83572
LeMans	1	-153.36838	-211.58018
LeMans	1	-153.68646	-211.3233
LeMans	1	-154.00394	-211.06691
LeMans	1	-154.31938	-210.81244
LeMans	1	-154.63371	-210.55963
LeMans	1	-154.94806	-210.30688
LeMans	1	-155.26198	-210.05455
LeMans	1	-155.57526	-209.80273
LeMans	1	-155.88774	-209.55148
LeMans	1	-156.19936	-209.30093
LeMans	1	-156.51001	-209.05115
LeMans	1	-156.81953	-208.80226
LeMans	1	-157.12779	-208.55435
LeMans	1	-157.43459	-208.30763
LeMans	1	-157.7405	-208.06163
LeMans	1	-158.04868	-207.81372
LeMans	1	-158.36047	-207.56288
LeMans	1	-158.67609	-207.309
LeMans	1	-158.99542	-207.05217
LeMans	1	-159.31837	-206.79242
LeMans	1	-159.64488	-206.5298
LeMans	1	-159.97484	-206.26443
LeMans	1	-160.30771	-205.99673
LeMans	1	-160.64209	-205.72777
LeMans	1	-160.9761	-205.45908
LeMans	1	-161.3089	-205.19135
LeMans	1	-161.64056	-204.92447
LeMans	1	-161.9714	-204.65826
LeMans	1	-162.3013	-204.3928
LeMans	1	-162.63026	-204.1281
LeMans	1	-162.95877	-203.86374
LeMans	1	-163.28568	-203.60068
LeMans	1	-163.61139	-203.33855
LeMans	1	-163.93582	-203.07742
LeMans	1	-164.25885	-202.81741
LeMans	1	-164.58038	-202.55861
LeMans	1	-164.90039	-202.30101
LeMans	1	-165.21875	-202.04471
LeMans	1	-165.53554	-201.78966
LeMans	1	-165.85072	-201.53589
LeMans	1	-166.16435	-201.28337
LeMans	1	-166.47646	-201.0321
LeMans	1	-166.78703	-200.78197
LeMans	1	-167.09612	-200.53307
LeMans	1	-167.40459	-200.2864
LeMans	1	-167.71526	-200.04543
LeMans	1	-168.02777	-199.80977
LeMans	1	-168.34128	-199.57835
LeMans	1	-168.65508	-199.35037
LeMans	1	-168.96841	-199.1248
LeMans	1	-169.28029	-198.90028
LeMans	1	-169.58978	-198.67554
LeMans	1	-169.89613	-198.44958
LeMans	1	-170.19873	-198.22163
LeMans	1	-170.49709	-197.99086
LeMans	1	-170.78998	-197.7556
LeMans	1	-171.07701	-197.51538
LeMans	1	-171.35997	-197.27284
LeMans	1	-171.64001	-197.02954
LeMans	1	-171.91772	-196.78629
LeMans	1	-172.1933	-196.54338
LeMans	1	-172.46687	-196.301
LeMans	1	-172.73851	-196.05917
LeMans	1	-173.00839	-195.81802
LeMans	1	-173.27654	-195.5776
LeMans	1	-173.543	-195.33803
LeMans	1	-173.80786	-195.09927
LeMans	1	-174.07123	-194.86147
LeMans	1	-174.33315	-194.6246
LeMans	1	-174.59363	-194.38876
LeMans	1	-174.85275	-194.15396
LeMans	1	-175.11055	-193.92029
LeMans	1	-175.36708	-193.68765
LeMans	1	-175.62236	-193.45616
LeMans	1	-175.87642	-193.22581
LeMans	1	-176.12933	-192.99661
LeMans	1	-176.38103	-192.76862
LeMans	1	-176.63159	-192.54178
LeMans	1	-176.88107	-192.31615
LeMans	1	-177.12946	-192.09169
LeMans	1	-177.3767	-191.86844
LeMans	1	-177.62285	-191.64638
LeMans	1	-177.86797	-191.4255
LeMans	1	-178.11192	-191.20584
LeMans	1	-178.35484	-190.9874
LeMans	1	-178.59747	-190.77106
LeMans	1	-178.84047	-190.55748
LeMans	1	-179.08488	-190.34782
LeMans	1	-179.32991	-190.14125
LeMans	1	-179.57478	-189.9369
LeMans	1	-179.81866	-189.73386
LeMans	1	-180.06076	-189.5312
LeMans	1	-180.3005	-189.32823
LeMans	1	-180.53738	-189.12437
LeMans	1	-180.77068	-188.91876
LeMans	1	-181.00006	-188.71097
LeMans	1	-181.22711	-188.50285
LeMans	1	-181.45145	-188.29398
LeMans	1	-181.67375	-188.08513
LeMans	1	-181.89442	-187.87675
LeMans	1	-182.1137	-187.66905
LeMans	1	-182.33163	-187.46223
LeMans	1	-182.54836	-187.2563
LeMans	1	-182.76413	-187.05107
LeMans	1	-182.98042	-186.84514
LeMans	1	-183.1993	-186.6366
LeMans	1	-183.42163	-186.42487
LeMans	1	-183.64755	-186.2098
LeMans	1	-183.87674	-185.99165
LeMans	1	-184.1089	-185.77046
LeMans	1	-184.3441	-185.54622
LeMans	1	-184.58247	-185.31891
LeMans	1	-184.82408	-185.08849
LeMans	1	-185.06873	-184.85544
LeMans	1	-185.31462	-184.62141
LeMans	1	-185.55992	-184.38815
LeMans	1	-185.80415	-184.1559
LeMans	1	-186.04793	-183.9241
LeMans	1	-186.2914	-183.69269
LeMans	1	-186.53448	-183.46167
LeMans	1	-186.77708	-183.23116
LeMans	1	-187.01915	-183.00117
LeMans	1	-187.26082	-182.77162
LeMans	1	-187.50345	-182.54112
LeMans	1	-187.74883	-182.30806
LeMans	1	-187.99777	-182.07156
LeMans	1	-188.25021	-181.83177
LeMans	1	-188.50583	-181.58902
LeMans	1	-188.7644	-181.34349
LeMans	1	-189.0259	-181.09541
LeMans	1	-189.29027	-180.84468
LeMans	1	-189.55754	-180.59132
LeMans	1	-189.8269	-180.33589
LeMans	1	-190.09628	-180.08037
LeMans	1	-190.3644	-179.826
LeMans	1	-190.63144	-179.57262
LeMans	1	-190.89801	-179.31966
LeMans	1	-191.16408	-179.06721
LeMans	1	-191.42958	-178.81529
LeMans	1	-191.69441	-178.56398
LeMans	1	-191.95845	-178.3134
LeMans	1	-192.22168	-178.06358
LeMans	1	-192.48424	-177.81438
LeMans	1	-192.7454	-177.56647
LeMans	1	-193.00545	-177.31961
LeMans	1	-193.26422	-177.07393
LeMans	1	-193.52168	-176.82948
LeMans	1	-193.77776	-176.58632
LeMans	1	-194.03244	-176.34445
LeMans	1	-194.28572	-176.10387
LeMans	1	-194.53766	-175.86456
LeMans	1	-194.78825	-175.6265
LeMans	1	-195.03754	-175.3896
LeMans	1	-195.28557	-175.15395
LeMans	1	-195.53232	-174.91946
LeMans	1	-195.7778	-174.68614
LeMans	1	-196.02211	-174.454
LeMans	1	-196.26578	-174.2236
LeMans	1	-196.51074	-173.99687
LeMans	1	-196.75662	-173.77351
LeMans	1	-197.00273	-173.55276
LeMans	1	-197.24837	-173.33388
LeMans	1	-197.49277	-173.11601
LeMans	1	-197.73521	-172.89836
LeMans	1	-197.97517	-172.6804
LeMans	1	-198.21228	-172.4617
LeMans	1	-198.44594	-172.24152
LeMans	1	-198.67598	-172.01974
LeMans	1	-198.90408	-171.79816
LeMans	1	-199.12964	-171.57611
LeMans	1	-199.3533	-171.35422
LeMans	1	-199.57536	-171.13297
LeMans	1	-199.79614	-170.91255
LeMans	1	-200.01576	-170.69312
LeMans	1	-200.23416	-170.4747
LeMans	1	-200.45235	-170.25824
LeMans	1	-200.6715	-170.045
LeMans	1	-200.89253	-169.83586
LeMans	1	-201.11475	-169.6301
LeMans	1	-201.33722	-169.42682
LeMans	1	-201.55952	-169.22554
LeMans	1	-201.78127	-169.0259
LeMans	1	-202.00218	-168.82753
LeMans	1	-202.22177	-168.62996
LeMans	1	-202.43933	-168.43242
LeMans	1	-202.65416	-168.23413
LeMans	1	-202.86566	-168.03441
LeMans	1	-203.07295	-167.83226
LeMans	1	-203.27496	-167.62656
LeMans	1	-203.47261	-167.41827
LeMans	1	-203.66841	-167.21017
LeMans	1	-203.8656	-167.00565
LeMans	1	-204.065	-166.80545
LeMans	1	-204.26598	-166.60892
LeMans	1	-204.46748	-166.41493
LeMans	1	-204.66853	-166.2225
LeMans	1	-204.86803	-166.03041
LeMans	1	-205.06477	-165.8376
LeMans	1	-205.25803	-165.64304
LeMans	1	-205.44624	-165.44528
LeMans	1	-205.62766	-165.24248
LeMans	1	-205.8039	-165.03642
LeMans	1	-205.97653	-164.8287
LeMans	1	-206.14618	-164.62015
LeMans	1	-206.31331	-164.41127
LeMans	1	-206.47816	-164.20232
LeMans	1	-206.64087	-163.99359
LeMans	1	-206.80157	-163.78522
LeMans	1	-206.96045	-163.57735
LeMans	1	-207.11755	-163.37
LeMans	1	-207.27312	-163.16342
LeMans	1	-207.42868	-162.9588
LeMans	1	-207.58855	-162.75952
LeMans	1	-207.75275	-162.56554
LeMans	1	-207.91898	-162.37486
LeMans	1	-208.08609	-162.18666
LeMans	1	-208.25345	-162.00041
LeMans	1	-208.42065	-161.81581
LeMans	1	-208.58737	-161.63258
LeMans	1	-208.75331	-161.45044
LeMans	1	-208.91818	-161.26915
LeMans	1	-209.08171	-161.08832
LeMans	1	-209.24324	-160.90736
LeMans	1	-209.4018	-160.72517
LeMans	1	-209.55624	-160.54091
LeMans	1	-209.70587	-160.35378
LeMans	1	-209.84846	-160.16206
LeMans	1	-209.98238	-159.96495
LeMans	1	-210.10889	-159.76404
LeMans	1	-210.22852	-159.56012
LeMans	1	-210.34236	-159.35439
LeMans	1	-210.45238	-159.14839
LeMans	1	-210.55917	-158.94252
LeMans	1	-210.66301	-158.73691
LeMans	1	-210.76402	-158.53159
LeMans	1	-210.86234	-158.32663
LeMans	1	-210.9581	-158.12221
LeMans	1	-211.05151	-157.91852
LeMans	1	-211.14282	-157.7157
LeMans	1	-211.23222	-157.5135
LeMans	1	-211.3205	-157.31055
LeMans	1	-211.40872	-157.10498
LeMans	1	-211.49806	-156.89557
LeMans	1	-211.589	-156.68178
LeMans	1	-211.68102	-156.46333
LeMans	1	-211.77379	-156.24046
LeMans	1	-211.86734	-156.0133
LeMans	1	-211.96167	-155.78215
LeMans	1	-212.0565	-155.5482
LeMans	1	-212.15125	-155.31337
LeMans	1	-212.24481	-155.07915
LeMans	1	-212.33821	-154.84595
LeMans	1	-212.43158	-154.61327
LeMans	1	-212.52493	-154.38084
LeMans	1	-212.61844	-154.14879
LeMans	1	-212.71523	-153.91849
LeMans	1	-212.81859	-153.69135
LeMans	1	-212.92644	-153.46675
LeMans	1	-213.03694	-153.24411
LeMans	1	-213.1492	-153.0233
LeMans	1	-213.26262	-152.80424
LeMans	1	-213.37665	-152.58693
LeMans	1	-213.49086	-152.37123
LeMans	1	-213.60431	-152.15675
LeMans	1	-213.71565	-151.94296
LeMans	1	-213.82387	-151.72931
LeMans	1	-213.92789	-151.51529
LeMans	1	-214.02687	-151.30046
LeMans	1	-214.11893	-151.08363
LeMans	1	-214.20335	-150.86456
LeMans	1	-214.2812	-150.64377
LeMans	1	-214.35303	-150.4216
LeMans	1	-214.41965	-150.19855
LeMans	1	-214.48375	-149.97597
LeMans	1	-214.54794	-149.755
LeMans	1	-214.61707	-149.53757
LeMans	1	-214.69206	-149.32393
LeMans	1	-214.76984	-149.11282
LeMans	1	-214.84807	-148.90326
LeMans	1	-214.92484	-148.69456
LeMans	1	-214.99855	-148.48615
LeMans	1	-215.06659	-148.277
LeMans	1	-215.1267	-148.06606
LeMans	1	-215.18045	-147.85403
LeMans	1	-215.22992	-147.64182
LeMans	1	-215.2761	-147.42966
LeMans	1	-215.31944	-147.2179
LeMans	1	-215.36044	-147.00676
LeMans	1	-215.39929	-146.79655
LeMans	1	-215.43628	-146.58714
LeMans	1	-215.47163	-146.37877
LeMans	1	-215.50597	-146.1716
LeMans	1	-215.54202	-145.96635
LeMans	1	-215.58511	-145.76408
LeMans	1	-215.63385	-145.5643
LeMans	1	-215.6852	-145.36636
LeMans	1	-215.7376	-145.16992
LeMans	1	-215.78941	-144.9745
LeMans	1	-215.8391	-144.77974
LeMans	1	-215.88513	-144.58536
LeMans	1	-215.92494	-144.39058
LeMans	1	-215.95602	-144.19476
LeMans	1	-215.98105	-143.99869
LeMans	1	-216.00209	-143.80284
LeMans	1	-216.02052	-143.60757
LeMans	1	-216.04004	-143.41354
LeMans	1	-216.06447	-143.22144
LeMans	1	-216.09378	-143.03159
LeMans	1	-216.12552	-142.84332
LeMans	1	-216.15836	-142.65623
LeMans	1	-216.19156	-142.47025
LeMans	1	-216.22426	-142.28532
LeMans	1	-216.25497	-142.10133
LeMans	1	-216.2825	-141.91779
LeMans	1	-216.30461	-141.73433
LeMans	1	-216.31741	-141.55043
LeMans	1	-216.32059	-141.36649
LeMans	1	-216.3176	-141.18297
LeMans	1	-216.31015	-141.00038
LeMans	1	-216.29935	-140.81909
LeMans	1	-216.28651	-140.63927
LeMans	1	-216.27457	-140.46118
LeMans	1	-216.268	-140.28491
LeMans	1	-216.26643	-140.11018
LeMans	1	-216.26709	-139.9368
LeMans	1	-216.26857	-139.76465
LeMans	1	-216.26964	-139.59338
LeMans	1	-216.26822	-139.42302
LeMans	1	-216.26138	-139.25365
LeMans	1	-216.24547	-139.08557
LeMans	1	-216.2217	-138.91893
LeMans	1	-216.1927	-138.75359
LeMans	1	-216.15988	-138.58817
LeMans	1	-216.12354	-138.42058
LeMans	1	-216.0836	-138.24915
LeMans	1	-216.04053	-138.07393
LeMans	1	-215.9947	-137.89528
LeMans	1	-215.9456	-137.71353
LeMans	1	-215.89247	-137.52895
LeMans	1	-215.83461	-137.34186
LeMans	1	-215.77138	-137.15424
LeMans	1	-215.70425	-136.9694
LeMans	1	-215.6341	-136.78809
LeMans	1	-215.56152	-136.60922
LeMans	1	-215.4859	-136.43216
LeMans	1	-215.41061	-136.25551
LeMans	1	-215.33475	-136.07991
LeMans	1	-215.25969	-135.90498
LeMans	1	-215.18622	-135.73042
LeMans	1	-215.11586	-135.55597
LeMans	1	-215.04474	-135.382
LeMans	1	-214.97914	-135.2073
LeMans	1	-214.91658	-135.0348
LeMans	1	-214.85898	-134.8617
LeMans	1	-214.80359	-134.69017
LeMans	1	-214.74902	-134.51686
LeMans	1	-214.7024	-134.34262
LeMans	1	-214.66054	-134.16867
LeMans	1	-214.62395	-133.99763
LeMans	1	-214.58478	-133.82808
LeMans	1	-214.54329	-133.65733
LeMans	1	-214.50374	-133.48695
LeMans	1	-214.46501	-133.31784
LeMans	1	-214.42642	-133.1548
LeMans	1	-214.38765	-132.98953
LeMans	1	-214.34814	-132.82416
LeMans	1	-214.3098	-132.65843
LeMans	1	-214.27164	-132.49678
LeMans	1	-214.23451	-132.34015
LeMans	1	-214.19678	-132.17773
LeMans	1	-214.15732	-132.01012
LeMans	1	-214.11694	-131.8407
LeMans	1	-214.07556	-131.66533
LeMans	1	-214.03287	-131.48444
LeMans	1	-213.98943	-131.3013
LeMans	1	-213.94583	-131.11685
LeMans	1	-213.90182	-130.92905
LeMans	1	-213.85707	-130.73766
LeMans	1	-213.81187	-130.54503
LeMans	1	-213.76625	-130.35046
LeMans	1	-213.7208	-130.1559
LeMans	1	-213.67633	-129.96588
LeMans	1	-213.63263	-129.77832
LeMans	1	-213.58868	-129.58931
LeMans	1	-213.54367	-129.39738
LeMans	1	-213.49995	-129.20879
LeMans	1	-213.45616	-129.0185
LeMans	1	-213.41168	-128.82353
LeMans	1	-213.3665	-128.6259
LeMans	1	-213.32205	-128.43158
LeMans	1	-213.27873	-128.24066
LeMans	1	-213.23518	-128.04715
LeMans	1	-213.19136	-127.853035
LeMans	1	-213.14964	-127.66752
LeMans	1	-213.10904	-127.481285
LeMans	1	-213.07208	-127.29239
LeMans	1	-213.03725	-127.102165
LeMans	1	-213.00359	-126.92189
LeMans	1	-212.97156	-126.7407
LeMans	1	-212.94427	-126.559555
LeMans	1	-212.92027	-126.37653
LeMans	1	-212.89143	-126.20216
LeMans	1	-212.86453	-126.02792
LeMans	1	-212.83594	-125.85534
LeMans	1	-212.80487	-125.68217
LeMans	1	-212.76912	-125.51803
LeMans	1	-212.73264	-125.352684
LeMans	1	-212.68938	-125.18964
LeMans	1	-212.63884	-125.02859
LeMans	1	-212.58102	-124.86852
LeMans	1	-212.52689	-124.714096
LeMans	1	-212.47076	-124.55865
LeMans	1	-212.41235	-124.40446
LeMans	1	-212.35187	-124.250404
LeMans	1	-212.29202	-124.09729
LeMans	1	-212.23453	-123.94683
LeMans	1	-212.1757	-123.79521
LeMans	1	-212.11609	-123.643036
LeMans	1	-212.05528	-123.48971
LeMans	1	-211.99289	-123.330215
LeMans	1	-211.92952	-123.166626
LeMans	1	-211.86436	-122.99977
LeMans	1	-211.79808	-122.828835
LeMans	1	-211.73042	-122.65577
LeMans	1	-211.66086	-122.47834
LeMans	1	-211.59062	-122.29872
LeMans	1	-211.52034	-122.11845
LeMans	1	-211.45013	-121.93804
LeMans	1	-211.38034	-121.75986
LeMans	1	-211.31033	-121.58186
LeMans	1	-211.24066	-121.40339
LeMans	1	-211.17068	-121.22414
LeMans	1	-211.10144	-121.0479
LeMans	1	-211.03166	-120.86872
LeMans	1	-210.96613	-120.68804
LeMans	1	-210.90572	-120.50311
LeMans	1	-210.84727	-120.3183
LeMans	1	-210.79271	-120.13327
LeMans	1	-210.74066	-119.94738
LeMans	1	-210.69148	-119.75947
LeMans	1	-210.64188	-119.57374
LeMans	1	-210.59265	-119.38973
LeMans	1	-210.54254	-119.2081
LeMans	1	-210.49081	-119.02934
LeMans	1	-210.43675	-118.85356
LeMans	1	-210.37914	-118.68109
LeMans	1	-210.31601	-118.51233
LeMans	1	-210.24637	-118.34738
LeMans	1	-210.17154	-118.18556
LeMans	1	-210.09238	-118.026474
LeMans	1	-210.00934	-117.86972
LeMans	1	-209.92442	-117.71451
LeMans	1	-209.84003	-117.559784
LeMans	1	-209.76007	-117.40364
LeMans	1	-209.68704	-117.24485
LeMans	1	-209.61823	-117.08441
LeMans	1	-209.55156	-116.92318
LeMans	1	-209.48625	-116.76155
LeMans	1	-209.42162	-116.60003
LeMans	1	-209.3568	-116.43943
LeMans	1	-209.2907	-116.28099
LeMans	1	-209.22232	-116.12556
LeMans	1	-209.15001	-115.973885
LeMans	1	-209.07083	-115.8273
LeMans	1	-208.98543	-115.685524
LeMans	1	-208.8953	-115.54773
LeMans	1	-208.80127	-115.413445
LeMans	1	-208.70407	-115.282234
LeMans	1	-208.60527	-115.15319
LeMans	1	-208.50552	-115.02577
LeMans	1	-208.40527	-114.89981
LeMans	1	-208.3051	-114.77501
LeMans	1	-208.20544	-114.65121
LeMans	1	-208.10638	-114.5284
LeMans	1	-208.00769	-114.40667
LeMans	1	-207.90901	-114.28621
LeMans	1	-207.81029	-114.167076
LeMans	1	-207.71143	-114.049255
LeMans	1	-207.61244	-113.93278
LeMans	1	-207.51341	-113.81756
LeMans	1	-207.41441	-113.703575
LeMans	1	-207.31549	-113.59075
LeMans	1	-207.21666	-113.47897
LeMans	1	-207.11804	-113.36832
LeMans	1	-207.01859	-113.25772
LeMans	1	-206.91699	-113.14537
LeMans	1	-206.81287	-113.030106
LeMans	1	-206.70602	-112.91125
LeMans	1	-206.59677	-112.78908
LeMans	1	-206.48514	-112.66393
LeMans	1	-206.37115	-112.535866
LeMans	1	-206.2547	-112.40486
LeMans	1	-206.13576	-112.27083
LeMans	1	-206.01462	-112.133354
LeMans	1	-205.89299	-111.99071
LeMans	1	-205.77148	-111.842255
LeMans	1	-205.65245	-111.68912
LeMans	1	-205.53789	-111.534004
LeMans	1	-205.42682	-111.37606
LeMans	1	-205.31682	-111.217255
LeMans	1	-205.20677	-111.05843
LeMans	1	-205.0957	-110.90051
LeMans	1	-204.98277	-110.74425
LeMans	1	-204.86734	-110.59045
LeMans	1	-204.74878	-110.439674
LeMans	1	-204.62607	-110.29297
LeMans	1	-204.4978	-110.15141
LeMans	1	-204.36511	-110.01445
LeMans	1	-204.22939	-109.88117
LeMans	1	-204.09248	-109.7503
LeMans	1	-203.95491	-109.62152
LeMans	1	-203.81711	-109.49468
LeMans	1	-203.67923	-109.369675
LeMans	1	-203.54153	-109.24642
LeMans	1	-203.40419	-109.12483
LeMans	1	-203.26704	-109.00411
LeMans	1	-203.12866	-108.88213
LeMans	1	-202.99034	-108.755905
LeMans	1	-202.85324	-108.624
LeMans	1	-202.71645	-108.48749
LeMans	1	-202.57956	-108.34718
LeMans	1	-202.44269	-108.20337
LeMans	1	-202.30724	-108.056206
LeMans	1	-202.17455	-107.907364
LeMans	1	-202.04189	-107.76055
LeMans	1	-201.90747	-107.6167
LeMans	1	-201.76949	-107.4767
LeMans	1	-201.62566	-107.34254
LeMans	1	-201.4764	-107.213936
LeMans	1	-201.32292	-107.09006
LeMans	1	-201.16621	-106.970215
LeMans	1	-201.00818	-106.85277
LeMans	1	-200.85002	-106.736725
LeMans	1	-200.69394	-106.61987
LeMans	1	-200.54314	-106.49893
LeMans	1	-200.39726	-106.37432
LeMans	1	-200.25429	-106.24834
LeMans	1	-200.11331	-106.12208
LeMans	1	-199.97353	-105.996445
LeMans	1	-199.83394	-105.87247
LeMans	1	-199.69359	-105.7512
LeMans	1	-199.55142	-105.63376
LeMans	1	-199.40523	-105.52241
LeMans	1	-199.25433	-105.41794
LeMans	1	-199.09982	-105.31914
LeMans	1	-198.94287	-105.22479
LeMans	1	-198.7848	-105.133385
LeMans	1	-198.62605	-105.04449
LeMans	1	-198.46695	-104.957565
LeMans	1	-198.30661	-104.87125
LeMans	1	-198.14293	-104.78467
LeMans	1	-197.9752	-104.69758
LeMans	1	-197.80318	-104.609566
LeMans	1	-197.62709	-104.52042
LeMans	1	-197.44688	-104.4305
LeMans	1	-197.26285	-104.33967
LeMans	1	-197.07556	-104.248604
LeMans	1	-196.88686	-104.15756
LeMans	1	-196.69896	-104.06723
LeMans	1	-196.51242	-103.978035
LeMans	1	-196.32663	-103.88917
LeMans	1	-196.14119	-103.80055
LeMans	1	-195.95612	-103.71223
LeMans	1	-195.77129	-103.62417
LeMans	1	-195.58688	-103.5362
LeMans	1	-195.40298	-103.44852
LeMans	1	-195.21935	-103.36124
LeMans	1	-195.03476	-103.2737
LeMans	1	-194.84796	-103.185
LeMans	1	-194.65813	-103.09441
LeMans	1	-194.46487	-103.001495
LeMans	1	-194.26842	-102.90653
LeMans	1	-194.06877	-102.80982
LeMans	1	-193.86603	-102.7115
LeMans	1	-193.66032	-102.61161
LeMans	1	-193.45288	-102.51061
LeMans	1	-193.24626	-102.40842
LeMans	1	-193.0431	-102.30302
LeMans	1	-192.84305	-102.1936
LeMans	1	-192.6451	-102.081
LeMans	1	-192.44876	-101.96597
LeMans	1	-192.25377	-101.849106
LeMans	1	-192.05998	-101.7309
LeMans	1	-191.8672	-101.61206
LeMans	1	-191.67505	-101.493706
LeMans	1	-191.48299	-101.37695
LeMans	1	-191.29053	-101.262886
LeMans	1	-191.09737	-101.15243
LeMans	1	-190.90314	-101.04635
LeMans	1	-190.7072	-100.94563
LeMans	1	-190.5086	-100.85208
LeMans	1	-190.30797	-100.76496
LeMans	1	-190.10577	-100.68354
LeMans	1	-189.90266	-100.606514
LeMans	1	-189.6998	-100.53196
LeMans	1	-189.49763	-100.45917
LeMans	1	-189.29614	-100.38798
LeMans	1	-189.09567	-100.318214
LeMans	1	-188.89638	-100.24924
LeMans	1	-188.69951	-100.17858
LeMans	1	-188.5067	-100.1021
LeMans	1	-188.31718	-100.02096
LeMans	1	-188.12999	-99.9375
LeMans	1	-187.94472	-99.85275
LeMans	1	-187.76111	-99.76728
LeMans	1	-187.57886	-99.681465
LeMans	1	-187.39757	-99.59619
LeMans	1	-187.21674	-99.512726
LeMans	1	-187.03574	-99.43221
LeMans	1	-186.85397	-99.35576
LeMans	1	-186.67068	-99.28516
LeMans	1	-186.48482	-99.22251
LeMans	1	-186.29698	-99.16673
LeMans	1	-186.10757	-99.116844
LeMans	1	-185.91748	-99.0713
LeMans	1	-185.72935	-99.02371
LeMans	1	-185.54419	-98.97162
LeMans	1	-185.3616	-98.91606
LeMans	1	-185.18073	-98.85924
LeMans	1	-185.00105	-98.80261
LeMans	1	-184.82199	-98.74782
LeMans	1	-184.6428	-98.69669
LeMans	1	-184.46262	-98.65228
LeMans	1	-184.28078	-98.61766
LeMans	1	-184.09836	-98.590195
LeMans	1	-183.9163	-98.56669
LeMans	1	-183.73611	-98.54206
LeMans	1	-183.558	-98.51456
LeMans	1	-183.38176	-98.48444
LeMans	1	-183.20662	-98.453865
LeMans	1	-183.03203	-98.42543
LeMans	1	-182.85724	-98.40319
LeMans	1	-182.68224	-98.38994
LeMans	1	-182.50777	-98.383125
LeMans	1	-182.33405	-98.381256
LeMans	1	-182.16127	-98.38352
LeMans	1	-181.98956	-98.38931
LeMans	1	-181.81773	-98.398026
LeMans	1	-181.64342	-98.409355
LeMans	1	-181.46585	-98.422905
LeMans	1	-181.28424	-98.43842
LeMans	1	-181.09859	-98.45573
LeMans	1	-180.90924	-98.47503
LeMans	1	-180.71645	-98.49676
LeMans	1	-180.52016	-98.521774
LeMans	1	-180.32083	-98.55121
LeMans	1	-180.12213	-98.585144
LeMans	1	-179.92648	-98.622665
LeMans	1	-179.73305	-98.663124
LeMans	1	-179.54099	-98.70602
LeMans	1	-179.35013	-98.75103
LeMans	1	-179.16039	-98.79775
LeMans	1	-178.97165	-98.84591
LeMans	1	-178.78383	-98.895035
LeMans	1	-178.59706	-98.94472
LeMans	1	-178.41138	-98.99444
LeMans	1	-178.22676	-99.04365
LeMans	1	-178.04294	-99.09134
LeMans	1	-177.8597	-99.136314
LeMans	1	-177.67679	-99.177574
LeMans	1	-177.49382	-99.214165
LeMans	1	-177.31064	-99.24539
LeMans	1	-177.12689	-99.2701
LeMans	1	-176.94276	-99.28869
LeMans	1	-176.7584	-99.301865
LeMans	1	-176.57423	-99.31159
LeMans	1	-176.39049	-99.31855
LeMans	1	-176.20697	-99.31816
LeMans	1	-176.02417	-99.311005
LeMans	1	-175.84248	-99.2973
LeMans	1	-175.66246	-99.27957
LeMans	1	-175.48418	-99.25657
LeMans	1	-175.3064	-99.229294
LeMans	1	-175.1273	-99.19786
LeMans	1	-174.94614	-99.16222
LeMans	1	-174.76244	-99.12315
LeMans	1	-174.57607	-99.0812
LeMans	1	-174.38683	-99.03747
LeMans	1	-174.19437	-98.99394
LeMans	1	-173.99861	-98.9512
LeMans	1	-173.80058	-98.90952
LeMans	1	-173.60304	-98.86872
LeMans	1	-173.40785	-98.82753
LeMans	1	-173.21481	-98.78433
LeMans	1	-173.02322	-98.73905
LeMans	1	-172.83282	-98.691505
LeMans	1	-172.64365	-98.64181
LeMans	1	-172.45552	-98.59044
LeMans	1	-172.2682	-98.53836
LeMans	1	-172.0816	-98.48686
LeMans	1	-171.89574	-98.43698
LeMans	1	-171.71046	-98.38955
LeMans	1	-171.52563	-98.3452
LeMans	1	-171.34111	-98.304665
LeMans	1	-171.15681	-98.26847
LeMans	1	-170.97258	-98.23739
LeMans	1	-170.7882	-98.2122
LeMans	1	-170.60388	-98.19219
LeMans	1	-170.41974	-98.17694
LeMans	1	-170.23592	-98.16614
LeMans	1	-170.05263	-98.15883
LeMans	1	-169.87036	-98.152
LeMans	1	-169.68987	-98.141266
LeMans	1	-169.51172	-98.12361
LeMans	1	-169.3356	-98.10136
LeMans	1	-169.16019	-98.07691
LeMans	1	-168.98447	-98.05078
LeMans	1	-168.80824	-98.02305
LeMans	1	-168.63158	-97.994194
LeMans	1	-168.45459	-97.964645
LeMans	1	-168.2774	-97.93462
LeMans	1	-168.10101	-97.905075
LeMans	1	-167.9255	-97.87766
LeMans	1	-167.75035	-97.85367
LeMans	1	-167.57512	-97.83448
LeMans	1	-167.39928	-97.822174
LeMans	1	-167.22244	-97.818756
LeMans	1	-167.0452	-97.82365
LeMans	1	-166.8682	-97.83576
LeMans	1	-166.69203	-97.854034
LeMans	1	-166.5172	-97.87721
LeMans	1	-166.34404	-97.902916
LeMans	1	-166.17293	-97.93007
LeMans	1	-166.00397	-97.95847
LeMans	1	-165.8372	-97.98815
LeMans	1	-165.67253	-98.01902
LeMans	1	-165.50983	-98.051094
LeMans	1	-165.34717	-98.08476
LeMans	1	-165.18257	-98.11959
LeMans	1	-165.01547	-98.15513
LeMans	1	-164.84581	-98.191444
LeMans	1	-164.67389	-98.22863
LeMans	1	-164.49968	-98.26658
LeMans	1	-164.3232	-98.30535
LeMans	1	-164.14432	-98.3449
LeMans	1	-163.96303	-98.385086
LeMans	1	-163.78014	-98.4254
LeMans	1	-163.59747	-98.46562
LeMans	1	-163.4162	-98.505775
LeMans	1	-163.23587	-98.54576
LeMans	1	-163.05602	-98.58563
LeMans	1	-162.87653	-98.62539
LeMans	1	-162.69745	-98.66507
LeMans	1	-162.51883	-98.704605
LeMans	1	-162.34093	-98.74459
LeMans	1	-162.16393	-98.78659
LeMans	1	-161.98703	-98.83148
LeMans	1	-161.80902	-98.87958
LeMans	1	-161.6297	-98.93085
LeMans	1	-161.44965	-98.98514
LeMans	1	-161.26935	-99.04206
LeMans	1	-161.08997	-99.10063
LeMans	1	-160.91241	-99.158905
LeMans	1	-160.73602	-99.21561
LeMans	1	-160.56006	-99.26989
LeMans	1	-160.38399	-99.32088
LeMans	1	-160.20747	-99.36783
LeMans	1	-160.03015	-99.40999
LeMans	1	-159.85173	-99.44616
LeMans	1	-159.67238	-99.47653
LeMans	1	-159.49248	-99.502205
LeMans	1	-159.31177	-99.52531
LeMans	1	-159.1289	-99.54735
LeMans	1	-158.94235	-99.568344
LeMans	1	-158.75179	-99.5872
LeMans	1	-158.55762	-99.603424
LeMans	1	-158.35992	-99.61684
LeMans	1	-158.15942	-99.62849
LeMans	1	-157.95638	-99.64001
LeMans	1	-157.75182	-99.652115
LeMans	1	-157.54834	-99.66493
LeMans	1	-157.3469	-99.67808
LeMans	1	-157.14687	-99.69162
LeMans	1	-156.9477	-99.70568
LeMans	1	-156.74916	-99.71989
LeMans	1	-156.55122	-99.73417
LeMans	1	-156.35388	-99.74844
LeMans	1	-156.15718	-99.762726
LeMans	1	-155.96124	-99.77705
LeMans	1	-155.76622	-99.791374
LeMans	1	-155.57219	-99.80539
LeMans	1	-155.37906	-99.817314
LeMans	1	-155.18677	-99.82586
LeMans	1	-154.9955	-99.83079
LeMans	1	-154.80528	-99.83241
LeMans	1	-154.61617	-99.8312
LeMans	1	-154.4282	-99.827896
LeMans	1	-154.2415	-99.82387
LeMans	1	-154.05609	-99.82034
LeMans	1	-153.872	-99.81837
LeMans	1	-153.68918	-99.8189
LeMans	1	-153.50761	-99.82279
LeMans	1	-153.32724	-99.83073
LeMans	1	-153.14801	-99.84385
LeMans	1	-152.96983	-99.86342
LeMans	1	-152.79272	-99.88847
LeMans	1	-152.6167	-99.917915
LeMans	1	-152.44174	-99.94944
LeMans	1	-152.26772	-99.98192
LeMans	1	-152.09337	-100.01469
LeMans	1	-151.91647	-100.04823
LeMans	1	-151.73592	-100.08333
LeMans	1	-151.55188	-100.119804
LeMans	1	-151.3648	-100.15728
LeMans	1	-151.17477	-100.19561
LeMans	1	-150.98186	-100.2346
LeMans	1	-150.78688	-100.27407
LeMans	1	-150.59105	-100.31359
LeMans	1	-150.39545	-100.35303
LeMans	1	-150.20103	-100.392265
LeMans	1	-150.00757	-100.43116
LeMans	1	-149.81462	-100.46983
LeMans	1	-149.62213	-100.50834
LeMans	1	-149.43	-100.54674
LeMans	1	-149.23831	-100.58491
LeMans	1	-149.04723	-100.62288
LeMans	1	-148.85689	-100.660576
LeMans	1	-148.66661	-100.6987
LeMans	1	-148.47328	-100.73732
LeMans	1	-148.27528	-100.77627
LeMans	1	-148.07237	-100.81548
LeMans	1	-147.86514	-100.855385
LeMans	1	-147.65404	-100.89636
LeMans	1	-147.43936	-100.93787
LeMans	1	-147.22105	-100.979195
LeMans	1	-146.99898	-101.01901
LeMans	1	-146.77318	-101.05674
LeMans	1	-146.54495	-101.09107
LeMans	1	-146.31691	-101.12315
LeMans	1	-146.08989	-101.154686
LeMans	1	-145.86345	-101.187126
LeMans	1	-145.63763	-101.221725
LeMans	1	-145.41252	-101.25932
LeMans	1	-145.18834	-101.30075
LeMans	1	-144.96553	-101.34735
LeMans	1	-144.74405	-101.398094
LeMans	1	-144.52379	-101.45155
LeMans	1	-144.30469	-101.5066
LeMans	1	-144.08678	-101.56255
LeMans	1	-143.87022	-101.61906
LeMans	1	-143.65501	-101.675865
LeMans	1	-143.44057	-101.73281
LeMans	1	-143.225	-101.79033
LeMans	1	-143.0068	-101.84898
LeMans	1	-142.78589	-101.90869
LeMans	1	-142.5625	-101.96931
LeMans	1	-142.3367	-102.03067
LeMans	1	-142.10843	-102.092735
LeMans	1	-141.87724	-102.15559
LeMans	1	-141.64377	-102.21894
LeMans	1	-141.40744	-102.282936
LeMans	1	-141.1685	-102.34746
LeMans	1	-140.92845	-102.41208
LeMans	1	-140.6898	-102.476265
LeMans	1	-140.45226	-102.540054
LeMans	1	-140.21524	-102.6036
LeMans	1	-139.97859	-102.666954
LeMans	1	-139.74236	-102.7301
LeMans	1	-139.50658	-102.793015
LeMans	1	-139.27135	-102.855675
LeMans	1	-139.03688	-102.918045
LeMans	1	-138.80328	-102.980095
LeMans	1	-138.57068	-103.0418
LeMans	1	-138.33917	-103.10315
LeMans	1	-138.10846	-103.16429
LeMans	1	-137.87657	-103.22576
LeMans	1	-137.64159	-103.288
LeMans	1	-137.40286	-103.35119
LeMans	1	-137.16061	-103.41527
LeMans	1	-136.91518	-103.480194
LeMans	1	-136.66667	-103.54593
LeMans	1	-136.41496	-103.61252
LeMans	1	-136.16026	-103.67991
LeMans	1	-135.90466	-103.747536
LeMans	1	-135.6505	-103.814804
LeMans	1	-135.39784	-103.88168
LeMans	1	-135.14598	-103.94836
LeMans	1	-134.89438	-104.01438
LeMans	1	-134.64227	-104.076645
LeMans	1	-134.38957	-104.13445
LeMans	1	-134.13669	-104.188805
LeMans	1	-133.88399	-104.24069
LeMans	1	-133.63197	-104.29124
LeMans	1	-133.38106	-104.34164
LeMans	1	-133.13164	-104.393
LeMans	1	-132.88397	-104.44618
LeMans	1	-132.63832	-104.501854
LeMans	1	-132.39484	-104.560684
LeMans	1	-132.15388	-104.624176
LeMans	1	-131.91545	-104.692085
LeMans	1	-131.67926	-104.763306
LeMans	1	-131.44495	-104.83637
LeMans	1	-131.21239	-104.91044
LeMans	1	-130.98143	-104.98505
LeMans	1	-130.75198	-105.05994
LeMans	1	-130.52402	-105.13492
LeMans	1	-130.2975	-105.20986
LeMans	1	-130.0724	-105.284676
LeMans	1	-129.84865	-105.359314
LeMans	1	-129.62624	-105.43373
LeMans	1	-129.4051	-105.50789
LeMans	1	-129.18452	-105.582115
LeMans	1	-128.96188	-105.657295
LeMans	1	-128.7352	-105.73358
LeMans	1	-128.5044	-105.81097
LeMans	1	-128.26982	-105.88947
LeMans	1	-128.03174	-105.96908
LeMans	1	-127.7902	-106.04978
LeMans	1	-127.54499	-106.13163
LeMans	1	-127.296104	-106.2146
LeMans	1	-127.04342	-106.298706
LeMans	1	-126.78716	-106.383865
LeMans	1	-126.5292	-106.468056
LeMans	1	-126.271835	-106.54815
LeMans	1	-126.013985	-106.62327
LeMans	1	-125.75535	-106.694626
LeMans	1	-125.49616	-106.763115
LeMans	1	-125.23676	-106.829506
LeMans	1	-124.97765	-106.89491
LeMans	1	-124.71912	-106.96068
LeMans	1	-124.462135	-107.0278
LeMans	1	-124.20681	-107.097244
LeMans	1	-123.95346	-107.169716
LeMans	1	-123.702415	-107.24596
LeMans	1	-123.45426	-107.3278
LeMans	1	-123.20932	-107.41582
LeMans	1	-122.967	-107.50738
LeMans	1	-122.72689	-107.60092
LeMans	1	-122.48888	-107.69572
LeMans	1	-122.2528	-107.79129
LeMans	1	-122.01861	-107.88737
LeMans	1	-121.78622	-107.98372
LeMans	1	-121.555534	-108.0802
LeMans	1	-121.32649	-108.17666
LeMans	1	-121.09906	-108.27302
LeMans	1	-120.873184	-108.36921
LeMans	1	-120.648796	-108.46514
LeMans	1	-120.42583	-108.56077
LeMans	1	-120.20422	-108.65605
LeMans	1	-119.98366	-108.75117
LeMans	1	-119.76237	-108.846886
LeMans	1	-119.53828	-108.9439
LeMans	1	-119.31018	-109.04235
LeMans	1	-119.07778	-109.14238
LeMans	1	-118.84115	-109.24388
LeMans	1	-118.59984	-109.34531
LeMans	1	-118.353874	-109.44542
LeMans	1	-118.10562	-109.54355
LeMans	1	-117.857445	-109.63736
LeMans	1	-117.60969	-109.72748
LeMans	1	-117.36221	-109.81565
LeMans	1	-117.11518	-109.90363
LeMans	1	-116.8691	-109.99293
LeMans	1	-116.624535	-110.08469
LeMans	1	-116.381874	-110.1797
LeMans	1	-116.14152	-110.27884
LeMans	1	-115.904366	-110.38409
LeMans	1	-115.67072	-110.49559
LeMans	1	-115.43968	-110.61046
LeMans	1	-115.21084	-110.72723
LeMans	1	-114.98403	-110.845146
LeMans	1	-114.75924	-110.963776
LeMans	1	-114.53636	-111.08278
LeMans	1	-114.31474	-111.20204
LeMans	1	-114.092445	-111.32256
LeMans	1	-113.868095	-111.445076
LeMans	1	-113.64092	-111.569855
LeMans	1	-113.410675	-111.696915
LeMans	1	-113.17737	-111.8261
LeMans	1	-112.94109	-111.95732
LeMans	1	-112.70182	-112.09048
LeMans	1	-112.459755	-112.22537
LeMans	1	-112.21659	-112.36089
LeMans	1	-111.97441	-112.49589
LeMans	1	-111.733734	-112.63006
LeMans	1	-111.49381	-112.7637
LeMans	1	-111.254326	-112.89706
LeMans	1	-111.01523	-113.03012
LeMans	1	-110.77657	-113.16292
LeMans	1	-110.53785	-113.29578
LeMans	1	-110.29778	-113.429375
LeMans	1	-110.05463	-113.56444
LeMans	1	-109.80731	-113.701416
LeMans	1	-109.55592	-113.84024
LeMans	1	-109.301094	-113.98077
LeMans	1	-109.04309	-114.12288
LeMans	1	-108.78247	-114.26627
LeMans	1	-108.52115	-114.40992
LeMans	1	-108.261024	-114.5528
LeMans	1	-108.00234	-114.694824
LeMans	1	-107.743965	-114.83682
LeMans	1	-107.486855	-114.977875
LeMans	1	-107.23001	-115.11863
LeMans	1	-106.97388	-115.259315
LeMans	1	-106.718834	-115.39914
LeMans	1	-106.46484	-115.53841
LeMans	1	-106.21183	-115.677124
LeMans	1	-105.95913	-115.815674
LeMans	1	-105.707184	-115.95384
LeMans	1	-105.45673	-116.09114
LeMans	1	-105.20899	-116.22693
LeMans	1	-104.9623	-116.36204
LeMans	1	-104.71674	-116.49645
LeMans	1	-104.47214	-116.63042
LeMans	1	-104.22852	-116.76397
LeMans	1	-103.985596	-116.89702
LeMans	1	-103.74072	-117.031075
LeMans	1	-103.49325	-117.166695
LeMans	1	-103.24264	-117.304
LeMans	1	-102.98944	-117.442764
LeMans	1	-102.73408	-117.58266
LeMans	1	-102.476265	-117.72386
LeMans	1	-102.21729	-117.86577
LeMans	1	-101.95899	-118.00724
LeMans	1	-101.70157	-118.14828
LeMans	1	-101.445595	-118.28856
LeMans	1	-101.19019	-118.42854
LeMans	1	-100.934425	-118.56871
LeMans	1	-100.68043	-118.70806
LeMans	1	-100.42672	-118.84722
LeMans	1	-100.17426	-118.98572
LeMans	1	-99.92239	-119.123955
LeMans	1	-99.67079	-119.262
LeMans	1	-99.4206	-119.39935
LeMans	1	-99.1688	-119.537636
LeMans	1	-98.91501	-119.67702
LeMans	1	-98.660416	-119.816826
LeMans	1	-98.40427	-119.9575
LeMans	1	-98.14583	-120.09938
LeMans	1	-97.88641	-120.241455
LeMans	1	-97.62437	-120.38278
LeMans	1	-97.3595	-120.52139
LeMans	1	-97.0945	-120.657936
LeMans	1	-96.82978	-120.79224
LeMans	1	-96.566315	-120.92592
LeMans	1	-96.30408	-121.05987
LeMans	1	-96.0448	-121.19466
LeMans	1	-95.786	-121.33137
LeMans	1	-95.5295	-121.47055
LeMans	1	-95.27621	-121.61291
LeMans	1	-95.02519	-121.75659
LeMans	1	-94.77644	-121.901436
LeMans	1	-94.52983	-122.047134
LeMans	1	-94.284546	-122.19218
LeMans	1	-94.03909	-122.33388
LeMans	1	-93.792625	-122.47067
LeMans	1	-93.54542	-122.603065
LeMans	1	-93.29818	-122.73229
LeMans	1	-93.05149	-122.85938
LeMans	1	-92.80599	-122.98561
LeMans	1	-92.56234	-123.112206
LeMans	1	-92.32108	-123.240166
LeMans	1	-92.082634	-123.370415
LeMans	1	-91.84759	-123.5041
LeMans	1	-91.6165	-123.64231
LeMans	1	-91.38682	-123.78008
LeMans	1	-91.156876	-123.91453
LeMans	1	-90.926796	-124.04583
LeMans	1	-90.69692	-124.174706
LeMans	1	-90.46764	-124.30188
LeMans	1	-90.23966	-124.42856
LeMans	1	-90.01369	-124.55613
LeMans	1	-89.790436	-124.68583
LeMans	1	-89.57057	-124.81896
LeMans	1	-89.35543	-124.95816
LeMans	1	-89.1454	-125.10385
LeMans	1	-88.93945	-125.253914
LeMans	1	-88.73644	-125.40621
LeMans	1	-88.535995	-125.55992
LeMans	1	-88.33794	-125.7146
LeMans	1	-88.14221	-125.86981
LeMans	1	-87.9487	-126.02537
LeMans	1	-87.75701	-126.181274
LeMans	1	-87.56566	-126.338585
LeMans	1	-87.373024	-126.498405
LeMans	1	-87.17743	-126.661804
LeMans	1	-86.97874	-126.82964
LeMans	1	-86.7776	-127.00238
LeMans	1	-86.57452	-127.17991
LeMans	1	-86.36955	-127.36227
LeMans	1	-86.16337	-127.548965
LeMans	1	-85.95869	-127.73788
LeMans	1	-85.75715	-127.926796
LeMans	1	-85.55737	-128.11566
LeMans	1	-85.35812	-128.30399
LeMans	1	-85.158424	-128.49109
LeMans	1	-84.957596	-128.67632
LeMans	1	-84.75527	-128.85912
LeMans	1	-84.551125	-129.03905
LeMans	1	-84.34492	-129.21574
LeMans	1	-84.136505	-129.38882
LeMans	1	-83.925674	-129.55783
LeMans	1	-83.71201	-129.72198
LeMans	1	-83.49637	-129.88188
LeMans	1	-83.280136	-130.03888
LeMans	1	-83.06408	-130.19365
LeMans	1	-82.8487	-130.34654
LeMans	1	-82.63424	-130.49782
LeMans	1	-82.4208	-130.64766
LeMans	1	-82.208496	-130.79613
LeMans	1	-81.99735	-130.9433
LeMans	1	-81.78677	-131.08847
LeMans	1	-81.575745	-131.23038
LeMans	1	-81.36388	-131.3685
LeMans	1	-81.15122	-131.50291
LeMans	1	-80.93801	-131.63393
LeMans	1	-80.724525	-131.76196
LeMans	1	-80.511345	-131.88779
LeMans	1	-80.299225	-132.0125
LeMans	1	-80.088875	-132.13716
LeMans	1	-79.88081	-132.26262
LeMans	1	-79.67542	-132.38957
LeMans	1	-79.472984	-132.51865
LeMans	1	-79.273735	-132.65042
LeMans	1	-79.078094	-132.78549
LeMans	1	-78.886986	-132.92543
LeMans	1	-78.700226	-133.06993
LeMans	1	-78.51631	-133.21658
LeMans	1	-78.334526	-133.36417
LeMans	1	-78.15458	-133.5121
LeMans	1	-77.97629	-133.66005
LeMans	1	-77.79951	-133.80779
LeMans	1	-77.62417	-133.95508
LeMans	1	-77.450226	-134.10184
LeMans	1	-77.27738	-134.24821
LeMans	1	-77.104065	-134.39557
LeMans	1	-76.92848	-134.5451
LeMans	1	-76.7498	-134.69719
LeMans	1	-76.5679	-134.85191
LeMans	1	-76.38302	-135.0092
LeMans	1	-76.195274	-135.16898
LeMans	1	-76.00526	-135.33147
LeMans	1	-75.81255	-135.49657
LeMans	1	-75.61661	-135.66418
LeMans	1	-75.4174	-135.83437
LeMans	1	-75.21481	-136.00716
LeMans	1	-75.00878	-136.18266
LeMans	1	-74.799255	-136.36095
LeMans	1	-74.586235	-136.54202
LeMans	1	-74.36951	-136.72607
LeMans	1	-74.14939	-136.91283
LeMans	1	-73.925766	-137.10246
LeMans	1	-73.6991	-137.29457
LeMans	1	-73.47154	-137.48729
LeMans	1	-73.24456	-137.6794
LeMans	1	-73.01831	-137.87085
LeMans	1	-72.792465	-138.0619
LeMans	1	-72.56701	-138.25255
LeMans	1	-72.342094	-138.4427
LeMans	1	-72.11781	-138.63228
LeMans	1	-71.89418	-138.82127
LeMans	1	-71.67133	-139.0096
LeMans	1	-71.44939	-139.19716
LeMans	1	-71.228386	-139.3839
LeMans	1	-71.00848	-139.56972
LeMans	1	-70.78973	-139.75458
LeMans	1	-70.572174	-139.9384
LeMans	1	-70.35588	-140.12115
LeMans	1	-70.14037	-140.30325
LeMans	1	-69.92431	-140.48582
LeMans	1	-69.70684	-140.66962
LeMans	1	-69.48753	-140.85495
LeMans	1	-69.26597	-141.04219
LeMans	1	-69.04193	-141.23152
LeMans	1	-68.815544	-141.42284
LeMans	1	-68.58681	-141.61613
LeMans	1	-68.35565	-141.81151
LeMans	1	-68.122	-142.00899
LeMans	1	-67.88577	-142.20866
LeMans	1	-67.64685	-142.41061
LeMans	1	-67.40523	-142.61485
LeMans	1	-67.16085	-142.82144
LeMans	1	-66.91357	-143.0305
LeMans	1	-66.66339	-143.24199
LeMans	1	-66.410164	-143.45609
LeMans	1	-66.15381	-143.67284
LeMans	1	-65.8943	-143.89223
LeMans	1	-65.6316	-144.11432
LeMans	1	-65.36572	-144.3391
LeMans	1	-65.096855	-144.5664
LeMans	1	-64.82549	-144.79585
LeMans	1	-64.55327	-145.02605
LeMans	1	-64.28199	-145.25548
LeMans	1	-64.0117	-145.48413
LeMans	1	-63.74212	-145.71219
LeMans	1	-63.473343	-145.93962
LeMans	1	-63.205322	-146.16643
LeMans	1	-62.938187	-146.3925
LeMans	1	-62.671154	-146.61687
LeMans	1	-62.40137	-146.837
LeMans	1	-62.130173	-147.05235
LeMans	1	-61.85791	-147.2641
LeMans	1	-61.58544	-147.47293
LeMans	1	-61.313766	-147.6799
LeMans	1	-61.043747	-147.88611
LeMans	1	-60.776253	-148.0924
LeMans	1	-60.51172	-148.29951
LeMans	1	-60.250584	-148.50795
LeMans	1	-59.993217	-148.71825
LeMans	1	-59.740376	-148.93163
LeMans	1	-59.492317	-149.1482
LeMans	1	-59.248135	-149.3669
LeMans	1	-59.006817	-149.58655
LeMans	1	-58.767822	-149.80624
LeMans	1	-58.530766	-150.02563
LeMans	1	-58.295483	-150.24449
LeMans	1	-58.061916	-150.46269
LeMans	1	-57.82992	-150.68018
LeMans	1	-57.599457	-150.89684
LeMans	1	-57.370483	-151.11267
LeMans	1	-57.142868	-151.32764
LeMans	1	-56.916595	-151.54164
LeMans	1	-56.691597	-151.7547
LeMans	1	-56.467796	-151.96678
LeMans	1	-56.24519	-152.17783
LeMans	1	-56.023685	-152.3879
LeMans	1	-55.802654	-152.59763
LeMans	1	-55.58073	-152.80833
LeMans	1	-55.356125	-153.02141
LeMans	1	-55.127884	-153.2376
LeMans	1	-54.895855	-153.45709
LeMans	1	-54.660492	-153.67966
LeMans	1	-54.421806	-153.90526
LeMans	1	-54.179676	-154.13388
LeMans	1	-53.93344	-154.36478
LeMans	1	-53.681683	-154.59673
LeMans	1	-53.42413	-154.82825
LeMans	1	-53.16363	-155.0578
LeMans	1	-52.902267	-155.28362
LeMans	1	-52.640926	-155.50735
LeMans	1	-52.38023	-155.73094
LeMans	1	-52.121025	-155.95546
LeMans	1	-51.86403	-156.18173
LeMans	1	-51.609974	-156.4101
LeMans	1	-51.3592	-156.64108
LeMans	1	-51.113148	-156.8759
LeMans	1	-50.871708	-157.11397
LeMans	1	-50.633804	-157.354
LeMans	1	-50.39854	-157.59471
LeMans	1	-50.165565	-157.83527
LeMans	1	-49.934624	-158.07547
LeMans	1	-49.70566	-158.31496
LeMans	1	-49.47862	-158.55362
LeMans	1	-49.253357	-158.79138
LeMans	1	-49.029854	-159.02815
LeMans	1	-48.807976	-159.26389
LeMans	1	-48.58763	-159.49863
LeMans	1	-48.368015	-159.73335
LeMans	1	-48.147747	-159.97067
LeMans	1	-47.92669	-160.21245
LeMans	1	-47.705486	-160.45923
LeMans	1	-47.48433	-160.71054
LeMans	1	-47.263065	-160.96536
LeMans	1	-47.04196	-161.22168
LeMans	1	-46.82145	-161.47668
LeMans	1	-46.601482	-161.72926
LeMans	1	-46.381096	-161.97934
LeMans	1	-46.15952	-162.22687
LeMans	1	-45.93636	-162.47177
LeMans	1	-45.71143	-162.7139
LeMans	1	-45.48448	-162.95302
LeMans	1	-45.255238	-163.18849
LeMans	1	-45.02567	-163.422
LeMans	1	-44.7954	-163.653
LeMans	1	-44.565155	-163.8819
LeMans	1	-44.33552	-164.10913
LeMans	1	-44.106792	-164.3349
LeMans	1	-43.87909	-164.5593
LeMans	1	-43.65247	-164.78233
LeMans	1	-43.426975	-165.00414
LeMans	1	-43.20262	-165.22469
LeMans	1	-42.979427	-165.44402
LeMans	1	-42.75725	-165.66228
LeMans	1	-42.53506	-165.8804
LeMans	1	-42.31135	-166.10013
LeMans	1	-42.08532	-166.32242
LeMans	1	-41.85678	-166.5474
LeMans	1	-41.625874	-166.77484
LeMans	1	-41.39275	-167.00453
LeMans	1	-41.157425	-167.23648
LeMans	1	-40.91986	-167.47072
LeMans	1	-40.679985	-167.7073
LeMans	1	-40.4377	-167.9464
LeMans	1	-40.1929	-168.188
LeMans	1	-39.945568	-168.43216
LeMans	1	-39.695652	-168.67892
LeMans	1	-39.4431	-168.92831
LeMans	1	-39.18782	-169.1804
LeMans	1	-38.929703	-169.4353
LeMans	1	-38.66868	-169.6931
LeMans	1	-38.404663	-169.95381
LeMans	1	-38.1376	-170.21756
LeMans	1	-37.86751	-170.48424
LeMans	1	-37.594433	-170.75386
LeMans	1	-37.31832	-171.02647
LeMans	1	-37.039337	-171.30193
LeMans	1	-36.75742	-171.5803
LeMans	1	-36.472584	-171.86153
LeMans	1	-36.184834	-172.1456
LeMans	1	-35.894173	-172.43256
LeMans	1	-35.600594	-172.72237
LeMans	1	-35.304108	-173.01506
LeMans	1	-35.004707	-173.31061
LeMans	1	-34.70239	-173.609
LeMans	1	-34.39712	-173.9103
LeMans	1	-34.088936	-174.21446
LeMans	1	-33.77805	-174.52129
LeMans	1	-33.464676	-174.83052
LeMans	1	-33.148777	-175.14223
LeMans	1	-32.83031	-175.45647
LeMans	1	-32.509216	-175.77325
LeMans	1	-32.18546	-176.0927
LeMans	1	-31.85901	-176.41476
LeMans	1	-31.52986	-176.73949
LeMans	1	-31.198008	-177.06685
LeMans	1	-30.863451	-177.3969
LeMans	1	-30.526184	-177.72957
LeMans	1	-30.18621	-178.06488
LeMans	1	-29.843525	-178.40286
LeMans	1	-29.498108	-178.74352
LeMans	1	-29.149984	-179.08684
LeMans	1	-28.799173	-179.43277
LeMans	1	-28.44574	-179.78127
LeMans	1	-28.090166	-180.13187
LeMans	1	-27.734093	-180.48294
LeMans	1	-27.3791	-180.83293
LeMans	1	-27.025076	-181.18192
LeMans	1	-26.671843	-181.5301
LeMans	1	-26.319418	-181.87753
LeMans	1	-25.967873	-182.22404
LeMans	1	-25.61731	-182.56956
LeMans	1	-25.267757	-182.91408
LeMans	1	-24.919308	-183.25748
LeMans	1	-24.572065	-183.59967
LeMans	1	-24.226128	-183.94052
LeMans	1	-23.881618	-184.27998
LeMans	1	-23.538591	-184.61797
LeMans	1	-23.197134	-184.95439
LeMans	1	-22.857285	-185.28922
LeMans	1	-22.51903	-185.62244
LeMans	1	-22.18238	-185.95407
LeMans	1	-21.8473	-186.28415
LeMans	1	-21.513775	-186.61267
LeMans	1	-21.181776	-186.93967
LeMans	1	-20.851276	-187.26517
LeMans	1	-20.522253	-187.58919
LeMans	1	-20.194683	-187.91177
LeMans	1	-19.86855	-188.23293
LeMans	1	-19.543844	-188.55266
LeMans	1	-19.220558	-188.87096
LeMans	1	-18.898693	-189.18787
LeMans	1	-18.57823	-189.50336
LeMans	1	-18.259161	-189.81746
LeMans	1	-17.941494	-190.13017
LeMans	1	-17.625221	-190.4415
LeMans	1	-17.310333	-190.75143
LeMans	1	-16.996824	-191.06
LeMans	1	-16.684696	-191.36719
LeMans	1	-16.373943	-191.67299
LeMans	1	-16.064558	-191.97743
LeMans	1	-15.75655	-192.2805
LeMans	1	-15.449907	-192.58223
LeMans	1	-15.1446295	-192.8826
LeMans	1	-14.840704	-193.18161
LeMans	1	-14.5381365	-193.47928
LeMans	1	-14.236923	-193.77559
LeMans	1	-13.937048	-194.07056
LeMans	1	-13.63852	-194.3642
LeMans	1	-13.341329	-194.6565
LeMans	1	-13.045469	-194.9475
LeMans	1	-12.750943	-195.23714
LeMans	1	-12.457744	-195.52547
LeMans	1	-12.165876	-195.81244
LeMans	1	-11.875259	-196.09808
LeMans	1	-11.585056	-196.38145
LeMans	1	-11.294477	-196.66185
LeMans	1	-11.003837	-196.93951
LeMans	1	-10.714029	-197.2154
LeMans	1	-10.426121	-197.49059
LeMans	1	-10.141129	-197.76619
LeMans	1	-9.859577	-198.04272
LeMans	1	-9.580243	-198.31892
LeMans	1	-9.302104	-198.59375
LeMans	1	-9.025778	-198.86784
LeMans	1	-8.751262	-199.14127
LeMans	1	-8.47816	-199.41353
LeMans	1	-8.206299	-199.68451
LeMans	1	-7.935641	-199.95416
LeMans	1	-7.6662054	-200.22249
LeMans	1	-7.398002	-200.48953
LeMans	1	-7.1310472	-200.75531
LeMans	1	-6.865329	-201.01985
LeMans	1	-6.6008444	-201.28313
LeMans	1	-6.3375835	-201.5452
LeMans	1	-6.0755444	-201.80602
LeMans	1	-5.8147397	-202.06563
LeMans	1	-5.554995	-202.32419
LeMans	1	-5.2950273	-202.58302
LeMans	1	-5.0328126	-202.84404
LeMans	1	-4.7676764	-203.10793
LeMans	1	-4.500014	-203.37431
LeMans	1	-4.2295136	-203.64357
LeMans	1	-3.9561064	-203.91573
LeMans	1	-3.6796072	-204.19093
LeMans	1	-3.3997889	-204.46948
LeMans	1	-3.116598	-204.75142
LeMans	1	-2.8299866	-205.03676
LeMans	1	-2.53996	-205.32552
LeMans	1	-2.2465353	-205.61769
LeMans	1	-1.9497313	-205.91324
LeMans	1	-1.6495832	-206.2121
LeMans	1	-1.346133	-206.51425
LeMans	1	-1.0394003	-206.8197
LeMans	1	-0.7297012	-207.12811
LeMans	1	-0.41729903	-207.43924
LeMans	1	-0.10216016	-207.7531
LeMans	1	0.21581823	-208.06984
LeMans	1	0.53677046	-208.38957
LeMans	1	0.8606974	-208.71227
LeMans	1	1.1876638	-209.03802
LeMans	1	1.5176616	-209.3668
LeMans	1	1.8505982	-209.69855
LeMans	1	2.1861548	-210.03288
LeMans	1	2.5234423	-210.36897
LeMans	1	2.8610504	-210.70543
LeMans	1	3.1976807	-211.04094
LeMans	1	3.5334485	-211.37555
LeMans	1	3.8685198	-211.70953
LeMans	1	4.202852	-212.04277
LeMans	1	4.5365677	-212.37541
LeMans	1	4.869176	-212.70697
LeMans	1	5.2008033	-213.0376
LeMans	1	5.531355	-213.36716
LeMans	1	5.8607526	-213.69559
LeMans	1	6.1888804	-214.02277
LeMans	1	6.515637	-214.34859
LeMans	1	6.8409176	-214.67299
LeMans	1	7.164755	-214.99576
LeMans	1	7.4899235	-215.31403
LeMans	1	7.818199	-215.62592
LeMans	1	8.148712	-215.93224
LeMans	1	8.480388	-216.2342
LeMans	1	8.811771	-216.53339
LeMans	1	9.141256	-216.83148
LeMans	1	9.467496	-217.13005
LeMans	1	9.789019	-217.43042
LeMans	1	10.10394	-217.73517
LeMans	1	10.410572	-218.04607
LeMans	1	10.711003	-218.36057
LeMans	1	11.008059	-218.6756
LeMans	1	11.302753	-218.9901
LeMans	1	11.595511	-219.30357
LeMans	1	11.886544	-219.61581
LeMans	1	12.17601	-219.92673
LeMans	1	12.464034	-220.23633
LeMans	1	12.750706	-220.54446
LeMans	1	13.036081	-220.85115
LeMans	1	13.320209	-221.15633
LeMans	1	13.602658	-221.46046
LeMans	1	13.881497	-221.76537
LeMans	1	14.15559	-222.07205
LeMans	1	14.425035	-222.38039
LeMans	1	14.690478	-222.68977
LeMans	1	14.953179	-222.99908
LeMans	1	15.214571	-223.30692
LeMans	1	15.475894	-223.61227
LeMans	1	15.738129	-223.91437
LeMans	1	16.002085	-224.21254
LeMans	1	16.268627	-224.50603
LeMans	1	16.539637	-224.79329
LeMans	1	16.814766	-225.07451
LeMans	1	17.091349	-225.35193
LeMans	1	17.367928	-225.62679
LeMans	1	17.6439	-225.89978
LeMans	1	17.918823	-226.17093
LeMans	1	18.192648	-226.4405
LeMans	1	18.4653	-226.70857
LeMans	1	18.73675	-226.97519
LeMans	1	19.006958	-227.24042
LeMans	1	19.275904	-227.50433
LeMans	1	19.543571	-227.76695
LeMans	1	19.809937	-228.02827
LeMans	1	20.075014	-228.28838
LeMans	1	20.339018	-228.54733
LeMans	1	20.603039	-228.80621
LeMans	1	20.868643	-229.06656
LeMans	1	21.136425	-229.32933
LeMans	1	21.407845	-229.59581
LeMans	1	21.683441	-229.86636
LeMans	1	21.963346	-230.14107
LeMans	1	22.247572	-230.42006
LeMans	1	22.536135	-230.7034
LeMans	1	22.82899	-230.9911
LeMans	1	23.12605	-231.28314
LeMans	1	23.427212	-231.57932
LeMans	1	23.732412	-231.87961
LeMans	1	24.04162	-232.18388
LeMans	1	24.354544	-232.49179
LeMans	1	24.67103	-232.80318
LeMans	1	24.99058	-233.11746
LeMans	1	25.312431	-233.43394
LeMans	1	25.636082	-233.75224
LeMans	1	25.961325	-234.0721
LeMans	1	26.286934	-234.39232
LeMans	1	26.612185	-234.71214
LeMans	1	26.936882	-235.0314
LeMans	1	27.261179	-235.35023
LeMans	1	27.585178	-235.66855
LeMans	1	27.909115	-235.98595
LeMans	1	28.232473	-236.30267
LeMans	1	28.554602	-236.619
LeMans	1	28.875566	-236.93471
LeMans	1	29.195496	-237.24947
LeMans	1	29.514317	-237.56313
LeMans	1	29.83191	-237.87552
LeMans	1	30.148138	-238.18654
LeMans	1	30.462942	-238.49612
LeMans	1	30.776215	-238.8042
LeMans	1	31.087914	-239.1107
LeMans	1	31.398546	-239.41615
LeMans	1	31.707054	-239.71948
LeMans	1	32.014343	-240.02089
LeMans	1	32.323223	-240.31761
LeMans	1	32.634766	-240.60857
LeMans	1	32.9484	-240.89436
LeMans	1	33.263363	-241.1758
LeMans	1	33.579025	-241.45355
LeMans	1	33.894676	-241.72841
LeMans	1	34.20916	-242.00171
LeMans	1	34.52116	-242.27493
LeMans	1	34.8295	-242.54942
LeMans	1	35.133087	-242.82646
LeMans	1	35.430153	-243.10812
LeMans	1	35.719357	-243.39587
LeMans	1	36.000957	-243.6892
LeMans	1	36.276695	-243.98584
LeMans	1	36.549507	-244.28253
LeMans	1	36.820263	-244.57834
LeMans	1	37.089108	-244.87308
LeMans	1	37.356102	-245.16675
LeMans	1	37.621323	-245.45934
LeMans	1	37.884888	-245.75081
LeMans	1	38.146797	-246.0412
LeMans	1	38.40631	-246.33124
LeMans	1	38.6623	-246.62193
LeMans	1	38.914265	-246.91374
LeMans	1	39.162613	-247.2062
LeMans	1	39.408474	-247.49837
LeMans	1	39.65298	-247.78925
LeMans	1	39.89698	-248.07812
LeMans	1	40.141068	-248.36456
LeMans	1	40.38565	-248.64822
LeMans	1	40.630997	-248.92882
LeMans	1	40.877346	-249.20627
LeMans	1	41.124832	-249.48044
LeMans	1	41.37348	-249.75136
LeMans	1	41.62211	-250.01999
LeMans	1	41.868156	-250.28859
LeMans	1	42.110638	-250.55797
LeMans	1	42.349842	-250.82794
LeMans	1	42.586372	-251.09796
LeMans	1	42.821217	-251.36722
LeMans	1	43.05553	-251.63472
LeMans	1	43.29025	-251.89964
LeMans	1	43.52607	-252.16136
LeMans	1	43.763645	-252.4193
LeMans	1	44.004383	-252.67229
LeMans	1	44.24784	-252.92058
LeMans	1	44.493164	-253.16492
LeMans	1	44.73913	-253.4063
LeMans	1	44.985027	-253.64532
LeMans	1	45.230503	-253.8823
LeMans	1	45.47538	-254.1174
LeMans	1	45.71956	-254.35074
LeMans	1	45.96296	-254.58235
LeMans	1	46.205505	-254.81244
LeMans	1	46.44713	-255.04095
LeMans	1	46.687782	-255.26802
LeMans	1	46.92756	-255.49359
LeMans	1	47.167328	-255.71669
LeMans	1	47.408062	-255.9364
LeMans	1	47.649998	-256.15237
LeMans	1	47.892944	-256.36487
LeMans	1	48.136234	-256.57455
LeMans	1	48.37893	-256.78244
LeMans	1	48.62021	-256.98947
LeMans	1	48.859394	-257.19635
LeMans	1	49.096043	-257.40356
LeMans	1	49.32987	-257.6116
LeMans	1	49.5606	-257.82083
LeMans	1	49.788013	-258.03146
LeMans	1	50.011833	-258.24393
LeMans	1	50.231533	-258.45874
LeMans	1	50.449013	-258.67374
LeMans	1	50.666893	-258.88596
LeMans	1	50.885612	-259.095
LeMans	1	51.10456	-259.30154
LeMans	1	51.322796	-259.50656
LeMans	1	51.539288	-259.71124
LeMans	1	51.753098	-259.91653
LeMans	1	51.963238	-260.12366
LeMans	1	52.169617	-260.33392
LeMans	1	52.37445	-260.5481
LeMans	1	52.57977	-260.76715
LeMans	1	52.786568	-260.99118
LeMans	1	52.995346	-261.2195
LeMans	1	53.206306	-261.45184
LeMans	1	53.419724	-261.6877
LeMans	1	53.635403	-261.9273
LeMans	1	53.853252	-262.1706
LeMans	1	54.073345	-262.41748
LeMans	1	54.295567	-262.66797
LeMans	1	54.520466	-262.92157
LeMans	1	54.748055	-263.17786
LeMans	1	54.97669	-263.4352
LeMans	1	55.204697	-263.69196
LeMans	1	55.432064	-263.94797
LeMans	1	55.65903	-264.20352
LeMans	1	55.885574	-264.45868
LeMans	1	56.11164	-264.71338
LeMans	1	56.337185	-264.96744
LeMans	1	56.56219	-265.221
LeMans	1	56.787952	-265.47552
LeMans	1	57.016277	-265.73254
LeMans	1	57.248245	-265.99323
LeMans	1	57.48414	-266.258
LeMans	1	57.72378	-266.52667
LeMans	1	57.966877	-266.79907
LeMans	1	58.213364	-267.07513
LeMans	1	58.463345	-267.35498
LeMans	1	58.716904	-267.63873
LeMans	1	58.9739	-267.92624
LeMans	1	59.23429	-268.21753
LeMans	1	59.49804	-268.51254
LeMans	1	59.76514	-268.81125
LeMans	1	60.035576	-269.11377
LeMans	1	60.309128	-269.41983
LeMans	1	60.584675	-269.7289
LeMans	1	60.860794	-270.04108
LeMans	1	61.137	-270.35715
LeMans	1	61.412685	-270.68005
LeMans	1	61.68831	-271.01074
LeMans	1	61.964443	-271.34924
LeMans	1	62.23953	-271.69214
LeMans	1	62.513206	-272.0346
LeMans	1	62.787365	-272.37497
LeMans	1	63.06419	-272.7123
LeMans	1	63.345745	-273.0451
LeMans	1	63.634468	-273.37115
LeMans	1	63.93016	-273.69016
LeMans	1	64.232025	-274.00223
LeMans	1	64.537544	-274.3091
LeMans	1	64.84305	-274.61362
LeMans	1	65.14744	-274.91656
LeMans	1	65.45058	-275.21796
LeMans	1	65.75244	-275.51773
LeMans	1	66.053	-275.8158
LeMans	1	66.35214	-276.1122
LeMans	1	66.64981	-276.40698
LeMans	1	66.94678	-276.69934
LeMans	1	67.24463	-276.98767
LeMans	1	67.54403	-277.27127
LeMans	1	67.84511	-277.5505
LeMans	1	68.14698	-277.82538
LeMans	1	68.44934	-278.09668
LeMans	1	68.75121	-278.36545
LeMans	1	69.05134	-278.633
LeMans	1	69.34874	-278.9006
LeMans	1	69.64261	-279.16925
LeMans	1	69.93227	-279.4398
LeMans	1	70.21701	-279.7131
LeMans	1	70.49532	-279.9909
LeMans	1	70.76618	-280.2742
LeMans	1	71.031166	-280.561
LeMans	1	71.29306	-280.8482
LeMans	1	71.5528	-281.13474
LeMans	1	71.81091	-281.4205
LeMans	1	72.06719	-281.7052
LeMans	1	72.32367	-281.9906
LeMans	1	72.582794	-282.27945
LeMans	1	72.845695	-282.57306
LeMans	1	73.112785	-282.87204
LeMans	1	73.38379	-283.17657
LeMans	1	73.65863	-283.4865
LeMans	1	73.93705	-283.80167
LeMans	1	74.21903	-284.1217
LeMans	1	74.50367	-284.44513
LeMans	1	74.78936	-284.7697
LeMans	1	75.07435	-285.09317
LeMans	1	75.35863	-285.4144
LeMans	1	75.64262	-285.73422
LeMans	1	75.926285	-286.05313
LeMans	1	76.209465	-286.37128
LeMans	1	76.492035	-286.68863
LeMans	1	76.773865	-287.00513
LeMans	1	77.05491	-287.32068
LeMans	1	77.33505	-287.63522
LeMans	1	77.61404	-287.94852
LeMans	1	77.89195	-288.26062
LeMans	1	78.17136	-288.5744
LeMans	1	78.45396	-288.89172
LeMans	1	78.740654	-289.21365
LeMans	1	79.03175	-289.5405
LeMans	1	79.32703	-289.87195
LeMans	1	79.626396	-290.20734
LeMans	1	79.92986	-290.54626
LeMans	1	80.23827	-290.8879
LeMans	1	80.55069	-291.23215
LeMans	1	80.864525	-291.57812
LeMans	1	81.17618	-291.92487
LeMans	1	81.48435	-292.27158
LeMans	1	81.791245	-292.6174
LeMans	1	82.0966	-292.96338
LeMans	1	82.40067	-293.3094
LeMans	1	82.70396	-293.65485
LeMans	1	83.00655	-293.99945
LeMans	1	83.30842	-294.343
LeMans	1	83.60946	-294.68555
LeMans	1	83.90956	-295.02692
LeMans	1	84.20858	-295.367
LeMans	1	84.5064	-295.70575
LeMans	1	84.80292	-296.04294
LeMans	1	85.098045	-296.37854
LeMans	1	85.39175	-296.71252
LeMans	1	85.68399	-297.0448
LeMans	1	85.97478	-297.3754
LeMans	1	86.26377	-297.704
LeMans	1	86.55101	-298.03067
LeMans	1	86.839035	-298.3582
LeMans	1	87.12955	-298.68854
LeMans	1	87.423454	-299.0227
LeMans	1	87.72102	-299.36105
LeMans	1	88.022255	-299.70355
LeMans	1	88.32707	-300.05014
LeMans	1	88.6354	-300.40073
LeMans	1	88.94716	-300.75528
LeMans	1	89.262344	-301.11374
LeMans	1	89.58092	-301.47607
LeMans	1	89.90288	-301.84225
LeMans	1	90.22824	-302.2123
LeMans	1	90.55676	-302.586
LeMans	1	90.88767	-302.96246
LeMans	1	91.21976	-303.34027
LeMans	1	91.55055	-303.71664
LeMans	1	91.87954	-304.09097
LeMans	1	92.20781	-304.46454
LeMans	1	92.53568	-304.83762
LeMans	1	92.86308	-305.2102
LeMans	1	93.18992	-305.5822
LeMans	1	93.51608	-305.9534
LeMans	1	93.84138	-306.32367
LeMans	1	94.16575	-306.6929
LeMans	1	94.48881	-307.0606
LeMans	1	94.81037	-307.42673
LeMans	1	95.1324	-307.79333
LeMans	1	95.45642	-308.16223
LeMans	1	95.78326	-308.53433
LeMans	1	96.113045	-308.9098
LeMans	1	96.445694	-309.2885
LeMans	1	96.78109	-309.6704
LeMans	1	97.119156	-310.05536
LeMans	1	97.4598	-310.4433
LeMans	1	97.80261	-310.8337
LeMans	1	98.14654	-311.22543
LeMans	1	98.49013	-311.61676
LeMans	1	98.832634	-312.0069
LeMans	1	99.17406	-312.39584
LeMans	1	99.51456	-312.78375
LeMans	1	99.85415	-313.17062
LeMans	1	100.192764	-313.55643
LeMans	1	100.53039	-313.9411
LeMans	1	100.86696	-314.32462
LeMans	1	101.20243	-314.70688
LeMans	1	101.53665	-315.08774
LeMans	1	101.868935	-315.46643
LeMans	1	102.20104	-315.84497
LeMans	1	102.53526	-316.2259
LeMans	1	102.872536	-316.6103
LeMans	1	103.213135	-316.9985
LeMans	1	103.55701	-317.39047
LeMans	1	103.9041	-317.78613
LeMans	1	104.254326	-318.1854
LeMans	1	104.60758	-318.58813
LeMans	1	104.96364	-318.99408
LeMans	1	105.32161	-319.40222
LeMans	1	105.67989	-319.81073
LeMans	1	106.03716	-320.21814
LeMans	1	106.39318	-320.62415
LeMans	1	106.74831	-321.0291
LeMans	1	107.102646	-321.4332
LeMans	1	107.45656	-321.8359
LeMans	1	107.81296	-322.23456
LeMans	1	108.17174	-322.62903
LeMans	1	108.53151	-323.02042
LeMans	1	108.89066	-323.40988
LeMans	1	109.24763	-323.79883
LeMans	1	109.6009	-324.1883
LeMans	1	109.94836	-324.58014
LeMans	1	110.2903	-324.97382
LeMans	1	110.629166	-325.36707
LeMans	1	110.965004	-325.7598
LeMans	1	111.298615	-326.1513
LeMans	1	111.630486	-326.54114
LeMans	1	111.960815	-326.92926
LeMans	1	112.28971	-327.31552
LeMans	1	112.61723	-327.69998
LeMans	1	112.94337	-328.08276
LeMans	1	113.26816	-328.46375
LeMans	1	113.59163	-328.84296
LeMans	1	113.91375	-329.22055
LeMans	1	114.23453	-329.59637
LeMans	1	114.55396	-329.97058
LeMans	1	114.87202	-330.34308
LeMans	1	115.188736	-330.714
LeMans	1	115.5041	-331.08322
LeMans	1	115.818115	-331.4508
LeMans	1	116.13083	-331.81686
LeMans	1	116.4416	-332.1807
LeMans	1	116.751724	-332.54373
LeMans	1	117.062996	-332.90808
LeMans	1	117.37647	-333.27496
LeMans	1	117.69252	-333.64474
LeMans	1	118.01116	-334.01764
LeMans	1	118.33231	-334.3935
LeMans	1	118.65585	-334.7722
LeMans	1	118.98148	-335.15332
LeMans	1	119.308495	-335.53607
LeMans	1	119.63505	-335.9183
LeMans	1	119.960434	-336.29916
LeMans	1	120.28507	-336.67917
LeMans	1	120.60841	-337.05777
LeMans	1	120.93077	-337.43515
LeMans	1	121.252075	-337.8113
LeMans	1	121.57227	-338.18622
LeMans	1	121.891304	-338.5597
LeMans	1	122.209076	-338.93176
LeMans	1	122.52564	-339.30243
LeMans	1	122.84041	-339.67105
LeMans	1	123.15488	-340.03928
LeMans	1	123.47071	-340.4091
LeMans	1	123.78865	-340.7814
LeMans	1	124.108925	-341.15643
LeMans	1	124.43152	-341.5342
LeMans	1	124.75636	-341.91464
LeMans	1	125.08316	-342.29736
LeMans	1	125.41121	-342.68158
LeMans	1	125.738594	-343.06616
LeMans	1	126.06332	-343.4513
LeMans	1	126.385216	-343.8366
LeMans	1	126.70508	-344.22147
LeMans	1	127.024216	-344.60483
LeMans	1	127.34428	-344.9852
LeMans	1	127.665825	-345.362
LeMans	1	127.987175	-345.7366
LeMans	1	128.30711	-346.10977
LeMans	1	128.62607	-346.48123
LeMans	1	128.94426	-346.8506
LeMans	1	129.26126	-347.21808
LeMans	1	129.5768	-347.58398
LeMans	1	129.89081	-347.94824
LeMans	1	130.20335	-348.31085
LeMans	1	130.51442	-348.6718
LeMans	1	130.8241	-349.0312
LeMans	1	131.13235	-349.38895
LeMans	1	131.43925	-349.74512
LeMans	1	131.74493	-350.09982
LeMans	1	132.049	-350.45264
LeMans	1	132.3528	-350.80515
LeMans	1	132.65823	-351.15958
LeMans	1	132.96631	-351.5171
LeMans	1	133.27745	-351.87814
LeMans	1	133.59169	-352.2429
LeMans	1	133.909	-352.61108
LeMans	1	134.22928	-352.98273
LeMans	1	134.55238	-353.35764
LeMans	1	134.87808	-353.73553
LeMans	1	135.20555	-354.1155
LeMans	1	135.53351	-354.49597
LeMans	1	135.86082	-354.8757
LeMans	1	136.18713	-355.2542
LeMans	1	136.51251	-355.63162
LeMans	1	136.837	-356.00797
LeMans	1	137.16058	-356.38327
LeMans	1	137.48332	-356.75757
LeMans	1	137.80534	-357.131
LeMans	1	138.12857	-357.5058
LeMans	1	138.45433	-357.88358
LeMans	1	138.78319	-358.26492
LeMans	1	139.11511	-358.6498
LeMans	1	139.4499	-359.038
LeMans	1	139.78741	-359.4293
LeMans	1	140.1273	-359.82336
LeMans	1	140.46898	-360.2194
LeMans	1	140.81136	-360.61627
LeMans	1	141.15317	-361.01248
LeMans	1	141.49387	-361.4074
LeMans	1	141.83348	-361.80106
LeMans	1	142.17215	-362.19354
LeMans	1	142.5099	-362.58496
LeMans	1	142.84668	-362.97522
LeMans	1	143.18245	-363.3643
LeMans	1	143.51712	-363.752
LeMans	1	143.85059	-364.13834
LeMans	1	144.18279	-364.5232
LeMans	1	144.5136	-364.90643
LeMans	1	144.84264	-365.28757
LeMans	1	145.16971	-365.66644
LeMans	1	145.4974	-366.04602
LeMans	1	145.82733	-366.4282
LeMans	1	146.16011	-366.8136
LeMans	1	146.4958	-367.20233
LeMans	1	146.83434	-367.59436
LeMans	1	147.17528	-367.98917
LeMans	1	147.518	-368.38596
LeMans	1	147.86125	-368.7834
LeMans	1	148.20392	-369.1801
LeMans	1	148.54547	-369.57553
LeMans	1	148.88591	-369.9696
LeMans	1	149.22531	-370.36246
LeMans	1	149.56363	-370.75406
LeMans	1	149.9008	-371.14432
LeMans	1	150.23685	-371.53323
LeMans	1	150.57164	-371.92075
LeMans	1	150.90517	-372.3067
LeMans	1	151.2374	-372.69116
LeMans	1	151.56816	-373.07388
LeMans	1	151.89743	-373.45486
LeMans	1	152.22522	-373.83405
LeMans	1	152.55151	-374.21155
LeMans	1	152.87631	-374.5873
LeMans	1	153.19968	-374.96136
LeMans	1	153.52162	-375.33374
LeMans	1	153.84204	-375.7044
LeMans	1	154.15869	-376.0707
LeMans	1	154.47006	-376.4308
LeMans	1	154.77728	-376.786
LeMans	1	155.08116	-377.1373
LeMans	1	155.38176	-377.48483
LeMans	1	155.67897	-377.82843
LeMans	1	155.97266	-378.1679
LeMans	1	156.26266	-378.5032
LeMans	1	156.54875	-378.8339
LeMans	1	156.83064	-379.1598
LeMans	1	157.10815	-379.4806
LeMans	1	157.3811	-379.7961
LeMans	1	157.64941	-380.1063
LeMans	1	157.91295	-380.4109
LeMans	1	158.17169	-380.7099
LeMans	1	158.42555	-381.00333
LeMans	1	158.67447	-381.29102
LeMans	1	158.9184	-381.57297
LeMans	1	159.15733	-381.84906
LeMans	1	159.39133	-382.11954
LeMans	1	159.62039	-382.38422
LeMans	1	159.84453	-382.64328
LeMans	1	160.06378	-382.89664
LeMans	1	160.27818	-383.14438
LeMans	1	160.48782	-383.38663
LeMans	1	160.6928	-383.62344
LeMans	1	160.89308	-383.85483
LeMans	1	161.08879	-384.08093
LeMans	1	161.27995	-384.30182
LeMans	1	161.46666	-384.51752
LeMans	1	161.64903	-384.72824
LeMans	1	161.82695	-384.93387
LeMans	1	162.00056	-385.1345
LeMans	1	162.16988	-385.3301
LeMans	1	162.33488	-385.52078
LeMans	1	162.49637	-385.70758
LeMans	1	162.65741	-385.89362
LeMans	1	162.81726	-386.0783
LeMans	1	162.97545	-386.26102
LeMans	1	163.13194	-386.44174
LeMans	1	163.28682	-386.6206
LeMans	1	163.44014	-386.7978
LeMans	1	163.59189	-386.97357
LeMans	1	163.7398	-387.15012
LeMans	1	163.88318	-387.3282
LeMans	1	164.02246	-387.50745
LeMans	1	164.1583	-387.6875
LeMans	1	164.29121	-387.86816
LeMans	1	164.42183	-388.049
LeMans	1	164.55115	-388.2295
LeMans	1	164.68033	-388.40875
LeMans	1	164.8104	-388.58606
LeMans	1	164.94223	-388.7609
LeMans	1	165.07655	-388.9328
LeMans	1	165.2141	-389.1013
LeMans	1	165.35605	-389.26553
LeMans	1	165.50316	-389.425
LeMans	1	165.65454	-389.58023
LeMans	1	165.8082	-389.73273
LeMans	1	165.96269	-389.88354
LeMans	1	166.11752	-390.03287
LeMans	1	166.27234	-390.18082
LeMans	1	166.4271	-390.3277
LeMans	1	166.5822	-390.47418
LeMans	1	166.73918	-390.62158
LeMans	1	166.89847	-390.77063
LeMans	1	167.0603	-390.92148
LeMans	1	167.22462	-391.07422
LeMans	1	167.39122	-391.22873
LeMans	1	167.56009	-391.38498
LeMans	1	167.7312	-391.54315
LeMans	1	167.90445	-391.7033
LeMans	1	168.07843	-391.86594
LeMans	1	168.24786	-392.0319
LeMans	1	168.41231	-392.2006
LeMans	1	168.57321	-392.37143
LeMans	1	168.73169	-392.54413
LeMans	1	168.88847	-392.718
LeMans	1	169.04384	-392.89264
LeMans	1	169.19806	-393.0677
LeMans	1	169.35135	-393.24274
LeMans	1	169.5041	-393.4172
LeMans	1	169.65703	-393.59018
LeMans	1	169.81104	-393.76062
LeMans	1	169.96686	-393.9278
LeMans	1	170.12524	-394.09094
LeMans	1	170.28728	-394.24902
LeMans	1	170.4543	-394.40082
LeMans	1	170.62543	-394.54694
LeMans	1	170.80005	-394.6879
LeMans	1	170.97781	-394.82385
LeMans	1	171.15837	-394.95493
LeMans	1	171.34096	-395.08176
LeMans	1	171.52351	-395.20618
LeMans	1	171.70529	-395.32886
LeMans	1	171.88504	-395.45117
LeMans	1	172.05963	-395.57693
LeMans	1	172.22797	-395.70792
LeMans	1	172.40024	-395.8476
LeMans	1	172.56229	-395.98175
LeMans	1	172.72261	-396.11594
LeMans	1	172.88194	-396.24942
LeMans	1	173.04126	-396.3809
LeMans	1	173.2015	-396.50928
LeMans	1	173.36374	-396.63345
LeMans	1	173.53041	-396.7507
LeMans	1	173.70216	-396.86
LeMans	1	173.87726	-396.96317
LeMans	1	174.0538	-397.0624
LeMans	1	174.23103	-397.15848
LeMans	1	174.40862	-397.2518
LeMans	1	174.5875	-397.34338
LeMans	1	174.76967	-397.4345
LeMans	1	174.95576	-397.5257
LeMans	1	175.14557	-397.61703
LeMans	1	175.33876	-397.70847
LeMans	1	175.53494	-397.8005
LeMans	1	175.73256	-397.89496
LeMans	1	175.92633	-397.99582
LeMans	1	176.1147	-398.1014
LeMans	1	176.30005	-398.20892
LeMans	1	176.48459	-398.31628
LeMans	1	176.66965	-398.42203
LeMans	1	176.85634	-398.52417
LeMans	1	177.04605	-398.62
LeMans	1	177.23885	-398.7092
LeMans	1	177.43335	-398.79382
LeMans	1	177.62852	-398.87527
LeMans	1	177.82393	-398.95422
LeMans	1	178.01904	-399.03085
LeMans	1	178.21368	-399.10538
LeMans	1	178.40758	-399.1782
LeMans	1	178.6016	-399.2511
LeMans	1	178.79591	-399.32806
LeMans	1	178.99043	-399.41077
LeMans	1	179.18538	-399.4978
LeMans	1	179.38069	-399.5885
LeMans	1	179.57683	-399.68164
LeMans	1	179.77228	-399.77722
LeMans	1	179.9665	-399.87234
LeMans	1	180.16026	-399.96484
LeMans	1	180.35478	-400.05347
LeMans	1	180.5513	-400.13635
LeMans	1	180.75113	-400.21136
LeMans	1	180.95364	-400.2792
LeMans	1	181.15817	-400.34085
LeMans	1	181.36418	-400.39676
LeMans	1	181.57083	-400.44818
LeMans	1	181.77718	-400.49713
LeMans	1	181.98283	-400.54413
LeMans	1	182.18747	-400.58942
LeMans	1	182.39127	-400.63327
LeMans	1	182.59602	-400.67636
LeMans	1	182.80287	-400.71918
LeMans	1	183.01155	-400.76407
LeMans	1	183.22087	-400.81476
LeMans	1	183.43077	-400.87045
LeMans	1	183.64023	-400.93054
LeMans	1	183.84763	-400.99265
LeMans	1	184.0536	-401.0535
LeMans	1	184.2596	-401.11026
LeMans	1	184.46704	-401.15958
LeMans	1	184.67714	-401.20135
LeMans	1	184.88695	-401.23804
LeMans	1	185.09679	-401.27148
LeMans	1	185.30637	-401.30237
LeMans	1	185.51541	-401.3312
LeMans	1	185.72365	-401.35825
LeMans	1	185.93102	-401.38373
LeMans	1	186.1373	-401.40784
LeMans	1	186.34222	-401.4314
LeMans	1	186.54564	-401.45795
LeMans	1	186.7489	-401.4901
LeMans	1	186.95335	-401.52655
LeMans	1	187.15915	-401.56653
LeMans	1	187.3661	-401.60938
LeMans	1	187.57417	-401.65387
LeMans	1	187.78304	-401.69727
LeMans	1	187.9917	-401.73718
LeMans	1	188.20012	-401.77045
LeMans	1	188.40912	-401.7951
LeMans	1	188.61867	-401.81268
LeMans	1	188.8282	-401.82593
LeMans	1	189.03741	-401.83636
LeMans	1	189.24603	-401.84467
LeMans	1	189.4539	-401.85135
LeMans	1	189.66064	-401.85806
LeMans	1	189.86566	-401.86975
LeMans	1	190.06999	-401.88773
LeMans	1	190.27507	-401.90945
LeMans	1	190.48105	-401.93347
LeMans	1	190.68787	-401.95898
LeMans	1	190.89532	-401.98553
LeMans	1	191.10344	-402.01236
LeMans	1	191.3121	-402.0381
LeMans	1	191.52061	-402.06088
LeMans	1	191.72838	-402.07928
LeMans	1	191.93614	-402.09015
LeMans	1	192.14445	-402.09067
LeMans	1	192.3525	-402.085
LeMans	1	192.55959	-402.0805
LeMans	1	192.7658	-402.07916
LeMans	1	192.97144	-402.08047
LeMans	1	193.17676	-402.08273
LeMans	1	193.38167	-402.08524
LeMans	1	193.5856	-402.08667
LeMans	1	193.78798	-402.0854
LeMans	1	193.98865	-402.0793
LeMans	1	194.18745	-402.06467
LeMans	1	194.38387	-402.04022
LeMans	1	194.57774	-402.00937
LeMans	1	194.76915	-401.9737
LeMans	1	194.95833	-401.93408
LeMans	1	195.14697	-401.89102
LeMans	1	195.33653	-401.8445
LeMans	1	195.52759	-401.79486
LeMans	1	195.72002	-401.74246
LeMans	1	195.91353	-401.6875
LeMans	1	196.10805	-401.6302
LeMans	1	196.30296	-401.5709
LeMans	1	196.49632	-401.5104
LeMans	1	196.68726	-401.44913
LeMans	1	196.8763	-401.38705
LeMans	1	197.06389	-401.32434
LeMans	1	197.25024	-401.26105
LeMans	1	197.43538	-401.19705
LeMans	1	197.61925	-401.13232
LeMans	1	197.80182	-401.0668
LeMans	1	197.98297	-401.00043
LeMans	1	198.16273	-400.93344
LeMans	1	198.34106	-400.86606
LeMans	1	198.51796	-400.79858
LeMans	1	198.69363	-400.73148
LeMans	1	198.86806	-400.66504
LeMans	1	199.04146	-400.59952
LeMans	1	199.21394	-400.5352
LeMans	1	199.38554	-400.4721
LeMans	1	199.55632	-400.41028
LeMans	1	199.727	-400.34918
LeMans	1	199.89923	-400.2883
LeMans	1	200.07379	-400.2278
LeMans	1	200.25066	-400.16797
LeMans	1	200.42947	-400.1088
LeMans	1	200.61029	-400.0508
LeMans	1	200.79369	-399.99734
LeMans	1	200.97795	-399.94894
LeMans	1	201.162	-399.9046
LeMans	1	201.34602	-399.86346
LeMans	1	201.5301	-399.82498
LeMans	1	201.71416	-399.78864
LeMans	1	201.89781	-399.75327
LeMans	1	202.08073	-399.7179
LeMans	1	202.26231	-399.68106
LeMans	1	202.44221	-399.6418
LeMans	1	202.62018	-399.59952
LeMans	1	202.796	-399.5532
LeMans	1	202.96994	-399.5017
LeMans	1	203.14299	-399.4445
LeMans	1	203.3157	-399.38275
LeMans	1	203.48901	-399.3177
LeMans	1	203.66396	-399.24966
LeMans	1	203.84111	-399.17813
LeMans	1	204.02177	-399.10632
LeMans	1	204.20746	-399.03793
LeMans	1	204.3984	-398.9719
LeMans	1	204.5943	-398.90717
LeMans	1	204.79398	-398.84146
LeMans	1	204.99583	-398.7762
LeMans	1	205.1966	-398.71024
LeMans	1	205.39372	-398.64246
LeMans	1	205.58797	-398.57184
LeMans	1	205.77762	-398.4946
LeMans	1	205.96213	-398.4093
LeMans	1	206.14203	-398.31628
LeMans	1	206.32072	-398.22336
LeMans	1	206.49832	-398.12827
LeMans	1	206.67473	-398.03143
LeMans	1	206.85187	-397.94003
LeMans	1	207.02994	-397.8499
LeMans	1	207.21017	-397.76303
LeMans	1	207.393	-397.67676
LeMans	1	207.57774	-397.5889
LeMans	1	207.76422	-397.49875
LeMans	1	207.95198	-397.40298
LeMans	1	208.14049	-397.30545
LeMans	1	208.32654	-397.20047
LeMans	1	208.50803	-397.09473
LeMans	1	208.6845	-396.9866
LeMans	1	208.85724	-396.87256
LeMans	1	209.02087	-396.75705
LeMans	1	209.18343	-396.63846
LeMans	1	209.3444	-396.51654
LeMans	1	209.50366	-396.39084
LeMans	1	209.65747	-396.2684
LeMans	1	209.81073	-396.14218
LeMans	1	209.96494	-396.01703
LeMans	1	210.11812	-395.8887
LeMans	1	210.26697	-395.76315
LeMans	1	210.41414	-395.63675
LeMans	1	210.5605	-395.51038
LeMans	1	210.70584	-395.383
LeMans	1	210.84825	-395.25696
LeMans	1	210.99065	-395.12878
LeMans	1	211.13513	-394.99948
LeMans	1	211.28094	-394.8682
LeMans	1	211.42822	-394.73398
LeMans	1	211.57698	-394.59732
LeMans	1	211.72755	-394.45892
LeMans	1	211.87943	-394.3191
LeMans	1	212.03296	-394.17984
LeMans	1	212.18707	-394.04507
LeMans	1	212.34186	-393.91348
LeMans	1	212.5017	-393.78714
LeMans	1	212.65901	-393.66522
LeMans	1	212.81721	-393.54373
LeMans	1	212.97478	-393.42075
LeMans	1	213.13283	-393.29648
LeMans	1	213.2855	-393.16977
LeMans	1	213.4365	-393.04184
LeMans	1	213.58572	-392.9088
LeMans	1	213.72906	-392.76883
LeMans	1	213.86588	-392.6235
LeMans	1	214.00119	-392.4823
LeMans	1	214.13707	-392.33936
LeMans	1	214.26918	-392.1945
LeMans	1	214.39851	-392.0491
LeMans	1	214.52632	-391.90668
LeMans	1	214.65285	-391.7638
LeMans	1	214.77692	-391.6204
LeMans	1	214.8995	-391.47726
LeMans	1	215.02019	-391.33585
LeMans	1	215.13934	-391.19357
LeMans	1	215.2568	-391.0522
LeMans	1	215.37384	-390.9109
LeMans	1	215.48967	-390.77155
LeMans	1	215.60583	-390.63104
LeMans	1	215.72289	-390.48883
LeMans	1	215.84131	-390.3438
LeMans	1	215.9609	-390.1952
LeMans	1	216.08066	-390.04276
LeMans	1	216.20042	-389.88602
LeMans	1	216.32004	-389.72504
LeMans	1	216.4384	-389.56113
LeMans	1	216.5551	-389.39554
LeMans	1	216.66966	-389.22995
LeMans	1	216.78328	-389.0653
LeMans	1	216.89755	-388.90256
LeMans	1	217.013	-388.74152
LeMans	1	217.13045	-388.5823
LeMans	1	217.25055	-388.4254
LeMans	1	217.37383	-388.27136
LeMans	1	217.50085	-388.12054
LeMans	1	217.63243	-387.97394
LeMans	1	217.76808	-387.83112
LeMans	1	217.90712	-387.69183
LeMans	1	218.04788	-387.55496
LeMans	1	218.18903	-387.41953
LeMans	1	218.33014	-387.2855
LeMans	1	218.47102	-387.15265
LeMans	1	218.61151	-387.02106
LeMans	1	218.75146	-386.89062
LeMans	1	218.89078	-386.76135
LeMans	1	219.02943	-386.63324
LeMans	1	219.16734	-386.50616
LeMans	1	219.3045	-386.3802
LeMans	1	219.44095	-386.25516
LeMans	1	219.57745	-386.13052
LeMans	1	219.7154	-386.00488
LeMans	1	219.8555	-385.87698
LeMans	1	219.99786	-385.7465
LeMans	1	220.14232	-385.61383
LeMans	1	220.28876	-385.47913
LeMans	1	220.43724	-385.3425
LeMans	1	220.58783	-385.20438
LeMans	1	220.74118	-385.06696
LeMans	1	220.89684	-384.9324
LeMans	1	221.05382	-384.80127
LeMans	1	221.21227	-384.67297
LeMans	1	221.37213	-384.54694
LeMans	1	221.5331	-384.42273
LeMans	1	221.69429	-384.29953
LeMans	1	221.85486	-384.1757
LeMans	1	222.01384	-384.0509
LeMans	1	222.17072	-383.92456
LeMans	1	222.3246	-383.7962
LeMans	1	222.4752	-383.66562
LeMans	1	222.62189	-383.53217
LeMans	1	222.76318	-383.39438
LeMans	1	222.89941	-383.2526
LeMans	1	223.03267	-383.10922
LeMans	1	223.16373	-382.96463
LeMans	1	223.29402	-382.81924
LeMans	1	223.4246	-382.672
LeMans	1	223.55612	-382.5219
LeMans	1	223.68864	-382.36893
LeMans	1	223.82207	-382.21353
LeMans	1	223.95654	-382.0561
LeMans	1	224.09193	-381.8969
LeMans	1	224.22777	-381.7369
LeMans	1	224.36273	-381.57776
LeMans	1	224.49638	-381.41977
LeMans	1	224.62927	-381.26248
LeMans	1	224.76172	-381.10577
LeMans	1	224.89383	-380.9495
LeMans	1	225.0256	-380.79358
LeMans	1	225.1569	-380.63815
LeMans	1	225.28773	-380.48325
LeMans	1	225.41737	-380.3283
LeMans	1	225.54468	-380.17258
LeMans	1	225.66908	-380.01575
LeMans	1	225.7906	-379.85788
LeMans	1	225.9095	-379.69943
LeMans	1	226.02643	-379.5408
LeMans	1	226.14217	-379.3828
LeMans	1	226.25761	-379.22607
LeMans	1	226.37354	-379.0712
LeMans	1	226.49052	-378.91858
LeMans	1	226.60912	-378.7686
LeMans	1	226.72974	-378.62155
LeMans	1	226.85304	-378.47794
LeMans	1	226.97974	-378.33817
LeMans	1	227.10896	-378.2016
LeMans	1	227.23874	-378.06668
LeMans	1	227.36575	-377.9307
LeMans	1	227.48853	-377.79254
LeMans	1	227.60715	-377.65237
LeMans	1	227.72287	-377.5113
LeMans	1	227.83664	-377.36996
LeMans	1	227.94963	-377.22925
LeMans	1	228.06291	-377.09024
LeMans	1	228.17732	-376.95346
LeMans	1	228.29388	-376.81964
LeMans	1	228.4141	-376.68994
LeMans	1	228.53949	-376.56543
LeMans	1	228.66878	-376.4452
LeMans	1	228.80087	-376.32657
LeMans	1	228.93626	-376.20804
LeMans	1	229.07549	-376.08893
LeMans	1	229.21884	-375.96967
LeMans	1	229.36636	-375.85077
LeMans	1	229.51814	-375.73276
LeMans	1	229.67413	-375.61597
LeMans	1	229.83401	-375.50162
LeMans	1	229.9955	-375.39105
LeMans	1	230.15712	-375.28397
LeMans	1	230.31844	-375.1791
LeMans	1	230.479	-375.07526
LeMans	1	230.63832	-374.9713
LeMans	1	230.79597	-374.86664
LeMans	1	230.95154	-374.7606
LeMans	1	231.10487	-374.65292
LeMans	1	231.25623	-374.54416
LeMans	1	231.40611	-374.43512
LeMans	1	231.55504	-374.32648
LeMans	1	231.70308	-374.21854
LeMans	1	231.85002	-374.11093
LeMans	1	231.99525	-374.00293
LeMans	1	232.13821	-373.89355
LeMans	1	232.27832	-373.7819
LeMans	1	232.41492	-373.6672
LeMans	1	232.54712	-373.5482
LeMans	1	232.67621	-373.42572
LeMans	1	232.80473	-373.3001
LeMans	1	232.93326	-373.17047
LeMans	1	233.06105	-373.0366
LeMans	1	233.18752	-372.89856
LeMans	1	233.31209	-372.7564
LeMans	1	233.43271	-372.61014
LeMans	1	233.5481	-372.46112
LeMans	1	233.65907	-372.30988
LeMans	1	233.76852	-372.15894
LeMans	1	233.878	-372.00995
LeMans	1	233.98782	-371.86307
LeMans	1	234.09781	-371.718
LeMans	1	234.20766	-371.57443
LeMans	1	234.31708	-371.4322
LeMans	1	234.42586	-371.29102
LeMans	1	234.53418	-371.14984
LeMans	1	234.64302	-371.00745
LeMans	1	234.75356	-370.86322
LeMans	1	234.86618	-370.7175
LeMans	1	234.98035	-370.57025
LeMans	1	235.09564	-370.42172
LeMans	1	235.21194	-370.2721
LeMans	1	235.3282	-370.12292
LeMans	1	235.44319	-369.97507
LeMans	1	235.55785	-369.82846
LeMans	1	235.67517	-369.68488
LeMans	1	235.79652	-369.5451
LeMans	1	235.92085	-369.40826
LeMans	1	236.04732	-369.27377
LeMans	1	236.1751	-369.14078
LeMans	1	236.3045	-369.00952
LeMans	1	236.43411	-368.8793
LeMans	1	236.56114	-368.7478
LeMans	1	236.68619	-368.61615
LeMans	1	236.80873	-368.48383
LeMans	1	236.92749	-368.35004
LeMans	1	237.04263	-368.21622
LeMans	1	237.15765	-368.08218
LeMans	1	237.26996	-367.94727
LeMans	1	237.38045	-367.81238
LeMans	1	237.49034	-367.67856
LeMans	1	237.59964	-367.54556
LeMans	1	237.70998	-367.41034
LeMans	1	237.81966	-367.27454
LeMans	1	237.9283	-367.13803
LeMans	1	238.0307	-367.0045
LeMans	1	238.13058	-366.87192
LeMans	1	238.22667	-366.7346
LeMans	1	238.31725	-366.59335
LeMans	1	238.40207	-366.44815
LeMans	1	238.47806	-366.306
LeMans	1	238.55148	-366.16595
LeMans	1	238.62482	-366.02402
LeMans	1	238.70033	-365.883
LeMans	1	238.77931	-365.74176
LeMans	1	238.85411	-365.60703
LeMans	1	238.92795	-365.47397
LeMans	1	238.99828	-365.33472
LeMans	1	239.06464	-365.19437
LeMans	1	239.12633	-365.05127
LeMans	1	239.18034	-364.90762
LeMans	1	239.22789	-364.76834
LeMans	1	239.273	-364.62708
LeMans	1	239.31334	-364.4861
LeMans	1	239.35017	-364.3457
LeMans	1	239.38495	-364.20557
LeMans	1	239.41571	-364.0694
LeMans	1	239.44395	-363.9306
LeMans	1	239.47063	-363.7916
LeMans	1	239.49704	-363.65054
LeMans	1	239.52316	-363.50797
LeMans	1	239.5483	-363.36026
LeMans	1	239.57353	-363.2112
LeMans	1	239.59782	-363.05963
LeMans	1	239.62216	-362.90573
LeMans	1	239.64719	-362.75012
LeMans	1	239.67126	-362.59415
LeMans	1	239.69556	-362.43945
LeMans	1	239.71916	-362.28653
LeMans	1	239.74214	-362.1352
LeMans	1	239.76483	-361.98486
LeMans	1	239.78712	-361.83527
LeMans	1	239.80919	-361.68604
LeMans	1	239.83102	-361.53717
LeMans	1	239.8527	-361.3887
LeMans	1	239.87424	-361.2407
LeMans	1	239.89566	-361.09305
LeMans	1	239.91693	-360.9459
LeMans	1	239.93813	-360.79938
LeMans	1	239.9592	-360.65344
LeMans	1	239.98021	-360.50815
LeMans	1	240.00105	-360.36368
LeMans	1	240.0218	-360.22
LeMans	1	240.0425	-360.0771
LeMans	1	240.06313	-359.93515
LeMans	1	240.08368	-359.79398
LeMans	1	240.10416	-359.65366
LeMans	1	240.12456	-359.51413
LeMans	1	240.1449	-359.3754
LeMans	1	240.16518	-359.2375
LeMans	1	240.18611	-359.09528
LeMans	1	240.2062	-358.95898
LeMans	1	240.22621	-358.82352
LeMans	1	240.24606	-358.6888
LeMans	1	240.26581	-358.55487
LeMans	1	240.2854	-358.42166
LeMans	1	240.30478	-358.2895
LeMans	1	240.32396	-358.1581
LeMans	1	240.34299	-358.02768
LeMans	1	240.36185	-357.89807
LeMans	1	240.38054	-357.76938
LeMans	1	240.39908	-357.6415
LeMans	1	240.41745	-357.51443
LeMans	1	240.43582	-357.3873
LeMans	1	240.4546	-357.25726
LeMans	1	240.47388	-357.12366
LeMans	1	240.49365	-356.98672
LeMans	1	240.51382	-356.8468
LeMans	1	240.53441	-356.70398
LeMans	1	240.5554	-356.55832
LeMans	1	240.5768	-356.40967
LeMans	1	240.59888	-356.25815
LeMans	1	240.62384	-356.10428
LeMans	1	240.65256	-355.94925
LeMans	1	240.68431	-355.79535
LeMans	1	240.71858	-355.64252
LeMans	1	240.75545	-355.4904
LeMans	1	240.79417	-355.3387
LeMans	1	240.83434	-355.18744
LeMans	1	240.87564	-355.0366
LeMans	1	240.91765	-354.88614
LeMans	1	240.96007	-354.73624
LeMans	1	241.00218	-354.5867
LeMans	1	241.04326	-354.4374
LeMans	1	241.08191	-354.2883
LeMans	1	241.11708	-354.13922
LeMans	1	241.1479	-353.99
LeMans	1	241.17307	-353.8404
LeMans	1	241.191	-353.6899
LeMans	1	241.2032	-353.5391
LeMans	1	241.21068	-353.38803
LeMans	1	241.21394	-353.2369
LeMans	1	241.21318	-353.08606
LeMans	1	241.20857	-352.93542
LeMans	1	241.20009	-352.78522
LeMans	1	241.18793	-352.6356
LeMans	1	241.17285	-352.48666
LeMans	1	241.15726	-352.33862
LeMans	1	241.14175	-352.1916
LeMans	1	241.12646	-352.04596
LeMans	1	241.11134	-351.9018
LeMans	1	241.09616	-351.7588
LeMans	1	241.08054	-351.61496
LeMans	1	241.0646	-351.46902
LeMans	1	241.04842	-351.32025
LeMans	1	241.0323	-351.16855
LeMans	1	241.01613	-351.01398
LeMans	1	240.99982	-350.8569
LeMans	1	240.98335	-350.69733
LeMans	1	240.96681	-350.53503
LeMans	1	240.95015	-350.36987
LeMans	1	240.93329	-350.20187
LeMans	1	240.91629	-350.03073
LeMans	1	240.89903	-349.85632
LeMans	1	240.88159	-349.67856
LeMans	1	240.86401	-349.49734
LeMans	1	240.84628	-349.31253
LeMans	1	240.82834	-349.12408
LeMans	1	240.81033	-348.93256
LeMans	1	240.79227	-348.73984
LeMans	1	240.77423	-348.54758
LeMans	1	240.7563	-348.35614
LeMans	1	240.73843	-348.16507
LeMans	1	240.72066	-347.97412
LeMans	1	240.70299	-347.78366
LeMans	1	240.68549	-347.59366
LeMans	1	240.66815	-347.40424
LeMans	1	240.65097	-347.21545
LeMans	1	240.63452	-347.0274
LeMans	1	240.62033	-346.83997
LeMans	1	240.61101	-346.65308
LeMans	1	240.6059	-346.46695
LeMans	1	240.60411	-346.28174
LeMans	1	240.60498	-346.09766
LeMans	1	240.60805	-345.91467
LeMans	1	240.61238	-345.73273
LeMans	1	240.6163	-345.55048
LeMans	1	240.61925	-345.36594
LeMans	1	240.62062	-345.1782
LeMans	1	240.61958	-344.98743
LeMans	1	240.61559	-344.79382
LeMans	1	240.60735	-344.5974
LeMans	1	240.59369	-344.3982
LeMans	1	240.57529	-344.1962
LeMans	1	240.55191	-343.9916
LeMans	1	240.52274	-343.78674
LeMans	1	240.49533	-343.5832
LeMans	1	240.47296	-343.3801
LeMans	1	240.45467	-343.1771
LeMans	1	240.43843	-342.97403
LeMans	1	240.42317	-342.77094
LeMans	1	240.40823	-342.56796
LeMans	1	240.39328	-342.36566
LeMans	1	240.37717	-342.16464
LeMans	1	240.35869	-341.96524
LeMans	1	240.33644	-341.76758
LeMans	1	240.30878	-341.57184
LeMans	1	240.27263	-341.37827
LeMans	1	240.22685	-341.18753
LeMans	1	240.17365	-340.9997
LeMans	1	240.11552	-340.8144
LeMans	1	240.05438	-340.63153
LeMans	1	239.99216	-340.45047
LeMans	1	239.93312	-340.26987
LeMans	1	239.87906	-340.08875
LeMans	1	239.829	-339.90698
LeMans	1	239.78065	-339.7251
LeMans	1	239.73288	-339.54355
LeMans	1	239.685	-339.36298
LeMans	1	239.63596	-339.18442
LeMans	1	239.58415	-339.00858
LeMans	1	239.52737	-338.83606
LeMans	1	239.46147	-338.66824
LeMans	1	239.38716	-338.50537
LeMans	1	239.30751	-338.34683
LeMans	1	239.22395	-338.19217
LeMans	1	239.1373	-338.04114
LeMans	1	239.04813	-337.8934
LeMans	1	238.95685	-337.74866
LeMans	1	238.8638	-337.60663
LeMans	1	238.76929	-337.46698
LeMans	1	238.67336	-337.3295
LeMans	1	238.5756	-337.19293
LeMans	1	238.47566	-337.056
LeMans	1	238.37346	-336.9181
LeMans	1	238.26901	-336.77872
LeMans	1	238.16238	-336.6377
LeMans	1	238.05379	-336.49503
LeMans	1	237.94328	-336.3509
LeMans	1	237.83092	-336.2052
LeMans	1	237.71667	-336.05777
LeMans	1	237.60115	-335.90887
LeMans	1	237.48538	-335.75983
LeMans	1	237.3702	-335.6121
LeMans	1	237.25552	-335.4655
LeMans	1	237.14116	-335.31955
LeMans	1	237.02701	-335.17404
LeMans	1	236.91295	-335.02902
LeMans	1	236.79921	-334.88434
LeMans	1	236.68585	-334.74014
LeMans	1	236.573	-334.59647
LeMans	1	236.46075	-334.45334
LeMans	1	236.34917	-334.31085
LeMans	1	236.23837	-334.16898
LeMans	1	236.12836	-334.0278
LeMans	1	236.01843	-333.88684
LeMans	1	235.90767	-333.74454
LeMans	1	235.79597	-333.6003
LeMans	1	235.68353	-333.45428
LeMans	1	235.5704	-333.30664
LeMans	1	235.45659	-333.15756
LeMans	1	235.34203	-333.0071
LeMans	1	235.2267	-332.8552
LeMans	1	235.11084	-332.7022
LeMans	1	234.99507	-332.5491
LeMans	1	234.88011	-332.3968
LeMans	1	234.76581	-332.24524
LeMans	1	234.652	-332.09418
LeMans	1	234.53847	-331.94342
LeMans	1	234.42522	-331.79303
LeMans	1	234.3123	-331.64307
LeMans	1	234.19984	-331.49362
LeMans	1	234.08786	-331.34476
LeMans	1	233.97643	-331.19662
LeMans	1	233.86539	-331.04904
LeMans	1	233.75395	-330.90088
LeMans	1	233.64107	-330.75076
LeMans	1	233.52615	-330.5982
LeMans	1	233.40948	-330.4432
LeMans	1	233.29161	-330.2856
LeMans	1	233.17473	-330.12396
LeMans	1	233.05922	-329.95795
LeMans	1	232.94475	-329.78784
LeMans	1	232.83092	-329.6137
LeMans	1	232.71777	-329.43585
LeMans	1	232.60583	-329.25488
LeMans	1	232.4955	-329.0737
LeMans	1	232.38577	-328.8939
LeMans	1	232.275	-328.71558
LeMans	1	232.16194	-328.53934
LeMans	1	232.04585	-328.36572
LeMans	1	231.92615	-328.19507
LeMans	1	231.80026	-328.02878
LeMans	1	231.66898	-327.8671
LeMans	1	231.53363	-327.70938
LeMans	1	231.39679	-327.5541
LeMans	1	231.25922	-327.4005
LeMans	1	231.12112	-327.24875
LeMans	1	230.98294	-327.0987
LeMans	1	230.845	-326.95026
LeMans	1	230.7074	-326.80344
LeMans	1	230.57034	-326.65817
LeMans	1	230.43353	-326.51395
LeMans	1	230.29556	-326.36923
LeMans	1	230.15544	-326.22278
LeMans	1	230.01283	-326.07394
LeMans	1	229.86769	-325.9227
LeMans	1	229.72003	-325.76904
LeMans	1	229.56992	-325.6129
LeMans	1	229.41734	-325.4543
LeMans	1	229.26228	-325.29312
LeMans	1	229.10468	-325.12918
LeMans	1	228.94452	-324.96243
LeMans	1	228.7816	-324.7928
LeMans	1	228.6151	-324.62097
LeMans	1	228.44406	-324.44775
LeMans	1	228.26814	-324.27338
LeMans	1	228.08728	-324.09766
LeMans	1	227.90173	-323.91998
LeMans	1	227.71213	-323.73965
LeMans	1	227.51913	-323.55588
LeMans	1	227.32335	-323.36807
LeMans	1	227.12535	-323.17563
LeMans	1	226.9256	-322.97797
LeMans	1	226.72461	-322.77463
LeMans	1	226.52292	-322.56512
LeMans	1	226.32101	-322.3489
LeMans	1	226.11827	-322.12677
LeMans	1	225.91382	-321.89966
LeMans	1	225.70709	-321.66815
LeMans	1	225.49771	-321.43256
LeMans	1	225.28539	-321.19315
LeMans	1	225.07	-320.95007
LeMans	1	224.85143	-320.70334
LeMans	1	224.62962	-320.4529
LeMans	1	224.40459	-320.1988
LeMans	1	224.17628	-319.941
LeMans	1	223.94475	-319.6795
LeMans	1	223.7099	-319.41425
LeMans	1	223.47174	-319.14526
LeMans	1	223.23022	-318.87253
LeMans	1	222.9853	-318.59604
LeMans	1	222.73651	-318.31516
LeMans	1	222.48404	-318.0302
LeMans	1	222.22809	-317.74124
LeMans	1	221.96858	-317.44836
LeMans	1	221.70544	-317.1515
LeMans	1	221.43864	-316.85065
LeMans	1	221.16812	-316.54587
LeMans	1	220.89386	-316.23703
LeMans	1	220.61644	-315.92453
LeMans	1	220.3367	-315.60928
LeMans	1	220.05493	-315.2917
LeMans	1	219.77075	-314.97153
LeMans	1	219.48347	-314.64783
LeMans	1	219.1929	-314.3203
LeMans	1	218.89903	-313.9891
LeMans	1	218.60193	-313.65424
LeMans	1	218.30154	-313.3156
LeMans	1	217.99788	-312.97333
LeMans	1	217.69093	-312.6273
LeMans	1	217.38068	-312.27747
LeMans	1	217.06712	-311.92395
LeMans	1	216.75021	-311.5666
LeMans	1	216.42996	-311.20544
LeMans	1	216.10634	-310.84045
LeMans	1	215.77939	-310.47168
LeMans	1	215.44905	-310.09912
LeMans	1	215.11531	-309.72266
LeMans	1	214.77818	-309.34235
LeMans	1	214.43764	-308.9582
LeMans	1	214.09363	-308.57007
LeMans	1	213.74615	-308.17807
LeMans	1	213.39523	-307.78214
LeMans	1	213.04088	-307.38226
LeMans	1	212.68304	-306.97845
LeMans	1	212.32172	-306.57074
LeMans	1	211.95692	-306.15903
LeMans	1	211.58856	-305.74335
LeMans	1	211.21667	-305.3236
LeMans	1	210.84125	-304.89984
LeMans	1	210.46228	-304.47205
LeMans	1	210.07974	-304.0402
LeMans	1	209.69363	-303.60428
LeMans	1	209.30392	-303.16428
LeMans	1	208.91058	-302.72012
LeMans	1	208.5136	-302.27188
LeMans	1	208.113	-301.81952
LeMans	1	207.70879	-301.363
LeMans	1	207.30087	-300.90234
LeMans	1	206.88933	-300.43753
LeMans	1	206.47412	-299.96854
LeMans	1	206.05524	-299.4954
LeMans	1	205.63268	-299.01807
LeMans	1	205.20642	-298.53656
LeMans	1	204.77643	-298.0508
LeMans	1	204.3427	-297.5608
LeMans	1	203.90527	-297.06653
LeMans	1	203.4639	-296.56775
LeMans	1	203.01897	-296.065
LeMans	1	202.57031	-295.558
LeMans	1	202.11798	-295.04678
LeMans	1	201.66194	-294.53137
LeMans	1	201.20224	-294.01178
LeMans	1	200.73877	-293.48788
LeMans	1	200.27151	-292.95972
LeMans	1	199.80064	-292.4274
LeMans	1	199.32611	-291.89096
LeMans	1	198.84804	-291.35046
LeMans	1	198.36649	-290.806
LeMans	1	197.88144	-290.2576
LeMans	1	197.39316	-289.70547
LeMans	1	196.90172	-289.14978
LeMans	1	196.4073	-288.59064
LeMans	1	195.90997	-288.02826
LeMans	1	195.40994	-287.46274
LeMans	1	194.90729	-286.89423
LeMans	1	194.40201	-286.32272
LeMans	1	193.89415	-285.7483
LeMans	1	193.38376	-285.17096
LeMans	1	192.87091	-284.59082
LeMans	1	192.3556	-284.00784
LeMans	1	191.83769	-283.42194
LeMans	1	191.31691	-282.8327
LeMans	1	190.79294	-282.23987
LeMans	1	190.26578	-281.64334
LeMans	1	189.73529	-281.04303
LeMans	1	189.20146	-280.43893
LeMans	1	188.66429	-279.831
LeMans	1	188.12389	-279.2194
LeMans	1	187.58023	-278.60406
LeMans	1	187.03343	-277.98514
LeMans	1	186.48343	-277.36258
LeMans	1	185.93033	-276.73648
LeMans	1	185.37418	-276.1069
LeMans	1	184.81503	-275.4739
LeMans	1	184.25285	-274.83746
LeMans	1	183.68773	-274.19766
LeMans	1	183.11969	-273.55447
LeMans	1	182.54866	-272.90793
LeMans	1	181.97464	-272.25793
LeMans	1	181.39761	-271.6045
LeMans	1	180.81761	-270.9477
LeMans	1	180.2346	-270.28745
LeMans	1	179.6486	-269.62375
LeMans	1	179.05963	-268.9567
LeMans	1	178.46767	-268.28625
LeMans	1	177.87148	-267.61374
LeMans	1	177.26872	-266.94104
LeMans	1	176.65977	-266.26797
LeMans	1	176.04579	-265.59354
LeMans	1	175.42809	-264.9165
LeMans	1	174.80804	-264.23578
LeMans	1	174.18677	-263.5503
LeMans	1	173.56529	-262.85916
LeMans	1	172.94527	-262.16104
LeMans	1	172.32646	-261.45673
LeMans	1	171.70612	-260.74896
LeMans	1	171.08499	-260.03702
LeMans	1	170.46251	-259.32108
LeMans	1	169.83833	-258.60202
LeMans	1	169.21194	-257.87985
LeMans	1	168.58316	-257.1547
LeMans	1	167.95186	-256.42648
LeMans	1	167.31801	-255.69531
LeMans	1	166.68161	-254.96103
LeMans	1	166.04265	-254.22372
LeMans	1	165.40112	-253.48343
LeMans	1	164.75703	-252.74013
LeMans	1	164.11032	-251.9939
LeMans	1	163.46104	-251.2447
LeMans	1	162.80919	-250.4926
LeMans	1	162.15479	-249.73758
LeMans	1	161.4978	-248.9796
LeMans	1	160.83827	-248.21872
LeMans	1	160.1762	-247.45496
LeMans	1	159.51161	-246.68831
LeMans	1	158.84451	-245.91875
LeMans	1	158.17487	-245.14622
LeMans	1	157.50269	-244.37082
LeMans	1	156.82802	-243.59247
LeMans	1	156.15083	-242.81122
LeMans	1	155.47118	-242.02713
LeMans	1	154.78908	-241.2402
LeMans	1	154.10449	-240.45036
LeMans	1	153.4174	-239.65765
LeMans	1	152.72781	-238.86205
LeMans	1	152.03575	-238.06355
LeMans	1	151.34125	-237.26216
LeMans	1	150.64429	-236.45795
LeMans	1	149.94492	-235.65091
LeMans	1	149.24309	-234.841
LeMans	1	148.53882	-234.02827
LeMans	1	147.83208	-233.21268
LeMans	1	147.1229	-232.39421
LeMans	1	146.41129	-231.57289
LeMans	1	145.69727	-230.74876
LeMans	1	144.98079	-229.9218
LeMans	1	144.26198	-229.09212
LeMans	1	143.54077	-228.25963
LeMans	1	142.81717	-227.42433
LeMans	1	142.09119	-226.58624
LeMans	1	141.36285	-225.7454
LeMans	1	140.63223	-224.90189
LeMans	1	139.89923	-224.05562
LeMans	1	139.16391	-223.2066
LeMans	1	138.42628	-222.35487
LeMans	1	137.68631	-221.50043
LeMans	1	136.94426	-220.64362
LeMans	1	136.20053	-219.78516
LeMans	1	135.45197	-218.92694
LeMans	1	134.69684	-218.06985
LeMans	1	133.93523	-217.2122
LeMans	1	133.1694	-216.3533
LeMans	1	132.40096	-215.49187
LeMans	1	131.63116	-214.62677
LeMans	1	130.86104	-213.7572
LeMans	1	130.09132	-212.88249
LeMans	1	129.3231	-212.00171
LeMans	1	128.55695	-211.11453
LeMans	1	127.79025	-210.22333
LeMans	1	127.02262	-209.32854
LeMans	1	126.254585	-208.42972
LeMans	1	125.48571	-207.52736
LeMans	1	124.71554	-206.62183
LeMans	1	123.94375	-205.71344
LeMans	1	123.17022	-204.80228
LeMans	1	122.39486	-203.88847
LeMans	1	121.61765	-202.97203
LeMans	1	120.83862	-202.05315
LeMans	1	120.05776	-201.1318
LeMans	1	119.27506	-200.20815
LeMans	1	118.490425	-199.28212
LeMans	1	117.703835	-198.35379
LeMans	1	116.91523	-197.42308
LeMans	1	116.12439	-196.48978
LeMans	1	115.33163	-195.55429
LeMans	1	114.53674	-194.61641
LeMans	1	113.739716	-193.67609
LeMans	1	112.94058	-192.73341
LeMans	1	112.13934	-191.7883
LeMans	1	111.33597	-190.84071
LeMans	1	110.53052	-189.89076
LeMans	1	109.72295	-188.93834
LeMans	1	108.9134	-187.9836
LeMans	1	108.101814	-187.02646
LeMans	1	107.28822	-186.06697
LeMans	1	106.472694	-185.10512
LeMans	1	105.65671	-184.14098
LeMans	1	104.84195	-183.17308
LeMans	1	104.028786	-182.20071
LeMans	1	103.21628	-181.22302
LeMans	1	102.40358	-180.2406
LeMans	1	101.58971	-179.25485
LeMans	1	100.77354	-178.26698
LeMans	1	99.95409	-177.27776
LeMans	1	99.130684	-176.28789
LeMans	1	98.30261	-175.29774
LeMans	1	97.4696	-174.30827
LeMans	1	96.6308	-173.31985
LeMans	1	95.78775	-172.33139
LeMans	1	94.94236	-171.34123
LeMans	1	94.09386	-170.35004
LeMans	1	93.242	-169.35806
LeMans	1	92.38718	-168.36488
LeMans	1	91.52983	-167.37015
LeMans	1	90.67015	-166.3736
LeMans	1	89.80826	-165.37508
LeMans	1	88.9442	-164.37457
LeMans	1	88.07788	-163.37189
LeMans	1	87.20951	-162.36722
LeMans	1	86.33904	-161.36044
LeMans	1	85.46654	-160.3516
LeMans	1	84.592026	-159.34058
LeMans	1	83.715515	-158.3274
LeMans	1	82.838394	-157.31235
LeMans	1	81.96193	-156.29436
LeMans	1	81.086914	-155.27234
LeMans	1	80.21435	-154.2451
LeMans	1	79.3434	-153.21318
LeMans	1	78.4724	-152.1765
LeMans	1	77.60017	-151.13606
LeMans	1	76.72571	-150.09332
LeMans	1	75.848	-149.04938
LeMans	1	74.96618	-148.00523
LeMans	1	74.07865	-146.96259
LeMans	1	73.18335	-145.92291
LeMans	1	72.28224	-144.88489
LeMans	1	71.37717	-143.84702
LeMans	1	70.46795	-142.80937
LeMans	1	69.55527	-141.77151
LeMans	1	68.63975	-140.73305
LeMans	1	67.72195	-139.69377
LeMans	1	66.80216	-138.65361
LeMans	1	65.88052	-137.61253
LeMans	1	64.95707	-136.57056
LeMans	1	64.03181	-135.5277
LeMans	1	63.104897	-134.484
LeMans	1	62.17642	-133.43942
LeMans	1	61.246506	-132.39394
LeMans	1	60.315243	-131.34741
LeMans	1	59.382523	-130.29958
LeMans	1	58.448627	-129.25055
LeMans	1	57.51354	-128.19974
LeMans	1	56.57804	-127.14793
LeMans	1	55.641792	-126.09494
LeMans	1	54.70396	-125.0402
LeMans	1	53.764282	-123.983604
LeMans	1	52.822605	-122.92502
LeMans	1	51.878986	-121.86442
LeMans	1	50.933495	-120.80181
LeMans	1	49.986614	-119.737656
LeMans	1	49.039917	-118.67365
LeMans	1	48.09455	-117.611046
LeMans	1	47.15073	-116.550095
LeMans	1	46.207836	-115.49095
LeMans	1	45.264233	-114.434654
LeMans	1	44.318886	-113.38193
LeMans	1	43.371887	-112.33302
LeMans	1	42.423706	-111.28772
LeMans	1	41.475296	-110.24544
LeMans	1	40.52788	-109.20531
LeMans	1	39.582523	-108.16644
LeMans	1	38.640182	-107.12836
LeMans	1	37.70198	-106.09119
LeMans	1	36.7698	-105.05616
LeMans	1	35.84518	-104.02389
LeMans	1	34.92932	-102.993744
LeMans	1	34.02187	-101.96598
LeMans	1	33.11958	-100.94246
LeMans	1	32.22152	-99.922646
LeMans	1	31.328249	-98.90545
LeMans	1	30.43976	-97.89126
LeMans	1	29.556414	-96.88136
LeMans	1	28.678293	-95.87683
LeMans	1	27.804893	-94.877754
LeMans	1	26.936167	-93.88417
LeMans	1	26.072084	-92.89604
LeMans	1	25.213066	-91.913795
LeMans	1	24.35956	-90.93793
LeMans	1	23.511137	-89.96837
LeMans	1	22.667519	-89.00487
LeMans	1	21.828814	-88.04738
LeMans	1	20.995308	-87.09621
LeMans	1	20.167332	-86.15166
LeMans	1	19.344454	-85.213326
LeMans	1	18.526419	-84.281006
LeMans	1	17.713316	-83.35482
LeMans	1	16.905231	-82.43489
LeMans	1	16.102585	-81.52158
LeMans	1	15.3044195	-80.61367
LeMans	1	14.508639	-79.709305
LeMans	1	13.714659	-78.80946
LeMans	1	12.920743	-77.91665
LeMans	1	12.126102	-77.03182
LeMans	1	11.331832	-76.15404
LeMans	1	10.538764	-75.2823
LeMans	1	9.747286	-74.41564
LeMans	1	8.957757	-73.55317
LeMans	1	8.170758	-72.693565
LeMans	1	7.3871837	-71.83541
LeMans	1	6.607855	-70.97745
LeMans	1	5.83348	-70.11861
LeMans	1	5.064379	-69.257324
LeMans	1	4.3033814	-68.392975
LeMans	1	3.550338	-67.52472
LeMans	1	2.8028302	-66.65474
LeMans	1	2.060653	-65.7844
LeMans	1	1.3227719	-64.91469
LeMans	1	0.5882507	-64.04586
LeMans	1	-0.1434127	-63.177998
LeMans	1	-0.87254333	-62.31113
LeMans	1	-1.5992676	-61.44534
LeMans	1	-2.3238018	-60.580673
LeMans	1	-3.0469322	-59.71808
LeMans	1	-3.7722845	-58.860703
LeMans	1	-4.500409	-58.008827
LeMans	1	-5.2314043	-57.162502
LeMans	1	-5.963678	-56.320545
LeMans	1	-6.695736	-55.481926
LeMans	1	-7.4261255	-54.645344
LeMans	1	-8.153307	-53.809612
LeMans	1	-8.876039	-52.97355
LeMans	1	-9.592638	-52.135696
LeMans	1	-10.300577	-51.293808
LeMans	1	-11.002447	-50.450542
LeMans	1	-11.698576	-49.606216
LeMans	1	-12.389845	-48.76178
LeMans	1	-13.077129	-47.917904
LeMans	1	-13.761037	-47.07489
LeMans	1	-14.441939	-46.232937
LeMans	1	-15.120074	-45.392147
LeMans	1	-15.795578	-44.552628
LeMans	1	-16.468567	-43.714493
LeMans	1	-17.139118	-42.87787
LeMans	1	-17.807364	-42.04283
LeMans	1	-18.473423	-41.209476
LeMans	1	-19.13722	-40.378113
LeMans	1	-19.798466	-39.549175
LeMans	1	-20.459137	-38.72037
LeMans	1	-21.120825	-37.889927
LeMans	1	-21.784584	-37.056736
LeMans	1	-22.45132	-36.220398
LeMans	1	-23.123398	-35.382637
LeMans	1	-23.80181	-34.544304
LeMans	1	-24.486765	-33.706192
LeMans	1	-25.177555	-32.868202
LeMans	1	-25.873182	-32.03004
LeMans	1	-26.571943	-31.191996
LeMans	1	-27.270615	-30.355165
LeMans	1	-27.96692	-29.519457
LeMans	1	-28.659668	-28.683493
LeMans	1	-29.34798	-27.845854
LeMans	1	-30.03009	-27.004757
LeMans	1	-30.704506	-26.15945
LeMans	1	-31.374374	-25.313025
LeMans	1	-32.039566	-24.465593
LeMans	1	-32.700924	-23.618042
LeMans	1	-33.359154	-22.770988
LeMans	1	-34.01446	-21.925083
LeMans	1	-34.66701	-21.080542
LeMans	1	-35.3172	-20.237309
LeMans	1	-35.96485	-19.395737
LeMans	1	-36.61028	-18.55577
LeMans	1	-37.253483	-17.71757
LeMans	1	-37.89452	-16.881277
LeMans	1	-38.533928	-16.046402
LeMans	1	-39.171097	-15.21394
LeMans	1	-39.806553	-14.383384
LeMans	1	-40.44033	-13.5548315
LeMans	1	-41.072536	-12.728273
LeMans	1	-41.703213	-11.90377
LeMans	1	-42.3324	-11.081339
LeMans	1	-42.960213	-10.260919
LeMans	1	-43.58663	-9.442598
LeMans	1	-44.21164	-8.626421
LeMans	1	-44.835274	-7.8123736
LeMans	1	-45.457523	-7.000475
LeMans	1	-46.078396	-6.190712
LeMans	1	-46.6979	-5.3830614
LeMans	1	-47.31603	-4.5775113
LeMans	1	-47.93276	-3.7740557
LeMans	1	-48.54807	-2.9726748
LeMans	1	-49.161926	-2.1733637
LeMans	1	-49.774353	-1.3760607
LeMans	1	-50.385326	-0.5807684
LeMans	1	-50.9948	0.21250373
LeMans	1	-51.602806	1.0037999
LeMans	1	-52.20934	1.7931423
LeMans	1	-52.814377	2.5805135
LeMans	1	-53.41795	3.3659487
LeMans	1	-54.020008	4.149404
LeMans	1	-54.620598	4.9309425
LeMans	1	-55.219707	5.7105474
LeMans	1	-55.817337	6.4882245
LeMans	1	-56.413494	7.263989
LeMans	1	-57.00816	8.037824
LeMans	1	-57.60138	8.80978
LeMans	1	-58.193123	9.579831
LeMans	1	-58.78338	10.347966
LeMans	1	-59.37218	11.114228
LeMans	1	-59.95954	11.878621
LeMans	1	-60.545456	12.641168
LeMans	1	-61.12989	13.401794
LeMans	1	-61.71288	14.160568
LeMans	1	-62.294422	14.917482
LeMans	1	-62.87453	15.672538
LeMans	1	-63.45315	16.425707
LeMans	1	-64.03036	17.177044
LeMans	1	-64.60612	17.926535
LeMans	1	-65.18044	18.67418
LeMans	1	-65.75333	19.419977
LeMans	1	-66.32479	20.163965
LeMans	1	-66.89483	20.906118
LeMans	1	-67.46341	21.646404
LeMans	1	-68.03053	22.384819
LeMans	1	-68.59619	23.121357
LeMans	1	-69.16045	23.856115
LeMans	1	-69.723335	24.589106
LeMans	1	-70.28478	25.320263
LeMans	1	-70.84476	26.049543
LeMans	1	-71.403336	26.777021
LeMans	1	-71.960495	27.502682
LeMans	1	-72.51622	28.22651
LeMans	1	-73.07052	28.948505
LeMans	1	-73.623436	29.668745
LeMans	1	-74.174965	30.387201
LeMans	1	-74.725075	31.103842
LeMans	1	-75.27376	31.818659
LeMans	1	-75.821075	32.53172
LeMans	1	-76.366974	33.242977
LeMans	1	-76.91146	33.952423
LeMans	1	-77.454544	34.66007
LeMans	1	-77.996284	35.366
LeMans	1	-78.53665	36.070164
LeMans	1	-79.07578	36.77276
LeMans	1	-79.61337	37.473373
LeMans	1	-80.149605	38.17224
LeMans	1	-80.68446	38.869358
LeMans	1	-81.21798	39.56475
LeMans	1	-81.75014	40.25841
LeMans	1	-82.28099	40.9504
LeMans	1	-82.810486	41.640644
LeMans	1	-83.33862	42.32914
LeMans	1	-83.86541	43.01591
LeMans	1	-84.39085	43.700947
LeMans	1	-84.91495	44.38427
LeMans	1	-85.437744	45.065937
LeMans	1	-85.95926	45.745956
LeMans	1	-86.47942	46.424232
LeMans	1	-86.99827	47.100815
LeMans	1	-87.5158	47.77571
LeMans	1	-88.03203	48.44896
LeMans	1	-88.54694	49.12051
LeMans	1	-89.060555	49.79039
LeMans	1	-89.57287	50.458607
LeMans	1	-90.08392	51.12521
LeMans	1	-90.59322	51.78955
LeMans	1	-91.10027	52.450985
LeMans	1	-91.605484	53.11008
LeMans	1	-92.10901	53.766987
LeMans	1	-92.61087	54.421745
LeMans	1	-93.11107	55.074394
LeMans	1	-93.609665	55.724957
LeMans	1	-94.10662	56.373432
LeMans	1	-94.60191	57.019768
LeMans	1	-95.095604	57.664047
LeMans	1	-95.58762	58.306175
LeMans	1	-96.07798	58.946156
LeMans	1	-96.56665	59.58397
LeMans	1	-97.05366	60.21964
LeMans	1	-97.53904	60.853203
LeMans	1	-98.02276	61.484646
LeMans	1	-98.504845	62.113964
LeMans	1	-98.98527	62.74116
LeMans	1	-99.46409	63.36628
LeMans	1	-99.94131	63.989334
LeMans	1	-100.41691	64.61032
LeMans	1	-100.89069	65.229385
LeMans	1	-101.36025	65.84838
LeMans	1	-101.82395	66.46855
LeMans	1	-102.28209	67.08968
LeMans	1	-102.735466	67.71113
LeMans	1	-103.18562	68.33182
LeMans	1	-103.63442	68.95056
LeMans	1	-104.08321	69.56609
LeMans	1	-104.53325	70.17767
LeMans	1	-104.98584	70.7843
LeMans	1	-105.44343	71.3842
LeMans	1	-105.9044	71.97832
LeMans	1	-106.36703	72.568146
LeMans	1	-106.829956	73.15422
LeMans	1	-107.29236	73.73742
LeMans	1	-107.753815	74.31809
LeMans	1	-108.21413	74.896484
LeMans	1	-108.67317	75.472725
LeMans	1	-109.1309	76.04689
LeMans	1	-109.587234	76.619064
LeMans	1	-110.0421	77.18928
LeMans	1	-110.495445	77.75758
LeMans	1	-110.94724	78.324005
LeMans	1	-111.397446	78.88859
LeMans	1	-111.84606	79.45135
LeMans	1	-112.293076	80.01232
LeMans	1	-112.73846	80.57147
LeMans	1	-113.182205	81.12881
LeMans	1	-113.624374	81.68436
LeMans	1	-114.06495	82.238106
LeMans	1	-114.50398	82.790054
LeMans	1	-114.941475	83.34021
LeMans	1	-115.37742	83.888535
LeMans	1	-115.81185	84.43504
LeMans	1	-116.24479	84.97975
LeMans	1	-116.67624	85.52264
LeMans	1	-117.1062	86.06368
LeMans	1	-117.53469	86.6029
LeMans	1	-117.96171	87.14032
LeMans	1	-118.38728	87.6759
LeMans	1	-118.81142	88.209694
LeMans	1	-119.23408	88.74167
LeMans	1	-119.65529	89.27183
LeMans	1	-120.075066	89.80017
LeMans	1	-120.493416	90.3267
LeMans	1	-120.91033	90.85143
LeMans	1	-121.32582	91.37438
LeMans	1	-121.7399	91.89555
LeMans	1	-122.15257	92.41493
LeMans	1	-122.56384	92.93255
LeMans	1	-122.973076	93.44758
LeMans	1	-123.38202	93.9622
LeMans	1	-123.79274	94.47907
LeMans	1	-124.206406	94.99962
LeMans	1	-124.623436	95.524414
LeMans	1	-125.04403	96.05365
LeMans	1	-125.46813	96.58732
LeMans	1	-125.89569	97.12532
LeMans	1	-126.32662	97.66753
LeMans	1	-126.760895	98.21392
LeMans	1	-127.19875	98.7648
LeMans	1	-127.63943	99.3192
LeMans	1	-128.08304	99.877266
LeMans	1	-128.5293	100.43863
LeMans	1	-128.97736	101.00223
LeMans	1	-129.42563	101.56606
LeMans	1	-129.87265	102.128334
LeMans	1	-130.31842	102.689
LeMans	1	-130.76355	103.24881
LeMans	1	-131.20815	103.80789
LeMans	1	-131.65208	104.36616
LeMans	1	-132.09532	104.92353
LeMans	1	-132.5377	105.479774
LeMans	1	-132.9791	106.034775
LeMans	1	-133.41943	106.58841
LeMans	1	-133.85863	107.140564
LeMans	1	-134.29652	107.69109
LeMans	1	-134.73305	108.23985
LeMans	1	-135.16809	108.78676
LeMans	1	-135.60162	109.33172
LeMans	1	-136.03358	109.87467
LeMans	1	-136.46393	110.41561
LeMans	1	-136.8925	110.95425
LeMans	1	-137.31912	111.490425
LeMans	1	-137.74577	112.026596
LeMans	1	-138.17395	112.5647
LeMans	1	-138.60458	113.105865
LeMans	1	-139.03801	113.650505
LeMans	1	-139.47421	114.1986
LeMans	1	-139.91312	114.75008
LeMans	1	-140.35464	115.304825
LeMans	1	-140.79878	115.86282
LeMans	1	-141.24538	116.423874
LeMans	1	-141.69434	116.9879
LeMans	1	-142.1452	117.55427
LeMans	1	-142.59619	118.12075
LeMans	1	-143.04584	118.685524
LeMans	1	-143.49423	119.24869
LeMans	1	-143.94176	119.81077
LeMans	1	-144.38852	120.37183
LeMans	1	-144.83444	120.93183
LeMans	1	-145.27945	121.49063
LeMans	1	-145.72345	122.04819
LeMans	1	-146.1664	122.60436
LeMans	1	-146.60811	123.159004
LeMans	1	-147.04854	123.71197
LeMans	1	-147.48758	124.26318
LeMans	1	-147.92519	124.81258
LeMans	1	-148.36128	125.360016
LeMans	1	-148.79578	125.90546
LeMans	1	-149.22871	126.44889
LeMans	1	-149.66003	126.9903
LeMans	1	-150.08984	127.52976
LeMans	1	-150.51811	128.06728
LeMans	1	-150.94487	128.60286
LeMans	1	-151.3701	129.13649
LeMans	1	-151.79385	129.66826
LeMans	1	-152.21616	130.19821
LeMans	1	-152.63705	130.72633
LeMans	1	-153.05652	131.25264
LeMans	1	-153.47456	131.77713
LeMans	1	-153.89113	132.29977
LeMans	1	-154.3063	132.8206
LeMans	1	-154.72008	133.33966
LeMans	1	-155.13245	133.85693
LeMans	1	-155.54341	134.3724
LeMans	1	-155.95294	134.88608
LeMans	1	-156.36107	135.39798
LeMans	1	-156.76784	135.90814
LeMans	1	-157.17323	136.41653
LeMans	1	-157.57722	136.92317
LeMans	1	-157.97983	137.42804
LeMans	1	-158.38106	137.93115
LeMans	1	-158.7809	138.43251
LeMans	1	-159.17934	138.9321
LeMans	1	-159.57642	139.42993
LeMans	1	-159.97215	139.92603
LeMans	1	-160.36647	140.42036
LeMans	1	-160.75946	140.91301
LeMans	1	-161.15112	141.40398
LeMans	1	-161.54146	141.89323
LeMans	1	-161.93039	142.38072
LeMans	1	-162.31798	142.86652
LeMans	1	-162.70427	143.35062
LeMans	1	-163.0892	143.83301
LeMans	1	-163.4728	144.31372
LeMans	1	-163.85504	144.79272
LeMans	1	-164.23595	145.27002
LeMans	1	-164.61554	145.74564
LeMans	1	-164.99379	146.21954
LeMans	1	-165.37068	146.69176
LeMans	1	-165.74626	147.16226
LeMans	1	-166.12053	147.63112
LeMans	1	-166.49345	148.09828
LeMans	1	-166.86511	148.56383
LeMans	1	-167.23544	149.0277
LeMans	1	-167.60443	149.48988
LeMans	1	-167.97217	149.95044
LeMans	1	-168.33861	150.40936
LeMans	1	-168.7037	150.86664
LeMans	1	-169.06755	151.32224
LeMans	1	-169.42899	151.77487
LeMans	1	-169.78589	152.22177
LeMans	1	-170.13821	152.66295
LeMans	1	-170.48697	153.09958
LeMans	1	-170.83252	153.53215
LeMans	1	-171.17477	153.96063
LeMans	1	-171.51363	154.3848
LeMans	1	-171.84897	154.8046
LeMans	1	-172.18066	155.21979
LeMans	1	-172.5085	155.63013
LeMans	1	-172.83232	156.0354
LeMans	1	-173.15189	156.43536
LeMans	1	-173.46696	156.82974
LeMans	1	-173.77765	157.21854
LeMans	1	-174.0837	157.60153
LeMans	1	-174.38512	157.9787
LeMans	1	-174.68175	158.34985
LeMans	1	-174.97366	158.71509
LeMans	1	-175.26077	159.07433
LeMans	1	-175.54312	159.42758
LeMans	1	-175.82066	159.77481
LeMans	1	-176.09357	160.11618
LeMans	1	-176.36166	160.45152
LeMans	1	-176.62503	160.781
LeMans	1	-176.88373	161.10455
LeMans	1	-177.13803	161.42264
LeMans	1	-177.3896	161.73729
LeMans	1	-177.64003	162.05046
LeMans	1	-177.88826	162.3609
LeMans	1	-178.13445	162.6688
LeMans	1	-178.37852	162.97403
LeMans	1	-178.62102	163.27724
LeMans	1	-178.86185	163.5784
LeMans	1	-179.10136	163.8779
LeMans	1	-179.33958	164.17574
LeMans	1	-179.57652	164.47195
LeMans	1	-179.81238	164.7668
LeMans	1	-180.04712	165.0602
LeMans	1	-180.281	165.35254
LeMans	1	-180.51398	165.6437
LeMans	1	-180.74623	165.93396
LeMans	1	-180.97789	166.22314
LeMans	1	-181.2106	166.51007
LeMans	1	-181.44582	166.79373
LeMans	1	-181.6833	167.07397
LeMans	1	-181.92287	167.35144
LeMans	1	-182.16374	167.62628
LeMans	1	-182.4056	167.89903
LeMans	1	-182.64738	168.17041
LeMans	1	-182.88799	168.44135
LeMans	1	-183.12656	168.71265
LeMans	1	-183.36223	168.9848
LeMans	1	-183.5946	169.25839
LeMans	1	-183.82298	169.53355
LeMans	1	-184.04689	169.81117
LeMans	1	-184.26666	170.09285
LeMans	1	-184.48445	170.37991
LeMans	1	-184.70218	170.67273
LeMans	1	-184.92091	170.97067
LeMans	1	-185.14113	171.27316
LeMans	1	-185.36287	171.57954
LeMans	1	-185.58615	171.89008
LeMans	1	-185.81119	172.2051
LeMans	1	-186.03757	172.52403
LeMans	1	-186.26396	172.84494
LeMans	1	-186.48933	173.16483
LeMans	1	-186.71361	173.4834
LeMans	1	-186.93773	173.8012
LeMans	1	-187.16164	174.11855
LeMans	1	-187.38535	174.43541
LeMans	1	-187.60872	174.75168
LeMans	1	-187.8319	175.06728
LeMans	1	-188.05463	175.38206
LeMans	1	-188.277	175.69594
LeMans	1	-188.49876	176.00868
LeMans	1	-188.71994	176.32024
LeMans	1	-188.93987	176.62996
LeMans	1	-189.16127	176.93954
LeMans	1	-189.38821	177.24962
LeMans	1	-189.62155	177.55884
LeMans	1	-189.85995	177.8674
LeMans	1	-190.1026	178.1754
LeMans	1	-190.34859	178.48279
LeMans	1	-190.59695	178.789
LeMans	1	-190.84566	179.0937
LeMans	1	-191.09271	179.39719
LeMans	1	-191.337	179.7007
LeMans	1	-191.57756	180.00569
LeMans	1	-191.81337	180.31319
LeMans	1	-192.04259	180.62486
LeMans	1	-192.26387	180.9415
LeMans	1	-192.47754	181.26253
LeMans	1	-192.68591	181.58568
LeMans	1	-192.89163	181.90878
LeMans	1	-193.09535	182.23117
LeMans	1	-193.2972	182.55261
LeMans	1	-193.49724	182.87305
LeMans	1	-193.69551	183.19241
LeMans	1	-193.89218	183.51074
LeMans	1	-194.08734	183.82796
LeMans	1	-194.28113	184.14407
LeMans	1	-194.4736	184.45898
LeMans	1	-194.66484	184.77275
LeMans	1	-194.85486	185.08534
LeMans	1	-195.04378	185.39699
LeMans	1	-195.23221	185.70871
LeMans	1	-195.42113	186.02193
LeMans	1	-195.61148	186.33777
LeMans	1	-195.80363	186.65652
LeMans	1	-195.99701	186.97734
LeMans	1	-196.19176	187.30023
LeMans	1	-196.39052	187.62459
LeMans	1	-196.59628	187.94862
LeMans	1	-196.80875	188.27173
LeMans	1	-197.0252	188.59253
LeMans	1	-197.24333	188.91017
LeMans	1	-197.46234	189.22542
LeMans	1	-197.68167	189.53937
LeMans	1	-197.9002	189.85286
LeMans	1	-198.11667	190.16682
LeMans	1	-198.32982	190.48195
LeMans	1	-198.53874	190.7989
LeMans	1	-198.7419	191.11852
LeMans	1	-198.9369	191.44225
LeMans	1	-199.12386	191.7697
LeMans	1	-199.30577	192.09846
LeMans	1	-199.4846	192.42722
LeMans	1	-199.66095	192.75537
LeMans	1	-199.83505	193.08261
LeMans	1	-200.00711	193.4089
LeMans	1	-200.17717	193.7342
LeMans	1	-200.34544	194.0586
LeMans	1	-200.51189	194.38179
LeMans	1	-200.67671	194.70393
LeMans	1	-200.84004	195.02496
LeMans	1	-201.00212	195.34473
LeMans	1	-201.16496	195.66222
LeMans	1	-201.33304	195.97511
LeMans	1	-201.50606	196.28375
LeMans	1	-201.68164	196.58931
LeMans	1	-201.8585	196.8925
LeMans	1	-202.03593	197.19366
LeMans	1	-202.2134	197.49309
LeMans	1	-202.39056	197.79095
LeMans	1	-202.56705	198.0875
LeMans	1	-202.74234	198.38304
LeMans	1	-202.91582	198.67801
LeMans	1	-203.08687	198.97281
LeMans	1	-203.25484	199.26785
LeMans	1	-203.4186	199.56384
LeMans	1	-203.57721	199.86136
LeMans	1	-203.72922	200.16121
LeMans	1	-203.8712	200.46486
LeMans	1	-204.00432	200.77106
LeMans	1	-204.1315	201.07799
LeMans	1	-204.25432	201.38498
LeMans	1	-204.37418	201.69135
LeMans	1	-204.49292	201.99623
LeMans	1	-204.61427	202.29816
LeMans	1	-204.73824	202.5972
LeMans	1	-204.86359	202.89392
LeMans	1	-204.98788	203.18973
LeMans	1	-205.10663	203.48647
LeMans	1	-205.21896	203.7842
LeMans	1	-205.32533	204.0826
LeMans	1	-205.42711	204.38109
LeMans	1	-205.52507	204.67935
LeMans	1	-205.6198	204.97719
LeMans	1	-205.71248	205.27408
LeMans	1	-205.80603	205.56886
LeMans	1	-205.90475	205.86015
LeMans	1	-206.0079	206.14847
LeMans	1	-206.113	206.43472
LeMans	1	-206.21867	206.71939
LeMans	1	-206.32423	207.00267
LeMans	1	-206.42896	207.2848
LeMans	1	-206.53244	207.56592
LeMans	1	-206.63452	207.84608
LeMans	1	-206.7349	208.12549
LeMans	1	-206.83337	208.4043
LeMans	1	-206.92972	208.68271
LeMans	1	-207.0235	208.96077
LeMans	1	-207.11461	209.23863
LeMans	1	-207.20277	209.51646
LeMans	1	-207.2876	209.79424
LeMans	1	-207.36893	210.072
LeMans	1	-207.4464	210.34985
LeMans	1	-207.51907	210.62817
LeMans	1	-207.58504	210.90738
LeMans	1	-207.64085	211.18834
LeMans	1	-207.68542	211.47038
LeMans	1	-207.72008	211.7525
LeMans	1	-207.74567	212.03418
LeMans	1	-207.76248	212.31502
LeMans	1	-207.77081	212.59467
LeMans	1	-207.77094	212.8728
LeMans	1	-207.76335	213.14903
LeMans	1	-207.75056	213.42316
LeMans	1	-207.73407	213.6942
LeMans	1	-207.71437	213.96257
LeMans	1	-207.69177	214.22847
LeMans	1	-207.66669	214.492
LeMans	1	-207.63939	214.75325
LeMans	1	-207.6101	215.01242
LeMans	1	-207.57906	215.2695
LeMans	1	-207.54634	215.52492
LeMans	1	-207.51213	215.77989
LeMans	1	-207.47636	216.03593
LeMans	1	-207.43904	216.29494
LeMans	1	-207.39996	216.55807
LeMans	1	-207.35934	216.82562
LeMans	1	-207.3172	217.09752
LeMans	1	-207.27371	217.37367
LeMans	1	-207.22964	217.65416
LeMans	1	-207.18709	217.93883
LeMans	1	-207.14832	218.2254
LeMans	1	-207.11374	218.51091
LeMans	1	-207.0831	218.79538
LeMans	1	-207.05838	219.07997
LeMans	1	-207.03513	219.36464
LeMans	1	-207.01161	219.64894
LeMans	1	-206.98738	219.9328
LeMans	1	-206.96219	220.21599
LeMans	1	-206.93565	220.49829
LeMans	1	-206.90744	220.7796
LeMans	1	-206.87674	221.05963
LeMans	1	-206.84229	221.33813
LeMans	1	-206.80266	221.61485
LeMans	1	-206.75568	221.88933
LeMans	1	-206.69804	222.16078
LeMans	1	-206.63156	222.42886
LeMans	1	-206.55737	222.69342
LeMans	1	-206.4773	222.95438
LeMans	1	-206.39377	223.2122
LeMans	1	-206.30751	223.46709
LeMans	1	-206.21884	223.7192
LeMans	1	-206.12779	223.96959
LeMans	1	-206.03401	224.22005
LeMans	1	-205.93733	224.47214
LeMans	1	-205.83617	224.7275
LeMans	1	-205.732	224.98712
LeMans	1	-205.62535	225.25021
LeMans	1	-205.51663	225.51689
LeMans	1	-205.40565	225.78654
LeMans	1	-205.2928	226.0582
LeMans	1	-205.1788	226.33128
LeMans	1	-205.06439	226.60437
LeMans	1	-204.95029	226.87685
LeMans	1	-204.8356	227.14453
LeMans	1	-204.71986	227.41072
LeMans	1	-204.6008	227.67871
LeMans	1	-204.47935	227.93816
LeMans	1	-204.35547	228.2014
LeMans	1	-204.2293	228.46707
LeMans	1	-204.10571	228.7273
LeMans	1	-203.9818	228.99037
LeMans	1	-203.85724	229.25854
LeMans	1	-203.73654	229.52023
LeMans	1	-203.61716	229.78296
LeMans	1	-203.49986	230.04906
LeMans	1	-203.38791	230.30469
LeMans	1	-203.27701	230.5623
LeMans	1	-203.16992	230.81647
LeMans	1	-203.0665	231.06386
LeMans	1	-202.96968	231.31642
LeMans	1	-202.8771	231.56673
LeMans	1	-202.7855	231.81242
LeMans	1	-202.69781	232.0633
LeMans	1	-202.61205	232.30878
LeMans	1	-202.5264	232.55038
LeMans	1	-202.44386	232.79633
LeMans	1	-202.3622	233.04347
LeMans	1	-202.27785	233.28642
LeMans	1	-202.19394	233.53394
LeMans	1	-202.10724	233.78162
LeMans	1	-202.01773	234.02623
LeMans	1	-201.92502	234.27031
LeMans	1	-201.83029	234.50786
LeMans	1	-201.73349	234.74188
LeMans	1	-201.62706	234.9736
LeMans	1	-201.51956	235.19658
LeMans	1	-201.40996	235.41743
LeMans	1	-201.2936	235.63562
LeMans	1	-201.18024	235.84773
LeMans	1	-201.0667	236.05945
LeMans	1	-200.95216	236.26913
LeMans	1	-200.83844	236.47629
LeMans	1	-200.7259	236.68054
LeMans	1	-200.61217	236.88333
LeMans	1	-200.49974	237.08653
LeMans	1	-200.39153	237.28554
LeMans	1	-200.28615	237.48692
LeMans	1	-200.18597	237.69185
LeMans	1	-200.08646	237.89279
LeMans	1	-199.99034	238.09418
LeMans	1	-199.8965	238.29652
LeMans	1	-199.80247	238.49721
LeMans	1	-199.70636	238.69339
LeMans	1	-199.60867	238.88896
LeMans	1	-199.50706	239.08345
LeMans	1	-199.39963	239.27158
LeMans	1	-199.2864	239.45648
LeMans	1	-199.16713	239.63708
LeMans	1	-199.04276	239.8134
LeMans	1	-198.91328	239.98595
LeMans	1	-198.78438	240.15619
LeMans	1	-198.65517	240.32422
LeMans	1	-198.52515	240.48886
LeMans	1	-198.39594	240.65193
LeMans	1	-198.26692	240.81313
LeMans	1	-198.13766	240.97296
LeMans	1	-198.00969	241.13054
LeMans	1	-197.88065	241.28636
LeMans	1	-197.75189	241.44096
LeMans	1	-197.62299	241.59477
LeMans	1	-197.49197	241.74883
LeMans	1	-197.35748	241.90402
LeMans	1	-197.22011	242.06113
LeMans	1	-197.08025	242.22089
LeMans	1	-196.93877	242.38322
LeMans	1	-196.7952	242.54755
LeMans	1	-196.64893	242.71397
LeMans	1	-196.50006	242.88292
LeMans	1	-196.34802	243.0545
LeMans	1	-196.19379	243.22859
LeMans	1	-196.03748	243.40593
LeMans	1	-195.8785	243.58626
LeMans	1	-195.71819	243.76765
LeMans	1	-195.55745	243.949
LeMans	1	-195.39743	244.13002
LeMans	1	-195.23732	244.31169
LeMans	1	-195.07745	244.49326
LeMans	1	-194.91803	244.6747
LeMans	1	-194.75903	244.85596
LeMans	1	-194.60051	245.03699
LeMans	1	-194.44254	245.21759
LeMans	1	-194.28535	245.3976
LeMans	1	-194.12907	245.5771
LeMans	1	-193.9737	245.75586
LeMans	1	-193.81926	245.9337
LeMans	1	-193.66573	246.11053
LeMans	1	-193.5132	246.28632
LeMans	1	-193.36168	246.46095
LeMans	1	-193.21117	246.63449
LeMans	1	-193.06172	246.80685
LeMans	1	-192.91322	246.97807
LeMans	1	-192.7657	247.14822
LeMans	1	-192.61911	247.31726
LeMans	1	-192.47343	247.48523
LeMans	1	-192.32864	247.65216
LeMans	1	-192.18471	247.81815
LeMans	1	-192.04164	247.9831
LeMans	1	-191.89941	248.14711
LeMans	1	-191.75798	248.31013
LeMans	1	-191.61732	248.47226
LeMans	1	-191.47722	248.63374
LeMans	1	-191.3366	248.79587
LeMans	1	-191.19434	248.95985
LeMans	1	-191.05	249.12619
LeMans	1	-190.9037	249.29474
LeMans	1	-190.75581	249.4652
LeMans	1	-190.60628	249.63751
LeMans	1	-190.4554	249.81134
LeMans	1	-190.30412	249.98564
LeMans	1	-190.15338	250.15935
LeMans	1	-190.00348	250.33203
LeMans	1	-189.8542	250.50398
LeMans	1	-189.70538	250.67534
LeMans	1	-189.55707	250.84619
LeMans	1	-189.40907	251.01656
LeMans	1	-189.2615	251.1865
LeMans	1	-189.11449	251.35577
LeMans	1	-188.96819	251.52423
LeMans	1	-188.82256	251.69186
LeMans	1	-188.67767	251.85864
LeMans	1	-188.53362	252.02444
LeMans	1	-188.38992	252.18872
LeMans	1	-188.24521	252.35027
LeMans	1	-188.09879	252.50873
LeMans	1	-187.95003	252.66533
LeMans	1	-187.79814	252.82123
LeMans	1	-187.64278	252.97646
LeMans	1	-187.48447	253.1314
LeMans	1	-187.32388	253.28627
LeMans	1	-187.16222	253.44176
LeMans	1	-187.00093	253.59807
LeMans	1	-186.84169	253.7554
LeMans	1	-186.68558	253.91408
LeMans	1	-186.53326	254.07475
LeMans	1	-186.38562	254.23878
LeMans	1	-186.24344	254.40724
LeMans	1	-186.10544	254.57878
LeMans	1	-185.9671	254.74886
LeMans	1	-185.82658	254.91556
LeMans	1	-185.68405	255.0789
LeMans	1	-185.5405	255.23967
LeMans	1	-185.39665	255.39848
LeMans	1	-185.25308	255.5558
LeMans	1	-185.11018	255.712
LeMans	1	-184.96883	255.8679
LeMans	1	-184.82994	256.02444
LeMans	1	-184.69461	256.18256
LeMans	1	-184.56386	256.34323
LeMans	1	-184.43954	256.50836
LeMans	1	-184.32202	256.6782
LeMans	1	-184.21107	256.85205
LeMans	1	-184.10306	257.02637
LeMans	1	-183.99306	257.19675
LeMans	1	-183.88046	257.3628
LeMans	1	-183.76683	257.52615
LeMans	1	-183.65318	257.68796
LeMans	1	-183.54074	257.84924
LeMans	1	-183.43123	258.01132
LeMans	1	-183.32661	258.1755
LeMans	1	-183.23033	258.34378
LeMans	1	-183.14206	258.5155
LeMans	1	-183.05946	258.68887
LeMans	1	-182.98154	258.86316
LeMans	1	-182.90768	259.03775
LeMans	1	-182.83743	259.21234
LeMans	1	-182.77048	259.3867
LeMans	1	-182.7065	259.5607
LeMans	1	-182.64474	259.73557
LeMans	1	-182.58441	259.91254
LeMans	1	-182.52483	260.09235
LeMans	1	-182.46553	260.27518
LeMans	1	-182.40639	260.46118
LeMans	1	-182.34749	260.6503
LeMans	1	-182.28929	260.84262
LeMans	1	-182.23236	261.03836
LeMans	1	-182.17754	261.23773
LeMans	1	-182.12506	261.44077
LeMans	1	-182.07552	261.64642
LeMans	1	-182.02924	261.85287
LeMans	1	-181.98608	262.05917
LeMans	1	-181.94485	262.26477
LeMans	1	-181.90411	262.46942
LeMans	1	-181.86295	262.67288
LeMans	1	-181.82034	262.87506
LeMans	1	-181.77605	263.07593
LeMans	1	-181.72879	263.27563
LeMans	1	-181.67828	263.4737
LeMans	1	-181.62396	263.66974
LeMans	1	-181.5655	263.86368
LeMans	1	-181.50224	264.05542
LeMans	1	-181.43388	264.2451
LeMans	1	-181.36133	264.43243
LeMans	1	-181.28488	264.6173
LeMans	1	-181.2049	264.79974
LeMans	1	-181.12355	264.98044
LeMans	1	-181.04208	265.15985
LeMans	1	-180.96107	265.33786
LeMans	1	-180.88057	265.51428
LeMans	1	-180.80054	265.68918
LeMans	1	-180.72102	265.86258
LeMans	1	-180.64197	266.03467
LeMans	1	-180.5634	266.20535
LeMans	1	-180.48521	266.3748
LeMans	1	-180.40689	266.544
LeMans	1	-180.32791	266.71432
LeMans	1	-180.24808	266.88687
LeMans	1	-180.16743	267.06223
LeMans	1	-180.086	267.24014
LeMans	1	-180.0035	267.42038
LeMans	1	-179.92006	267.60294
LeMans	1	-179.83572	267.78793
LeMans	1	-179.75087	267.97455
LeMans	1	-179.66597	268.1616
LeMans	1	-179.58119	268.34836
LeMans	1	-179.49683	268.53464
LeMans	1	-179.41269	268.72037
LeMans	1	-179.32716	268.9049
LeMans	1	-179.23853	269.0877
LeMans	1	-179.14662	269.26868
LeMans	1	-179.05177	269.44827
LeMans	1	-178.95473	269.6274
LeMans	1	-178.85596	269.8072
LeMans	1	-178.75616	269.9884
LeMans	1	-178.65598	270.17184
LeMans	1	-178.55586	270.35837
LeMans	1	-178.4565	270.54834
LeMans	1	-178.35857	270.74203
LeMans	1	-178.26306	270.93997
LeMans	1	-178.17084	271.14276
LeMans	1	-178.08205	271.35025
LeMans	1	-177.99753	271.5608
LeMans	1	-177.91214	271.76984
LeMans	1	-177.82303	271.97556
LeMans	1	-177.73001	272.1783
LeMans	1	-177.6345	272.37912
LeMans	1	-177.53767	272.57874
LeMans	1	-177.44092	272.77768
LeMans	1	-177.34563	272.9766
LeMans	1	-177.25287	273.1759
LeMans	1	-177.16385	273.3761
LeMans	1	-177.08046	273.57803
LeMans	1	-177.00496	273.78244
LeMans	1	-176.93565	273.98834
LeMans	1	-176.8689	274.19394
LeMans	1	-176.80022	274.3972
LeMans	1	-176.72774	274.59717
LeMans	1	-176.65227	274.79416
LeMans	1	-176.57547	274.98895
LeMans	1	-176.49843	275.18204
LeMans	1	-176.42259	275.37405
LeMans	1	-176.3494	275.5656
LeMans	1	-176.28017	275.75732
LeMans	1	-176.21751	275.95038
LeMans	1	-176.16298	276.14545
LeMans	1	-176.11534	276.34204
LeMans	1	-176.07285	276.53943
LeMans	1	-176.0339	276.73685
LeMans	1	-175.99783	276.9339
LeMans	1	-175.96428	277.13028
LeMans	1	-175.93295	277.3257
LeMans	1	-175.90353	277.5201
LeMans	1	-175.8759	277.7133
LeMans	1	-175.84981	277.90515
LeMans	1	-175.82506	278.09662
LeMans	1	-175.8012	278.2903
LeMans	1	-175.7774	278.48816
LeMans	1	-175.7533	278.69073
LeMans	1	-175.72922	278.8979
LeMans	1	-175.70535	279.10934
LeMans	1	-175.68198	279.32483
LeMans	1	-175.65907	279.54416
LeMans	1	-175.63658	279.76672
LeMans	1	-175.6145	279.99112
LeMans	1	-175.59311	280.21597
LeMans	1	-175.57146	280.44028
LeMans	1	-175.5497	280.6637
LeMans	1	-175.5278	280.88672
LeMans	1	-175.50586	281.10947
LeMans	1	-175.48386	281.33176
LeMans	1	-175.46178	281.55362
LeMans	1	-175.4396	281.7749
LeMans	1	-175.41736	281.99545
LeMans	1	-175.39499	282.21512
LeMans	1	-175.3725	282.43375
LeMans	1	-175.34988	282.6512
LeMans	1	-175.327	282.8674
LeMans	1	-175.30151	283.08234
LeMans	1	-175.27168	283.29733
LeMans	1	-175.23782	283.5139
LeMans	1	-175.20044	283.73248
LeMans	1	-175.15974	283.95285
LeMans	1	-175.11574	284.1747
LeMans	1	-175.06927	284.39786
LeMans	1	-175.02205	284.62125
LeMans	1	-174.97636	284.84305
LeMans	1	-174.9336	285.06348
LeMans	1	-174.8947	285.28333
LeMans	1	-174.86084	285.50327
LeMans	1	-174.83405	285.72385
LeMans	1	-174.81439	285.945
LeMans	1	-174.80087	286.1664
LeMans	1	-174.79037	286.38733
LeMans	1	-174.77675	286.6068
LeMans	1	-174.75804	286.82443
LeMans	1	-174.7348	287.0402
LeMans	1	-174.70888	287.25418
LeMans	1	-174.68187	287.46658
LeMans	1	-174.6553	287.67758
LeMans	1	-174.63072	287.88742
LeMans	1	-174.6094	288.09637
LeMans	1	-174.59286	288.3049
LeMans	1	-174.58406	288.5134
LeMans	1	-174.58281	288.72165
LeMans	1	-174.58774	288.92944
LeMans	1	-174.59653	289.13644
LeMans	1	-174.60794	289.34238
LeMans	1	-174.62152	289.5471
LeMans	1	-174.63692	289.75043
LeMans	1	-174.65387	289.9523
LeMans	1	-174.67201	290.15332
LeMans	1	-174.69142	290.3558
LeMans	1	-174.712	290.5611
LeMans	1	-174.7337	290.7695
LeMans	1	-174.75638	290.9808
LeMans	1	-174.77995	291.19495
LeMans	1	-174.80435	291.41196
LeMans	1	-174.82944	291.63184
LeMans	1	-174.85521	291.85477
LeMans	1	-174.88156	292.08084
LeMans	1	-174.9083	292.31012
LeMans	1	-174.93526	292.5419
LeMans	1	-174.96234	292.77463
LeMans	1	-174.98936	293.00726
LeMans	1	-175.01619	293.23877
LeMans	1	-175.0429	293.46973
LeMans	1	-175.06949	293.70023
LeMans	1	-175.096	293.93024
LeMans	1	-175.1223	294.15973
LeMans	1	-175.14839	294.38858
LeMans	1	-175.17418	294.61664
LeMans	1	-175.1996	294.84378
LeMans	1	-175.22469	295.0699
LeMans	1	-175.24937	295.29483
LeMans	1	-175.27367	295.51855
LeMans	1	-175.29759	295.74094
LeMans	1	-175.32129	295.96252
LeMans	1	-175.34496	296.1852
LeMans	1	-175.36859	296.4101
LeMans	1	-175.39218	296.63702
LeMans	1	-175.41568	296.86566
LeMans	1	-175.43822	297.09598
LeMans	1	-175.45674	297.32797
LeMans	1	-175.47052	297.56094
LeMans	1	-175.48042	297.7936
LeMans	1	-175.48727	298.0251
LeMans	1	-175.49187	298.2554
LeMans	1	-175.49554	298.48483
LeMans	1	-175.49968	298.71332
LeMans	1	-175.5056	298.9409
LeMans	1	-175.5143	299.16745
LeMans	1	-175.52657	299.39285
LeMans	1	-175.5432	299.6171
LeMans	1	-175.56613	299.83997
LeMans	1	-175.59615	300.0613
LeMans	1	-175.63066	300.2811
LeMans	1	-175.66759	300.49945
LeMans	1	-175.7063	300.7167
LeMans	1	-175.74611	300.93213
LeMans	1	-175.78679	301.14612
LeMans	1	-175.82808	301.3593
LeMans	1	-175.87015	301.57336
LeMans	1	-175.9133	301.78983
LeMans	1	-175.95755	302.00928
LeMans	1	-176.00288	302.23193
LeMans	1	-176.04924	302.45767
LeMans	1	-176.09642	302.68652
LeMans	1	-176.1444	302.91858
LeMans	1	-176.1931	303.15375
LeMans	1	-176.24254	303.3922
LeMans	1	-176.29245	303.63382
LeMans	1	-176.34264	303.8774
LeMans	1	-176.39287	304.12146
LeMans	1	-176.44302	304.36554
LeMans	1	-176.49295	304.60925
LeMans	1	-176.54259	304.85214
LeMans	1	-176.59213	305.0945
LeMans	1	-176.64142	305.33652
LeMans	1	-176.69049	305.57788
LeMans	1	-176.7392	305.81854
LeMans	1	-176.78755	306.0583
LeMans	1	-176.83574	306.29736
LeMans	1	-176.88403	306.53745
LeMans	1	-176.93279	306.7806
LeMans	1	-176.98209	307.02774
LeMans	1	-177.03194	307.27853
LeMans	1	-177.08237	307.5328
LeMans	1	-177.13301	307.7904
LeMans	1	-177.1832	308.05118
LeMans	1	-177.23088	308.31583
LeMans	1	-177.27629	308.5833
LeMans	1	-177.32048	308.8505
LeMans	1	-177.36482	309.11603
LeMans	1	-177.41052	309.37994
LeMans	1	-177.45865	309.64267
LeMans	1	-177.5104	309.9042
LeMans	1	-177.5633	310.16486
LeMans	1	-177.61719	310.4246
LeMans	1	-177.67029	310.68365
LeMans	1	-177.71986	310.9425
LeMans	1	-177.76439	311.20117
LeMans	1	-177.80504	311.45935
LeMans	1	-177.84274	311.7167
LeMans	1	-177.87866	311.97287
LeMans	1	-177.91428	312.22757
LeMans	1	-177.95084	312.48053
LeMans	1	-177.98947	312.73157
LeMans	1	-178.03111	312.98053
LeMans	1	-178.07666	313.22733
LeMans	1	-178.1281	313.47168
LeMans	1	-178.18613	313.71356
LeMans	1	-178.24802	313.95328
LeMans	1	-178.31221	314.1911
LeMans	1	-178.3779	314.42725
LeMans	1	-178.44464	314.66168
LeMans	1	-178.51202	314.89447
LeMans	1	-178.57983	315.12576
LeMans	1	-178.64822	315.35666
LeMans	1	-178.71774	315.5893
LeMans	1	-178.78867	315.82504
LeMans	1	-178.86105	316.0645
LeMans	1	-178.93489	316.30792
LeMans	1	-179.01013	316.55518
LeMans	1	-179.08694	316.80606
LeMans	1	-179.16531	317.06067
LeMans	1	-179.24535	317.31894
LeMans	1	-179.32703	317.58096
LeMans	1	-179.40991	317.84738
LeMans	1	-179.49403	318.1187
LeMans	1	-179.57945	318.39493
LeMans	1	-179.66624	318.67612
LeMans	1	-179.75447	318.96225
LeMans	1	-179.84418	319.25348
LeMans	1	-179.93526	319.5497
LeMans	1	-180.02763	319.8508
LeMans	1	-180.12144	320.15686
LeMans	1	-180.21669	320.4679
LeMans	1	-180.31345	320.78403
LeMans	1	-180.41173	321.10547
LeMans	1	-180.51152	321.4322
LeMans	1	-180.61287	321.7643
LeMans	1	-180.71574	322.10184
LeMans	1	-180.82013	322.4447
LeMans	1	-180.92615	322.79297
LeMans	1	-181.03372	323.1467
LeMans	1	-181.14323	323.5068
LeMans	1	-181.25456	323.873
LeMans	1	-181.3676	324.24475
LeMans	1	-181.48235	324.62207
LeMans	1	-181.5988	325.00507
LeMans	1	-181.71701	325.3938
LeMans	1	-181.83678	325.7875
LeMans	1	-181.95767	326.18478
LeMans	1	-182.07956	326.5851
LeMans	1	-182.20247	326.9887
LeMans	1	-182.32626	327.3953
LeMans	1	-182.45099	327.805
LeMans	1	-182.57726	328.2196
LeMans	1	-182.70523	328.6397
LeMans	1	-182.83546	329.06522
LeMans	1	-182.9694	329.49542
LeMans	1	-183.10715	329.93036
LeMans	1	-183.248	330.37003
LeMans	1	-183.39085	330.815
LeMans	1	-183.53418	331.26562
LeMans	1	-183.67735	331.72223
LeMans	1	-183.82153	332.18448
LeMans	1	-183.96756	332.65155
LeMans	1	-184.11497	333.12256
LeMans	1	-184.26276	333.5975
LeMans	1	-184.409	334.07748
LeMans	1	-184.55513	334.5628
LeMans	1	-184.70114	335.05414
LeMans	1	-184.84732	335.5508
LeMans	1	-184.99463	336.05322
LeMans	1	-185.14357	336.56128
LeMans	1	-185.29437	337.07495
LeMans	1	-185.4471	337.5943
LeMans	1	-185.60167	338.11945
LeMans	1	-185.75775	338.65
LeMans	1	-185.91512	339.18533
LeMans	1	-186.0737	339.72534
LeMans	1	-186.2336	340.2698
LeMans	1	-186.39474	340.81894
LeMans	1	-186.55707	341.3722
LeMans	1	-186.72072	341.92975
LeMans	1	-186.88583	342.49222
LeMans	1	-187.05252	343.06003
LeMans	1	-187.22081	343.6335
LeMans	1	-187.39082	344.21277
LeMans	1	-187.56252	344.79797
LeMans	1	-187.73595	345.38916
LeMans	1	-187.9111	345.98645
LeMans	1	-188.08784	346.5893
LeMans	1	-188.26608	347.1974
LeMans	1	-188.44572	347.81042
LeMans	1	-188.62677	348.4284
LeMans	1	-188.80922	349.05118
LeMans	1	-188.99306	349.679
LeMans	1	-189.1783	350.31165
LeMans	1	-189.36497	350.94928
LeMans	1	-189.55273	351.5921
LeMans	1	-189.74062	352.2405
LeMans	1	-189.92825	352.89438
LeMans	1	-190.11412	353.55334
LeMans	1	-190.29718	354.21848
LeMans	1	-190.47826	354.88983
LeMans	1	-190.65918	355.5675
LeMans	1	-190.84187	356.25085
LeMans	1	-191.02815	356.93967
LeMans	1	-191.21973	357.63364
LeMans	1	-191.41646	358.3325
LeMans	1	-191.61847	359.03598
LeMans	1	-191.82458	359.7438
LeMans	1	-192.03386	360.456
LeMans	1	-192.24576	361.17245
LeMans	1	-192.46019	361.89264
LeMans	1	-192.67754	362.6164
LeMans	1	-192.89728	363.34396
LeMans	1	-193.11874	364.07568
LeMans	1	-193.34145	364.8117
LeMans	1	-193.5651	365.5523
LeMans	1	-193.7897	366.29764
LeMans	1	-194.01543	367.04785
LeMans	1	-194.2424	367.80304
LeMans	1	-194.47072	368.5634
LeMans	1	-194.70044	369.32877
LeMans	1	-194.93167	370.09933
LeMans	1	-195.16437	370.87512
LeMans	1	-195.39853	371.65616
LeMans	1	-195.63416	372.4425
LeMans	1	-195.8714	373.23413
LeMans	1	-196.11038	374.03088
LeMans	1	-196.35124	374.8326
LeMans	1	-196.5934	375.63943
LeMans	1	-196.83678	376.45132
LeMans	1	-197.08115	377.26773
LeMans	1	-197.32625	378.08957
LeMans	1	-197.57028	378.9158
LeMans	1	-197.80992	379.7475
LeMans	1	-198.04597	380.58582
LeMans	1	-198.28006	381.42975
LeMans	1	-198.51396	382.2778
LeMans	1	-198.74974	383.12976
LeMans	1	-198.98932	383.98526
LeMans	1	-199.23355	384.84485
LeMans	1	-199.48483	385.7053
LeMans	1	-199.74309	386.56766
LeMans	1	-200.00685	387.4336
LeMans	1	-200.2747	388.30377
LeMans	1	-200.54552	389.17844
LeMans	1	-200.81871	390.05768
LeMans	1	-201.0941	390.9414
LeMans	1	-201.37132	391.8296
LeMans	1	-201.65022	392.72284
LeMans	1	-201.9306	393.6199
LeMans	1	-202.2122	394.52066
LeMans	1	-202.49522	395.4255
LeMans	1	-202.77904	396.3329
LeMans	1	-203.064	397.2438
LeMans	1	-203.34991	398.15753
LeMans	1	-203.63667	399.07428
LeMans	1	-203.92487	399.9955
LeMans	1	-204.21468	400.9219
LeMans	1	-204.50558	401.85284
LeMans	1	-204.79744	402.78793
LeMans	1	-205.09027	403.72684
LeMans	1	-205.38443	404.6697
LeMans	1	-205.67992	405.61676
LeMans	1	-205.97672	406.56796
LeMans	1	-206.27466	407.52338
LeMans	1	-206.57382	408.48288
LeMans	1	-206.87395	409.4467
LeMans	1	-207.17538	410.41464
LeMans	1	-207.48041	411.38586
LeMans	1	-207.7898	412.3601
LeMans	1	-208.10333	413.3374
LeMans	1	-208.42017	414.31796
LeMans	1	-208.73915	415.30222
LeMans	1	-209.05887	416.29053
LeMans	1	-209.37816	417.28326
LeMans	1	-209.69609	418.28073
LeMans	1	-210.01123	419.28336
LeMans	1	-210.3232	420.29022
LeMans	1	-210.63403	421.29742
LeMans	1	-210.94392	422.30258
LeMans	1	-211.25189	423.30612
LeMans	1	-211.55846	424.30893
LeMans	1	-211.86415	425.31104
LeMans	1	-212.1693	426.31226
LeMans	1	-212.47398	427.31226
LeMans	1	-212.7782	428.31082
LeMans	1	-213.08186	429.30762
LeMans	1	-213.38506	430.3028
LeMans	1	-213.68767	431.29602
LeMans	1	-213.98962	432.2871
LeMans	1	-214.2908	433.27573
LeMans	1	-214.5912	434.26184
LeMans	1	-214.89081	435.24527
LeMans	1	-215.18953	436.22574
LeMans	1	-215.48741	437.20355
LeMans	1	-215.78448	438.17865
LeMans	1	-216.08073	439.15103
LeMans	1	-216.37611	440.12067
LeMans	1	-216.67062	441.08755
LeMans	1	-216.96428	442.05176
LeMans	1	-217.25711	443.01328
LeMans	1	-217.54915	443.97226
LeMans	1	-217.84048	444.92877
LeMans	1	-218.13104	445.88297
LeMans	1	-218.42084	446.83463
LeMans	1	-218.70982	447.78378
LeMans	1	-218.99806	448.7304
LeMans	1	-219.28552	449.6746
LeMans	1	-219.57222	450.61633
LeMans	1	-219.85823	451.55585
LeMans	1	-220.14352	452.493
LeMans	1	-220.42804	453.42767
LeMans	1	-220.71184	454.35992
LeMans	1	-220.99486	455.28976
LeMans	1	-221.27708	456.2171
LeMans	1	-221.5586	457.14203
LeMans	1	-221.83937	458.06467
LeMans	1	-222.11943	458.98502
LeMans	1	-222.39874	459.90298
LeMans	1	-222.67732	460.81857
LeMans	1	-222.95514	461.73175
LeMans	1	-223.23221	462.64258
LeMans	1	-223.50848	463.5509
LeMans	1	-223.78432	464.45776
LeMans	1	-224.05919	465.36154
LeMans	1	-224.33336	466.263
LeMans	1	-224.60675	467.16202
LeMans	1	-224.87943	468.05875
LeMans	1	-225.15134	468.95306
LeMans	1	-225.42252	469.845
LeMans	1	-225.69296	470.73465
LeMans	1	-225.9627	471.622
LeMans	1	-226.23174	472.5071
LeMans	1	-226.50014	473.39014
LeMans	1	-226.76775	474.2707
LeMans	1	-227.0346	475.14886
LeMans	1	-227.30075	476.0247
LeMans	1	-227.56613	476.89807
LeMans	1	-227.83015	477.76703
LeMans	1	-228.09196	478.6288
LeMans	1	-228.35165	479.4835
LeMans	1	-228.60947	480.33212
LeMans	1	-228.86552	481.17517
LeMans	1	-229.11986	482.0126
LeMans	1	-229.37238	482.8442
LeMans	1	-229.62311	483.66995
LeMans	1	-229.87195	484.48956
LeMans	1	-230.11882	485.30276
LeMans	1	-230.3637	486.10928
LeMans	1	-230.60638	486.9088
LeMans	1	-230.84679	487.70096
LeMans	1	-231.08492	488.4857
LeMans	1	-231.3207	489.26276
LeMans	1	-231.5541	490.03217
LeMans	1	-231.78516	490.79382
LeMans	1	-232.01381	491.54773
LeMans	1	-232.24007	492.29388
LeMans	1	-232.46391	493.03223
LeMans	1	-232.68538	493.76273
LeMans	1	-232.90443	494.48535
LeMans	1	-233.1211	495.20023
LeMans	1	-233.33537	495.90732
LeMans	1	-233.5473	496.60678
LeMans	1	-233.75691	497.29868
LeMans	1	-233.96425	497.983
LeMans	1	-234.16936	498.66
LeMans	1	-234.37216	499.32965
LeMans	1	-234.5728	499.99197
LeMans	1	-234.77122	500.64706
LeMans	1	-234.96747	501.2951
LeMans	1	-235.1623	501.93835
LeMans	1	-235.35628	502.57883
LeMans	1	-235.54898	503.215
LeMans	1	-235.74016	503.84625
LeMans	1	-235.92982	504.47256
LeMans	1	-236.1181	505.0943
LeMans	1	-236.30507	505.71167
LeMans	1	-236.49081	506.32507
LeMans	1	-236.67543	506.93484
LeMans	1	-236.85907	507.54135
LeMans	1	-237.04185	508.14508
LeMans	1	-237.22386	508.7464
LeMans	1	-237.4052	509.34543
LeMans	1	-237.58583	509.94232
LeMans	1	-237.76587	510.5373
LeMans	1	-237.94534	511.13025
LeMans	1	-238.1242	511.7214
LeMans	1	-238.30254	512.3108
LeMans	1	-238.48029	512.89825
LeMans	1	-238.65747	513.484
LeMans	1	-238.83414	514.068
LeMans	1	-239.01022	514.65015
LeMans	1	-239.18578	515.2306
LeMans	1	-239.36078	515.80914
LeMans	1	-239.53519	516.38605
LeMans	1	-239.70903	516.9609
LeMans	1	-239.88226	517.5338
LeMans	1	-240.05486	518.10474
LeMans	1	-240.22685	518.6737
LeMans	1	-240.39822	519.2406
LeMans	1	-240.56894	519.8054
LeMans	1	-240.73898	520.3681
LeMans	1	-240.90839	520.9287
LeMans	1	-241.07712	521.4872
LeMans	1	-241.24521	522.0435
LeMans	1	-241.41267	522.5978
LeMans	1	-241.57948	523.14984
LeMans	1	-241.7456	523.6999
LeMans	1	-241.91109	524.24786
LeMans	1	-242.07593	524.7937
LeMans	1	-242.24017	525.3375
LeMans	1	-242.40378	525.87933
LeMans	1	-242.56676	526.41907
LeMans	1	-242.72911	526.9568
LeMans	1	-242.89085	527.49243
LeMans	1	-243.05197	528.02606
LeMans	1	-243.21243	528.5577
LeMans	1	-243.3723	529.0873
LeMans	1	-243.53154	529.61487
LeMans	1	-243.69016	530.14044
LeMans	1	-243.84811	530.664
LeMans	1	-244.00548	531.18555
LeMans	1	-244.1622	531.7051
LeMans	1	-244.31833	532.2227
LeMans	1	-244.47388	532.7383
LeMans	1	-244.62883	533.25195
LeMans	1	-244.78313	533.7637
LeMans	1	-244.93681	534.2733
LeMans	1	-245.08987	534.78107
LeMans	1	-245.24237	535.2868
LeMans	1	-245.39427	535.7907
LeMans	1	-245.54555	536.2925
LeMans	1	-245.69626	536.7924
LeMans	1	-245.84634	537.29047
LeMans	1	-245.99585	537.78656
LeMans	1	-246.14478	538.2807
LeMans	1	-246.29308	538.773
LeMans	1	-246.44081	539.26324
LeMans	1	-246.58792	539.75165
LeMans	1	-246.73448	540.23816
LeMans	1	-246.88034	540.7225
LeMans	1	-247.0245	541.2012
LeMans	1	-247.16638	541.67224
LeMans	1	-247.30634	542.13696
LeMans	1	-247.44476	542.5967
LeMans	1	-247.58171	543.05145
LeMans	1	-247.71704	543.5011
LeMans	1	-247.8508	543.9453
LeMans	1	-247.98286	544.38403
LeMans	1	-248.1132	544.81696
LeMans	1	-248.24165	545.2437
LeMans	1	-248.36818	545.6642
LeMans	1	-248.49268	546.0779
LeMans	1	-248.6151	546.4847
LeMans	1	-248.73537	546.88446
LeMans	1	-248.85353	547.27716
LeMans	1	-248.96953	547.66254
LeMans	1	-249.08333	548.0407
LeMans	1	-249.19485	548.4115
LeMans	1	-249.30421	548.7751
LeMans	1	-249.41136	549.1313
LeMans	1	-249.51634	549.4803
LeMans	1	-249.61916	549.8221
LeMans	1	-249.7207	550.1596
LeMans	1	-249.82175	550.49567
LeMans	1	-249.92188	550.82855
LeMans	1	-250.02107	551.15845
LeMans	1	-250.11938	551.48535
LeMans	1	-250.2169	551.8097
LeMans	1	-250.3137	552.13153
LeMans	1	-250.40982	552.4512
LeMans	1	-250.50526	552.76886
LeMans	1	-250.60013	553.0846
LeMans	1	-250.69443	553.39856
LeMans	1	-250.78824	553.71075
LeMans	1	-250.88159	554.02167
LeMans	1	-250.97455	554.3312
LeMans	1	-251.06717	554.6396
LeMans	1	-251.15945	554.9469
LeMans	1	-251.2514	555.2532
LeMans	1	-251.34305	555.5584
LeMans	1	-251.43439	555.8627
LeMans	1	-251.5254	556.16595
LeMans	1	-251.61613	556.46826
LeMans	1	-251.70659	556.7697
LeMans	1	-251.7971	557.0713
LeMans	1	-251.88821	557.375
LeMans	1	-251.97949	557.68286
LeMans	1	-252.0688	557.9963
LeMans	1	-252.15565	558.31494
LeMans	1	-252.24013	558.6384
LeMans	1	-252.32222	558.96564
LeMans	1	-252.40228	559.2932
LeMans	1	-252.4819	559.6184
LeMans	1	-252.56255	559.9414
LeMans	1	-252.64543	560.26276
LeMans	1	-252.73138	560.5826
LeMans	1	-252.82112	560.9008
LeMans	1	-252.91623	561.217
LeMans	1	-253.01537	561.5313
LeMans	1	-253.11746	561.8439
LeMans	1	-253.22134	562.1547
LeMans	1	-253.32614	562.464
LeMans	1	-253.4314	562.77167
LeMans	1	-253.5368	563.07776
LeMans	1	-253.6422	563.38196
LeMans	1	-253.74745	563.6845
LeMans	1	-253.8525	563.9853
LeMans	1	-253.95726	564.2843
LeMans	1	-254.0617	564.5817
LeMans	1	-254.16576	564.87756
LeMans	1	-254.26945	565.17206
LeMans	1	-254.37146	565.4663
LeMans	1	-254.46886	565.7613
LeMans	1	-254.56052	566.0575
LeMans	1	-254.64803	566.3542
LeMans	1	-254.73232	566.65063
LeMans	1	-254.81404	566.94635
LeMans	1	-254.89427	567.2409
LeMans	1	-254.97447	567.5339
LeMans	1	-255.05595	567.82495
LeMans	1	-255.13983	568.11383
LeMans	1	-255.22705	568.4002
LeMans	1	-255.31886	568.68384
LeMans	1	-255.41783	568.964
LeMans	1	-255.52345	569.2406
LeMans	1	-255.6322	569.51465
LeMans	1	-255.74303	569.78656
LeMans	1	-255.85513	570.05634
LeMans	1	-255.96794	570.3242
LeMans	1	-256.08124	570.5903
LeMans	1	-256.19482	570.8545
LeMans	1	-256.30856	571.11707
LeMans	1	-256.42236	571.3778
LeMans	1	-256.5361	571.63684
LeMans	1	-256.64972	571.89435
LeMans	1	-256.76315	572.1503
LeMans	1	-256.87625	572.4047
LeMans	1	-256.9894	572.6582
LeMans	1	-257.10345	572.91266
LeMans	1	-257.21875	573.1699
LeMans	1	-257.33527	573.43024
LeMans	1	-257.4529	573.6933
LeMans	1	-257.57156	573.9588
LeMans	1	-257.69135	574.2269
LeMans	1	-257.81192	574.4971
LeMans	1	-257.93234	574.76733
LeMans	1	-258.05023	575.0368
LeMans	1	-258.16348	575.30664
LeMans	1	-258.27136	575.578
LeMans	1	-258.37534	575.8503
LeMans	1	-258.4764	576.12317
LeMans	1	-258.57544	576.396
LeMans	1	-258.67368	576.6683
LeMans	1	-258.77243	576.9393
LeMans	1	-258.87274	577.20844
LeMans	1	-258.9755	577.4754
LeMans	1	-259.08145	577.7397
LeMans	1	-259.1919	578.0008
LeMans	1	-259.30917	578.25775
LeMans	1	-259.4311	578.51117
LeMans	1	-259.55542	578.76184
LeMans	1	-259.68115	579.0102
LeMans	1	-259.80746	579.25653
LeMans	1	-259.93423	579.501
LeMans	1	-260.06122	579.7435
LeMans	1	-260.18817	579.9844
LeMans	1	-260.31503	580.2236
LeMans	1	-260.44174	580.4612
LeMans	1	-260.56827	580.69727
LeMans	1	-260.69473	580.93207
LeMans	1	-260.82257	581.1684
LeMans	1	-260.95215	581.408
LeMans	1	-261.0835	581.6508
LeMans	1	-261.216	581.8967
LeMans	1	-261.34647	582.1472
LeMans	1	-261.47314	582.40283
LeMans	1	-261.59506	582.6623
LeMans	1	-261.7128	582.92236
LeMans	1	-261.82803	583.18134
LeMans	1	-261.943	583.439
LeMans	1	-262.05884	583.6945
LeMans	1	-262.17493	583.9491
LeMans	1	-262.29434	584.2013
LeMans	1	-262.41898	584.4502
LeMans	1	-262.5507	584.69476
LeMans	1	-262.68747	584.9371
LeMans	1	-262.8252	585.17676
LeMans	1	-262.96445	585.4136
LeMans	1	-263.10458	585.64813
LeMans	1	-263.24512	585.8805
LeMans	1	-263.38574	586.1108
LeMans	1	-263.5262	586.33905
LeMans	1	-263.66644	586.56537
LeMans	1	-263.80627	586.78986
LeMans	1	-263.94562	587.0126
LeMans	1	-264.08405	587.23376
LeMans	1	-264.21854	587.45526
LeMans	1	-264.3462	587.67883
LeMans	1	-264.47	587.90405
LeMans	1	-264.59213	588.13184
LeMans	1	-264.71313	588.36285
LeMans	1	-264.83377	588.5966
LeMans	1	-264.9549	588.8324
LeMans	1	-265.0776	589.0694
LeMans	1	-265.20255	589.3059
LeMans	1	-265.3303	589.53955
LeMans	1	-265.4617	589.76904
LeMans	1	-265.5996	589.9936
LeMans	1	-265.7437	590.2136
LeMans	1	-265.89313	590.4296
LeMans	1	-266.04504	590.6428
LeMans	1	-266.19766	590.854
LeMans	1	-266.34787	591.0651
LeMans	1	-266.49188	591.2786
LeMans	1	-266.63187	591.49493
LeMans	1	-266.7712	591.71466
LeMans	1	-266.9112	591.93884
LeMans	1	-267.05212	592.1669
LeMans	1	-267.19418	592.3977
LeMans	1	-267.33768	592.6303
LeMans	1	-267.48386	592.8634
LeMans	1	-267.63284	593.09375
LeMans	1	-267.7856	593.3188
LeMans	1	-267.94604	593.5369
LeMans	1	-268.11368	593.74805
LeMans	1	-268.2849	593.9541
LeMans	1	-268.4573	594.15686
LeMans	1	-268.62695	594.35974
LeMans	1	-268.7922	594.5646
LeMans	1	-268.95374	594.7717
LeMans	1	-269.1132	594.9799
LeMans	1	-269.2717	595.1885
LeMans	1	-269.42984	595.39606
LeMans	1	-269.5874	595.6017
LeMans	1	-269.7444	595.80475
LeMans	1	-269.90073	596.0048
LeMans	1	-270.05692	596.20166
LeMans	1	-270.2142	596.39496
LeMans	1	-270.3741	596.58344
LeMans	1	-270.53943	596.76526
LeMans	1	-270.71234	596.9385
LeMans	1	-270.89062	597.1044
LeMans	1	-271.07315	597.2635
LeMans	1	-271.25818	597.41705
LeMans	1	-271.44498	597.5663
LeMans	1	-271.63437	597.713
LeMans	1	-271.82736	597.8584
LeMans	1	-272.02417	598.0032
LeMans	1	-272.2245	598.1473
LeMans	1	-272.42786	598.2906
LeMans	1	-272.6341	598.4334
LeMans	1	-272.84262	598.57556
LeMans	1	-273.052	598.71594
LeMans	1	-273.2604	598.85394
LeMans	1	-273.46783	598.9896
LeMans	1	-273.67462	599.1234
LeMans	1	-273.88083	599.2557
LeMans	1	-274.08655	599.38666
LeMans	1	-274.29172	599.5164
LeMans	1	-274.49615	599.64514
LeMans	1	-274.6997	599.77277
LeMans	1	-274.90222	599.89935
LeMans	1	-275.1033	600.02545
LeMans	1	-275.3023	600.1533
LeMans	1	-275.49924	600.2857
LeMans	1	-275.69522	600.42255
LeMans	1	-275.89066	600.56323
LeMans	1	-276.0855	600.7074
LeMans	1	-276.27963	600.8549
LeMans	1	-276.47205	601.0063
LeMans	1	-276.6611	601.16144
LeMans	1	-276.84723	601.3177
LeMans	1	-277.0334	601.47125
LeMans	1	-277.22116	601.6208
LeMans	1	-277.41165	601.76514
LeMans	1	-277.60648	601.9028
LeMans	1	-277.8058	602.0333
LeMans	1	-278.00906	602.1572
LeMans	1	-278.2161	602.27435
LeMans	1	-278.4264	602.3847
LeMans	1	-278.639	602.4888
LeMans	1	-278.85287	602.588
LeMans	1	-279.0673	602.6854
LeMans	1	-279.28296	602.7823
LeMans	1	-279.49997	602.87915
LeMans	1	-279.7181	602.97595
LeMans	1	-279.93707	603.07275
LeMans	1	-280.15652	603.16864
LeMans	1	-280.37454	603.26306
LeMans	1	-280.59055	603.3562
LeMans	1	-280.80518	603.4481
LeMans	1	-281.01904	603.53937
LeMans	1	-281.232	603.62994
LeMans	1	-281.44403	603.72
LeMans	1	-281.65524	603.80945
LeMans	1	-281.86542	603.89844
LeMans	1	-282.0745	603.9869
LeMans	1	-282.28244	604.0748
LeMans	1	-282.48907	604.16223
LeMans	1	-282.69492	604.24915
LeMans	1	-282.90158	604.3363
LeMans	1	-283.1104	604.4245
LeMans	1	-283.32156	604.5143
LeMans	1	-283.53473	604.6053
LeMans	1	-283.7498	604.6976
LeMans	1	-283.96585	604.79254
LeMans	1	-284.1804	604.89343
LeMans	1	-284.3915	604.9986
LeMans	1	-284.5994	605.1063
LeMans	1	-284.80496	605.2162
LeMans	1	-285.00873	605.32764
LeMans	1	-285.2111	605.4398
LeMans	1	-285.41266	605.55145
LeMans	1	-285.61404	605.6613
LeMans	1	-285.8153	605.7681
LeMans	1	-286.01584	605.87286
LeMans	1	-286.21735	605.9732
LeMans	1	-286.42056	606.0678
LeMans	1	-286.62628	606.15497
LeMans	1	-286.83398	606.23553
LeMans	1	-287.0431	606.3107
LeMans	1	-287.25226	606.3829
LeMans	1	-287.46085	606.453
LeMans	1	-287.66873	606.52167
LeMans	1	-287.8756	606.5891
LeMans	1	-288.08224	606.6567
LeMans	1	-288.28857	606.72845
LeMans	1	-288.4941	606.80676
LeMans	1	-288.69952	606.89
LeMans	1	-288.90546	606.97626
LeMans	1	-289.11197	607.06476
LeMans	1	-289.31815	607.155
LeMans	1	-289.5225	607.2457
LeMans	1	-289.7254	607.3358
LeMans	1	-289.9277	607.4245
LeMans	1	-290.13028	607.5106
LeMans	1	-290.33395	607.59314
LeMans	1	-290.53918	607.6702
LeMans	1	-290.7474	607.739
LeMans	1	-290.95865	607.7982
LeMans	1	-291.17148	607.8493
LeMans	1	-291.38467	607.8942
LeMans	1	-291.59702	607.93524
LeMans	1	-291.80807	607.9732
LeMans	1	-292.0177	608.0082
LeMans	1	-292.2258	608.0406
LeMans	1	-292.43225	608.07056
LeMans	1	-292.63705	608.0983
LeMans	1	-292.84024	608.12415
LeMans	1	-293.04178	608.14825
LeMans	1	-293.2417	608.1708
LeMans	1	-293.43985	608.1922
LeMans	1	-293.63617	608.212
LeMans	1	-293.83084	608.23083
LeMans	1	-294.02448	608.24884
LeMans	1	-294.21854	608.2662
LeMans	1	-294.41437	608.2833
LeMans	1	-294.61258	608.3007
LeMans	1	-294.81387	608.3186
LeMans	1	-295.01797	608.337
LeMans	1	-295.22458	608.35565
LeMans	1	-295.43338	608.3745
LeMans	1	-295.6439	608.3938
LeMans	1	-295.8538	608.41315
LeMans	1	-296.06198	608.43225
LeMans	1	-296.26907	608.4513
LeMans	1	-296.48026	608.47076
LeMans	1	-296.68613	608.4898
LeMans	1	-296.89145	608.50903
LeMans	1	-297.0961	608.52844
LeMans	1	-297.29993	608.54803
LeMans	1	-297.5029	608.5678
LeMans	1	-297.70486	608.58777
LeMans	1	-297.90573	608.6079
LeMans	1	-298.1053	608.6282
LeMans	1	-298.30353	608.6487
LeMans	1	-298.50043	608.66925
LeMans	1	-298.69595	608.68994
LeMans	1	-298.89032	608.7107
LeMans	1	-299.08496	608.7316
LeMans	1	-299.28134	608.7528
LeMans	1	-299.47968	608.7744
LeMans	1	-299.67975	608.79626
LeMans	1	-299.88138	608.81824
LeMans	1	-300.0844	608.8405
LeMans	1	-300.2878	608.86273
LeMans	1	-300.48953	608.88477
LeMans	1	-300.6896	608.9071
LeMans	1	-300.8882	608.93304
LeMans	1	-301.08557	608.9638
LeMans	1	-301.2818	608.99835
LeMans	1	-301.47696	609.03595
LeMans	1	-301.67108	609.076
LeMans	1	-301.86398	609.11743
LeMans	1	-302.05576	609.159
LeMans	1	-302.24643	609.1994
LeMans	1	-302.43613	609.23755
LeMans	1	-302.62494	609.27246
LeMans	1	-302.81302	609.3032
LeMans	1	-303.0006	609.329
LeMans	1	-303.18808	609.34766
LeMans	1	-303.37543	609.35956
LeMans	1	-303.5624	609.3659
LeMans	1	-303.7486	609.3685
LeMans	1	-303.93402	609.36975
LeMans	1	-304.12033	609.3705
LeMans	1	-304.3092	609.37
LeMans	1	-304.50098	609.36835
LeMans	1	-304.69525	609.36566
LeMans	1	-304.8917	609.36224
LeMans	1	-305.09027	609.3584
LeMans	1	-305.29095	609.3542
LeMans	1	-305.49265	609.35004
LeMans	1	-305.69257	609.34595
LeMans	1	-305.8906	609.3417
LeMans	1	-306.08752	609.33746
LeMans	1	-306.2837	609.3334
LeMans	1	-306.47934	609.3294
LeMans	1	-306.67426	609.32544
LeMans	1	-306.86853	609.3216
LeMans	1	-307.06198	609.31775
LeMans	1	-307.25552	609.31366
LeMans	1	-307.45105	609.3095
LeMans	1	-307.64996	609.30566
LeMans	1	-307.85223	609.3024
LeMans	1	-308.05734	609.2994
LeMans	1	-308.265	609.2966
LeMans	1	-308.47525	609.29376
LeMans	1	-308.688	609.291
LeMans	1	-308.9028	609.2885
LeMans	1	-309.11734	609.28595
LeMans	1	-309.33008	609.28357
LeMans	1	-309.54156	609.2812
LeMans	1	-309.75235	609.27893
LeMans	1	-309.96268	609.27673
LeMans	1	-310.17245	609.27466
LeMans	1	-310.38156	609.2726
LeMans	1	-310.58994	609.27057
LeMans	1	-310.79755	609.2686
LeMans	1	-311.00418	609.26654
LeMans	1	-311.21017	609.26465
LeMans	1	-311.41727	609.2627
LeMans	1	-311.6269	609.2607
LeMans	1	-311.8394	609.25854
LeMans	1	-312.0544	609.25635
LeMans	1	-312.27167	609.2543
LeMans	1	-312.49103	609.25214
LeMans	1	-312.71262	609.25
LeMans	1	-312.93622	609.2478
LeMans	1	-313.15967	609.2456
LeMans	1	-313.3812	609.2434
LeMans	1	-313.60132	609.2413
LeMans	1	-313.82068	609.2391
LeMans	1	-314.03934	609.23676
LeMans	1	-314.2573	609.2345
LeMans	1	-314.47458	609.2322
LeMans	1	-314.69113	609.2299
LeMans	1	-314.9068	609.22754
LeMans	1	-315.1213	609.2253
LeMans	1	-315.33466	609.22296
LeMans	1	-315.54672	609.2207
LeMans	1	-315.7575	609.2184
LeMans	1	-315.96716	609.2162
LeMans	1	-316.1773	609.2141
LeMans	1	-316.38907	609.21204
LeMans	1	-316.60248	609.2105
LeMans	1	-316.81723	609.21234
LeMans	1	-317.0333	609.2179
LeMans	1	-317.25027	609.2268
LeMans	1	-317.46777	609.2391
LeMans	1	-317.68423	609.2545
LeMans	1	-317.89877	609.27216
LeMans	1	-318.11182	609.2914
LeMans	1	-318.32376	609.31104
LeMans	1	-318.53473	609.3298
LeMans	1	-318.74484	609.3463
LeMans	1	-318.95407	609.3596
LeMans	1	-319.16238	609.36896
LeMans	1	-319.3699	609.37317
LeMans	1	-319.57672	609.3708
LeMans	1	-319.7827	609.3613
LeMans	1	-319.98764	609.34595
LeMans	1	-320.1914	609.3251
LeMans	1	-320.39386	609.3004
LeMans	1	-320.59494	609.27423
LeMans	1	-320.79465	609.2471
LeMans	1	-320.99274	609.21924
LeMans	1	-321.18924	609.1908
LeMans	1	-321.38446	609.16205
LeMans	1	-321.58002	609.13275
LeMans	1	-321.77707	609.1028
LeMans	1	-321.97568	609.0724
LeMans	1	-322.1757	609.04205
LeMans	1	-322.37708	609.0124
LeMans	1	-322.57996	608.9852
LeMans	1	-322.78302	608.9639
LeMans	1	-322.9846	608.9473
LeMans	1	-323.185	608.9341
LeMans	1	-323.38474	608.92346
LeMans	1	-323.58383	608.9148
LeMans	1	-323.7823	608.9069
LeMans	1	-323.97986	608.8983
LeMans	1	-324.17633	608.8877
LeMans	1	-324.37155	608.87384
LeMans	1	-324.56534	608.85535
LeMans	1	-324.75745	608.82996
LeMans	1	-324.94763	608.79675
LeMans	1	-325.136	608.75726
LeMans	1	-325.32263	608.71375
LeMans	1	-325.50772	608.6679
LeMans	1	-325.69125	608.6205
LeMans	1	-325.87326	608.57196
LeMans	1	-326.0539	608.5236
LeMans	1	-326.2337	608.4789
LeMans	1	-326.41315	608.44025
LeMans	1	-326.59186	608.40594
LeMans	1	-326.7695	608.3738
LeMans	1	-326.94598	608.3427
LeMans	1	-327.12115	608.3122
LeMans	1	-327.2952	608.2821
LeMans	1	-327.46805	608.2525
LeMans	1	-327.63977	608.223
LeMans	1	-327.8104	608.19354
LeMans	1	-327.9798	608.1637
LeMans	1	-328.1479	608.1323
LeMans	1	-328.3143	608.09753
LeMans	1	-328.4788	608.05786
LeMans	1	-328.6408	608.0103
LeMans	1	-328.79965	607.95355
LeMans	1	-328.95535	607.8898
LeMans	1	-329.1082	607.82025
LeMans	1	-329.25854	607.7476
LeMans	1	-329.40714	607.6729
LeMans	1	-329.55634	607.5955
LeMans	1	-329.70724	607.515
LeMans	1	-329.85986	607.43176
LeMans	1	-330.01398	607.3458
LeMans	1	-330.16956	607.2575
LeMans	1	-330.32666	607.1669
LeMans	1	-330.4853	607.0742
LeMans	1	-330.64536	606.9797
LeMans	1	-330.80536	606.88434
LeMans	1	-330.96335	606.78894
LeMans	1	-331.11887	606.6928
LeMans	1	-331.2721	606.59515
LeMans	1	-331.42307	606.49536
LeMans	1	-331.57187	606.39325
LeMans	1	-331.71875	606.289
LeMans	1	-331.86362	606.183
LeMans	1	-332.00662	606.0755
LeMans	1	-332.14807	605.96747
LeMans	1	-332.28848	605.86005
LeMans	1	-332.4284	605.7539
LeMans	1	-332.5682	605.64996
LeMans	1	-332.7083	605.5487
LeMans	1	-332.84918	605.4508
LeMans	1	-332.991	605.35645
LeMans	1	-333.13434	605.26624
LeMans	1	-333.27975	605.18066
LeMans	1	-333.42715	605.0997
LeMans	1	-333.5759	605.02246
LeMans	1	-333.72598	604.9489
LeMans	1	-333.87714	604.87897
LeMans	1	-334.02942	604.8123
LeMans	1	-334.18277	604.74915
LeMans	1	-334.3361	604.6882
LeMans	1	-334.4883	604.62756
LeMans	1	-334.63925	604.56714
LeMans	1	-334.78864	604.5067
LeMans	1	-334.93637	604.4464
LeMans	1	-335.08258	604.3864
LeMans	1	-335.22733	604.3268
LeMans	1	-335.3707	604.2677
LeMans	1	-335.51288	604.2091
LeMans	1	-335.65518	604.1508
LeMans	1	-335.79938	604.09174
LeMans	1	-335.946	604.03094
LeMans	1	-336.09546	603.96924
LeMans	1	-336.24826	603.9086
LeMans	1	-336.40457	603.8499
LeMans	1	-336.56433	603.79315
LeMans	1	-336.72754	603.73816
LeMans	1	-336.89386	603.68524
LeMans	1	-337.0618	603.6349
LeMans	1	-337.2302	603.5868
LeMans	1	-337.39816	603.5407
LeMans	1	-337.56537	603.4959
LeMans	1	-337.73187	603.4514
LeMans	1	-337.89752	603.4059
LeMans	1	-338.06183	603.3583
LeMans	1	-338.22433	603.30743
LeMans	1	-338.3847	603.2524
LeMans	1	-338.54285	603.1924
LeMans	1	-338.6981	603.126
LeMans	1	-338.8506	603.05396
LeMans	1	-339.00055	602.97723
LeMans	1	-339.14786	602.8964
LeMans	1	-339.29248	602.8118
LeMans	1	-339.43445	602.7235
LeMans	1	-339.57346	602.6317
LeMans	1	-339.70972	602.53656
LeMans	1	-339.8429	602.4379
LeMans	1	-339.97308	602.33636
LeMans	1	-340.10175	602.2326
LeMans	1	-340.23135	602.12714
LeMans	1	-340.3629	602.02026
LeMans	1	-340.4967	601.9124
LeMans	1	-340.6328	601.80383
LeMans	1	-340.7712	601.6946
LeMans	1	-340.912	601.5844
LeMans	1	-341.05518	601.4734
LeMans	1	-341.20074	601.36163
LeMans	1	-341.3476	601.2501
LeMans	1	-341.49377	601.1394
LeMans	1	-341.63895	601.0294
LeMans	1	-341.7835	600.92
LeMans	1	-341.92776	600.81067
LeMans	1	-342.0717	600.70154
LeMans	1	-342.21515	600.5926
LeMans	1	-342.3582	600.484
LeMans	1	-342.50146	600.37494
LeMans	1	-342.64655	600.26434
LeMans	1	-342.79492	600.15173
LeMans	1	-342.94678	600.0373
LeMans	1	-343.10147	599.92126
LeMans	1	-343.25854	599.80365
LeMans	1	-343.41797	599.6845
LeMans	1	-343.57965	599.56354
LeMans	1	-343.74335	599.4414
LeMans	1	-343.9073	599.31915
LeMans	1	-344.0703	599.1978
LeMans	1	-344.2322	599.0773
LeMans	1	-344.39368	598.9573
LeMans	1	-344.55472	598.8376
LeMans	1	-344.71545	598.71814
LeMans	1	-344.87576	598.599
LeMans	1	-345.03564	598.4804
LeMans	1	-345.1955	598.3618
LeMans	1	-345.35657	598.2425
LeMans	1	-345.51993	598.1221
LeMans	1	-345.68643	598.00195
LeMans	1	-345.8565	597.8833
LeMans	1	-346.02945	597.766
LeMans	1	-346.20502	597.64966
LeMans	1	-346.38324	597.53485
LeMans	1	-346.5629	597.4224
LeMans	1	-346.74225	597.31244
LeMans	1	-346.92062	597.2037
LeMans	1	-347.09744	597.0947
LeMans	1	-347.2724	596.9844
LeMans	1	-347.4449	596.8721
LeMans	1	-347.6144	596.757
LeMans	1	-347.78058	596.6382
LeMans	1	-347.94208	596.51385
LeMans	1	-348.09924	596.3849
LeMans	1	-348.25354	596.2536
LeMans	1	-348.4056	596.12146
LeMans	1	-348.55573	595.98865
LeMans	1	-348.7041	595.8556
LeMans	1	-348.8508	595.72266
LeMans	1	-348.996	595.5899
LeMans	1	-349.13998	595.4575
LeMans	1	-349.2844	595.32416
LeMans	1	-349.43054	595.18884
LeMans	1	-349.5788	595.051
LeMans	1	-349.7291	594.911
LeMans	1	-349.88132	594.769
LeMans	1	-350.03534	594.625
LeMans	1	-350.1913	594.4791
LeMans	1	-350.34918	594.3318
LeMans	1	-350.507	594.1848
LeMans	1	-350.66324	594.0392
LeMans	1	-350.81882	593.89417
LeMans	1	-350.97403	593.7498
LeMans	1	-351.1289	593.60583
LeMans	1	-351.283	593.46185
LeMans	1	-351.43518	593.31647
LeMans	1	-351.58447	593.1689
LeMans	1	-351.73087	593.0195
LeMans	1	-351.87445	592.86865
LeMans	1	-352.01596	592.7172
LeMans	1	-352.1564	592.56616
LeMans	1	-352.29636	592.4164
LeMans	1	-352.43643	592.2688
LeMans	1	-352.57727	592.1237
LeMans	1	-352.71933	591.9816
LeMans	1	-352.86322	591.843
LeMans	1	-353.00955	591.7087
LeMans	1	-353.1592	591.5794
LeMans	1	-353.31082	591.4537
LeMans	1	-353.46347	591.3291
LeMans	1	-353.61884	591.2037
LeMans	1	-353.77835	591.0773
LeMans	1	-353.9414	590.9499
LeMans	1	-354.10727	590.82153
LeMans	1	-354.27475	590.6923
LeMans	1	-354.44174	590.56396
LeMans	1	-354.60663	590.4371
LeMans	1	-354.77014	590.3113
LeMans	1	-354.93256	590.18585
LeMans	1	-355.0942	590.0611
LeMans	1	-355.25516	589.9368
LeMans	1	-355.41544	589.8129
LeMans	1	-355.57526	589.6896
LeMans	1	-355.73618	589.5682
LeMans	1	-355.90082	589.4475
LeMans	1	-356.07117	589.32587
LeMans	1	-356.24768	589.20325
LeMans	1	-356.42944	589.0795
LeMans	1	-356.61472	588.95404
LeMans	1	-356.8005	588.82837
LeMans	1	-356.98386	588.7039
LeMans	1	-357.1649	588.57904
LeMans	1	-357.3431	588.4525
LeMans	1	-357.51862	588.32355
LeMans	1	-357.69104	588.1913
LeMans	1	-357.85965	588.0545
LeMans	1	-358.02472	587.9138
LeMans	1	-358.18756	587.7713
LeMans	1	-358.3487	587.62787
LeMans	1	-358.5084	587.4841
LeMans	1	-358.66666	587.3404
LeMans	1	-358.82364	587.1972
LeMans	1	-358.97922	587.0545
LeMans	1	-359.1335	586.91254
LeMans	1	-359.28656	586.7713
LeMans	1	-359.43842	586.631
LeMans	1	-359.58905	586.49164
LeMans	1	-359.7386	586.35315
LeMans	1	-359.88702	586.2156
LeMans	1	-360.03452	586.079
LeMans	1	-360.181	585.9433
LeMans	1	-360.32657	585.8086
LeMans	1	-360.47128	585.6748
LeMans	1	-360.61514	585.542
LeMans	1	-360.75824	585.4101
LeMans	1	-360.90042	585.2792
LeMans	1	-361.0419	585.1491
LeMans	1	-361.18268	585.0198
LeMans	1	-361.32422	584.88947
LeMans	1	-361.4688	584.75665
LeMans	1	-361.61707	584.62103
LeMans	1	-361.7684	584.482
LeMans	1	-361.92154	584.3387
LeMans	1	-362.07648	584.19135
LeMans	1	-362.23236	584.0411
LeMans	1	-362.38727	583.88965
LeMans	1	-362.5396	583.7384
LeMans	1	-362.69043	583.5877
LeMans	1	-362.84122	583.438
LeMans	1	-362.993	583.28973
LeMans	1	-363.14636	583.14355
LeMans	1	-363.30167	583
LeMans	1	-363.45975	582.86005
LeMans	1	-363.61987	582.7231
LeMans	1	-363.78152	582.5888
LeMans	1	-363.9437	582.4564
LeMans	1	-364.10565	582.32574
LeMans	1	-364.26724	582.19635
LeMans	1	-364.42816	582.06805
LeMans	1	-364.5881	581.94086
LeMans	1	-364.74866	581.8133
LeMans	1	-364.9117	581.6839
LeMans	1	-365.078	581.552
LeMans	1	-365.24713	581.4179
LeMans	1	-365.41895	581.2817
LeMans	1	-365.59308	581.14355
LeMans	1	-365.7684	581.00433
LeMans	1	-365.94217	580.866
LeMans	1	-366.1142	580.7291
LeMans	1	-366.28516	580.5928
LeMans	1	-366.45547	580.45685
LeMans	1	-366.62534	580.3211
LeMans	1	-366.79483	580.18567
LeMans	1	-366.9637	580.0506
LeMans	1	-367.13202	579.9158
LeMans	1	-367.2996	579.7815
LeMans	1	-367.46683	579.64764
LeMans	1	-367.63596	579.5124
LeMans	1	-367.80817	579.37427
LeMans	1	-367.9834	579.23334
LeMans	1	-368.16135	579.0902
LeMans	1	-368.34167	578.9454
LeMans	1	-368.5231	578.7995
LeMans	1	-368.70367	578.6544
LeMans	1	-368.88245	578.51074
LeMans	1	-369.06012	578.3681
LeMans	1	-369.2371	578.226
LeMans	1	-369.41348	578.0844
LeMans	1	-369.58942	577.94324
LeMans	1	-369.76477	577.8024
LeMans	1	-369.93948	577.6622
LeMans	1	-370.11346	577.5225
LeMans	1	-370.2866	577.38354
LeMans	1	-370.45883	577.24536
LeMans	1	-370.63007	577.1079
LeMans	1	-370.80023	576.9714
LeMans	1	-370.97098	576.8344
LeMans	1	-371.1444	576.69525
LeMans	1	-371.3207	576.5538
LeMans	1	-371.49945	576.4104
LeMans	1	-371.68033	576.26514
LeMans	1	-371.8634	576.1183
LeMans	1	-372.0484	575.9699
LeMans	1	-372.23367	575.82135
LeMans	1	-372.41772	575.67377
LeMans	1	-372.60046	575.5272
LeMans	1	-372.78244	575.3813
LeMans	1	-372.96387	575.2358
LeMans	1	-373.14493	575.09076
LeMans	1	-373.32538	574.94604
LeMans	1	-373.5053	574.8019
LeMans	1	-373.6845	574.6582
LeMans	1	-373.86316	574.515
LeMans	1	-374.04202	574.3717
LeMans	1	-374.2219	574.22754
LeMans	1	-374.4028	574.0825
LeMans	1	-374.58463	573.9368
LeMans	1	-374.76706	573.79065
LeMans	1	-374.9497	573.6443
LeMans	1	-375.1314	573.4987
LeMans	1	-375.31168	573.3543
LeMans	1	-375.4908	573.2108
LeMans	1	-375.669	573.0681
LeMans	1	-375.84634	572.92615
LeMans	1	-376.02292	572.78485
LeMans	1	-376.1987	572.6441
LeMans	1	-376.37354	572.50415
LeMans	1	-376.5478	572.36475
LeMans	1	-376.72296	572.22455
LeMans	1	-376.9004	572.08264
LeMans	1	-377.08035	571.93866
LeMans	1	-377.26242	571.79297
LeMans	1	-377.44635	571.6458
LeMans	1	-377.63205	571.49725
LeMans	1	-377.819	571.3478
LeMans	1	-378.00635	571.1979
LeMans	1	-378.193	571.04865
LeMans	1	-378.37857	570.9002
LeMans	1	-378.56323	570.75244
LeMans	1	-378.74713	570.6054
LeMans	1	-378.93057	570.4588
LeMans	1	-379.11343	570.3126
LeMans	1	-379.29565	570.1671
LeMans	1	-379.47705	570.0222
LeMans	1	-379.65768	569.878
LeMans	1	-379.83783	569.7342
LeMans	1	-380.0166	569.59143
LeMans	1	-380.19427	569.4496
LeMans	1	-380.37082	569.30865
LeMans	1	-380.5461	569.16864
LeMans	1	-380.7203	569.02954
LeMans	1	-380.89328	568.8914
LeMans	1	-381.06516	568.7542
LeMans	1	-381.2359	568.61786
LeMans	1	-381.4055	568.4825
LeMans	1	-381.57394	568.34796
LeMans	1	-381.74136	568.2143
LeMans	1	-381.90823	568.0811
LeMans	1	-382.07608	567.9471
LeMans	1	-382.24643	567.8111
LeMans	1	-382.4194	567.673
LeMans	1	-382.59476	567.5329
LeMans	1	-382.77225	567.3912
LeMans	1	-382.9519	567.24774
LeMans	1	-383.1337	567.10254
LeMans	1	-383.3177	566.9556
LeMans	1	-383.5031	566.8076
LeMans	1	-383.6887	566.6594
LeMans	1	-383.87378	566.51166
LeMans	1	-384.058	566.3645
LeMans	1	-384.24164	566.2179
LeMans	1	-384.4247	566.0717
LeMans	1	-384.60727	565.9259
LeMans	1	-384.78934	565.7805
LeMans	1	-384.9707	565.6356
LeMans	1	-385.15137	565.49133
LeMans	1	-385.3311	565.3476
LeMans	1	-385.50797	565.20215
LeMans	1	-385.68106	565.0541
LeMans	1	-385.8506	564.90405
LeMans	1	-386.017	564.75244
LeMans	1	-386.18057	564.5999
LeMans	1	-386.34164	564.44684
LeMans	1	-386.50092	564.2942
LeMans	1	-386.6593	564.14294
LeMans	1	-386.81766	563.9941
LeMans	1	-386.97668	563.8483
LeMans	1	-387.13693	563.7062
LeMans	1	-387.29944	563.5681
LeMans	1	-387.46542	563.43555
LeMans	1	-387.63507	563.3089
LeMans	1	-387.80762	563.1873
LeMans	1	-387.98157	563.06915
LeMans	1	-388.1557	562.9531
LeMans	1	-388.32953	562.83875
LeMans	1	-388.50272	562.72595
LeMans	1	-388.67566	562.6141
LeMans	1	-388.85004	562.5018
LeMans	1	-389.02792	562.3877
LeMans	1	-389.20963	562.27094
LeMans	1	-389.39374	562.14935
LeMans	1	-389.57996	562.02325
LeMans	1	-389.7687	561.8934
LeMans	1	-389.9604	561.7603
LeMans	1	-390.15366	561.6253
LeMans	1	-390.3466	561.4896
LeMans	1	-390.5383	561.3549
LeMans	1	-390.72882	561.22015
LeMans	1	-390.91855	561.085
LeMans	1	-391.10846	560.9504
LeMans	1	-391.29965	560.8178
LeMans	1	-391.49265	560.68854
LeMans	1	-391.68835	560.5637
LeMans	1	-391.8876	560.44476
LeMans	1	-392.09097	560.333
LeMans	1	-392.2979	560.2284
LeMans	1	-392.50793	560.1307
LeMans	1	-392.72012	560.03955
LeMans	1	-392.93335	559.9542
LeMans	1	-393.14612	559.8725
LeMans	1	-393.35754	559.7932
LeMans	1	-393.56723	559.716
LeMans	1	-393.77524	559.641
LeMans	1	-393.9816	559.56805
LeMans	1	-394.18762	559.4969
LeMans	1	-394.39554	559.42645
LeMans	1	-394.607	559.3553
LeMans	1	-394.82285	559.2827
LeMans	1	-395.04327	559.20953
LeMans	1	-395.26797	559.1362
LeMans	1	-395.49683	559.0629
LeMans	1	-395.72955	558.9894
LeMans	1	-395.96585	558.91547
LeMans	1	-396.20416	558.84143
LeMans	1	-396.44293	558.76807
LeMans	1	-396.6817	558.6946
LeMans	1	-396.91943	558.6207
LeMans	1	-397.15726	558.548
LeMans	1	-397.39487	558.47473
LeMans	1	-397.63232	558.401
LeMans	1	-397.86847	558.3288
LeMans	1	-398.10397	558.25586
LeMans	1	-398.33987	558.1823
LeMans	1	-398.57367	558.1104
LeMans	1	-398.8064	558.0389
LeMans	1	-399.03857	557.96625
LeMans	1	-399.26666	557.8917
LeMans	1	-399.49335	557.81555
LeMans	1	-399.7173	557.7343
LeMans	1	-399.93832	557.64984
LeMans	1	-400.15762	557.56586
LeMans	1	-400.3746	557.48004
LeMans	1	-400.5899	557.3927
LeMans	1	-400.80322	557.3061
LeMans	1	-401.0153	557.2206
LeMans	1	-401.22668	557.1375
LeMans	1	-401.4378	557.0582
LeMans	1	-401.64886	556.98376
LeMans	1	-401.86026	556.9145
LeMans	1	-402.07303	556.85156
LeMans	1	-402.28796	556.7929
LeMans	1	-402.5064	556.736
LeMans	1	-402.72968	556.6808
LeMans	1	-402.9582	556.62823
LeMans	1	-403.19144	556.5786
LeMans	1	-403.429	556.5321
LeMans	1	-403.67075	556.48895
LeMans	1	-403.91656	556.4497
LeMans	1	-404.1646	556.4145
LeMans	1	-404.4123	556.3801
LeMans	1	-404.6586	556.34485
LeMans	1	-404.90247	556.3093
LeMans	1	-405.14465	556.2725
LeMans	1	-405.38522	556.23413
LeMans	1	-405.6255	556.1976
LeMans	1	-405.86502	556.1595
LeMans	1	-406.1049	556.1204
LeMans	1	-406.3423	556.0849
LeMans	1	-406.57874	556.0499
LeMans	1	-406.81265	556.0153
LeMans	1	-407.04663	555.9796
LeMans	1	-407.27893	555.94403
LeMans	1	-407.51025	555.90857
LeMans	1	-407.74213	555.8733
LeMans	1	-407.97684	555.8386
LeMans	1	-408.21548	555.80237
LeMans	1	-408.45694	555.76086
LeMans	1	-408.70135	555.7152
LeMans	1	-408.94775	555.66595
LeMans	1	-409.194	555.61206
LeMans	1	-409.43756	555.55756
LeMans	1	-409.6796	555.5029
LeMans	1	-409.92126	555.4475
LeMans	1	-410.16202	555.39435
LeMans	1	-410.40222	555.3439
LeMans	1	-410.64127	555.298
LeMans	1	-410.88147	555.2559
LeMans	1	-411.1222	555.22015
LeMans	1	-411.3629	555.19214
LeMans	1	-411.60355	555.1705
LeMans	1	-411.8435	555.1525
LeMans	1	-412.08224	555.13696
LeMans	1	-412.31964	555.1232
LeMans	1	-412.5556	555.111
LeMans	1	-412.79004	555.10004
LeMans	1	-413.0228	555.0901
LeMans	1	-413.25385	555.081
LeMans	1	-413.48325	555.0727
LeMans	1	-413.71097	555.065
LeMans	1	-413.93698	555.05774
LeMans	1	-414.16196	555.05115
LeMans	1	-414.3883	555.04486
LeMans	1	-414.61737	555.037
LeMans	1	-414.84906	555.02356
LeMans	1	-415.08307	555.00543
LeMans	1	-415.31912	554.98364
LeMans	1	-415.5571	554.95825
LeMans	1	-415.7959	554.9283
LeMans	1	-416.033	554.8945
LeMans	1	-416.2679	554.8601
LeMans	1	-416.5018	554.82684
LeMans	1	-416.735	554.7962
LeMans	1	-416.968	554.7695
LeMans	1	-417.2009	554.74786
LeMans	1	-417.43396	554.73315
LeMans	1	-417.66714	554.72644
LeMans	1	-417.9	554.72656
LeMans	1	-418.1323	554.7328
LeMans	1	-418.36365	554.7447
LeMans	1	-418.59378	554.7607
LeMans	1	-418.82233	554.77844
LeMans	1	-419.0492	554.79736
LeMans	1	-419.27426	554.8171
LeMans	1	-419.49744	554.8376
LeMans	1	-419.71875	554.8587
LeMans	1	-419.93823	554.8803
LeMans	1	-420.156	554.9025
LeMans	1	-420.37195	554.9242
LeMans	1	-420.58643	554.9404
LeMans	1	-420.79993	554.9487
LeMans	1	-421.01218	554.9523
LeMans	1	-421.22324	554.95306
LeMans	1	-421.43304	554.9521
LeMans	1	-421.6414	554.95026
LeMans	1	-421.84857	554.9489
LeMans	1	-422.05435	554.94934
LeMans	1	-422.2588	554.95306
LeMans	1	-422.4619	554.9615
LeMans	1	-422.66382	554.97766
LeMans	1	-422.86432	555.0017
LeMans	1	-423.06342	555.03204
LeMans	1	-423.26105	555.06775
LeMans	1	-423.4572	555.107
LeMans	1	-423.65195	555.1484
LeMans	1	-423.84494	555.1914
LeMans	1	-424.0364	555.2356
LeMans	1	-424.2276	555.28064
LeMans	1	-424.4208	555.32715
LeMans	1	-424.61697	555.3755
LeMans	1	-424.81613	555.4255
LeMans	1	-425.01813	555.4769
LeMans	1	-425.22296	555.52966
LeMans	1	-425.4307	555.5836
LeMans	1	-425.64124	555.63885
LeMans	1	-425.8547	555.6951
LeMans	1	-426.07043	555.75195
LeMans	1	-426.28592	555.8083
LeMans	1	-426.50046	555.86035
LeMans	1	-426.71558	555.905
LeMans	1	-426.93127	555.9439
LeMans	1	-427.1472	555.97974
LeMans	1	-427.36307	556.0134
LeMans	1	-427.57874	556.0456
LeMans	1	-427.7938	556.0774
LeMans	1	-428.00787	556.11
LeMans	1	-428.22055	556.14453
LeMans	1	-428.4314	556.1823
LeMans	1	-428.64014	556.2244
LeMans	1	-428.8463	556.2733
LeMans	1	-429.04965	556.3299
LeMans	1	-429.25018	556.3926
LeMans	1	-429.44827	556.4598
LeMans	1	-429.64417	556.5293
LeMans	1	-429.83795	556.60034
LeMans	1	-430.0298	556.67255
LeMans	1	-430.21973	556.7456
LeMans	1	-430.4077	556.8193
LeMans	1	-430.5938	556.89325
LeMans	1	-430.77808	556.9674
LeMans	1	-430.96057	557.0416
LeMans	1	-431.14136	557.1158
LeMans	1	-431.32053	557.1899
LeMans	1	-431.49808	557.26373
LeMans	1	-431.6742	557.3375
LeMans	1	-431.8509	557.4123
LeMans	1	-432.03082	557.4885
LeMans	1	-432.21487	557.5661
LeMans	1	-432.4029	557.6446
LeMans	1	-432.59543	557.7217
LeMans	1	-432.7922	557.798
LeMans	1	-432.9924	557.8736
LeMans	1	-433.19437	557.9473
LeMans	1	-433.39685	558.0172
LeMans	1	-433.59897	558.0836
LeMans	1	-433.80054	558.14844
LeMans	1	-434.00174	558.21344
LeMans	1	-434.20175	558.2803
LeMans	1	-434.40015	558.3501
LeMans	1	-434.5966	558.4242
LeMans	1	-434.7905	558.50385
LeMans	1	-434.98108	558.5908
LeMans	1	-435.16846	558.6838
LeMans	1	-435.35284	558.7818
LeMans	1	-435.53424	558.8842
LeMans	1	-435.71317	558.98895
LeMans	1	-435.89	559.0946
LeMans	1	-436.065	559.2006
LeMans	1	-436.23846	559.3069
LeMans	1	-436.4123	559.41406
LeMans	1	-436.58804	559.5234
LeMans	1	-436.7664	559.63513
LeMans	1	-436.94742	559.7493
LeMans	1	-437.13107	559.8657
LeMans	1	-437.31723	559.9843
LeMans	1	-437.50607	560.105
LeMans	1	-437.6976	560.2278
LeMans	1	-437.89175	560.3525
LeMans	1	-438.08774	560.47815
LeMans	1	-438.2837	560.6039
LeMans	1	-438.47845	560.7289
LeMans	1	-438.67245	560.85315
LeMans	1	-438.866	560.9769
LeMans	1	-439.05933	561.1004
LeMans	1	-439.25223	561.2237
LeMans	1	-439.4446	561.3467
LeMans	1	-439.63635	561.4691
LeMans	1	-439.82748	561.59094
LeMans	1	-440.01813	561.7129
LeMans	1	-440.2097	561.8345
LeMans	1	-440.40323	561.958
LeMans	1	-440.60025	562.0837
LeMans	1	-440.80066	562.21106
LeMans	1	-441.00473	562.3403
LeMans	1	-441.21127	562.4712
LeMans	1	-441.4191	562.6031
LeMans	1	-441.627	562.73517
LeMans	1	-441.83356	562.86633
LeMans	1	-442.0367	562.99536
LeMans	1	-442.2406	563.12274
LeMans	1	-442.4476	563.24603
LeMans	1	-442.6549	563.365
LeMans	1	-442.86597	563.4814
LeMans	1	-443.07758	563.59576
LeMans	1	-443.28955	563.708
LeMans	1	-443.50073	563.81903
LeMans	1	-443.71094	563.92896
LeMans	1	-443.9197	564.03876
LeMans	1	-444.1262	564.1494
LeMans	1	-444.32996	564.262
LeMans	1	-444.53033	564.3773
LeMans	1	-444.72693	564.49615
LeMans	1	-444.9187	564.62067
LeMans	1	-445.10562	564.75055
LeMans	1	-445.28815	564.8849
LeMans	1	-445.4675	565.0217
LeMans	1	-445.64456	565.1593
LeMans	1	-445.8196	565.2972
LeMans	1	-445.99274	565.435
LeMans	1	-446.1641	565.5727
LeMans	1	-446.33365	565.70996
LeMans	1	-446.50162	565.8468
LeMans	1	-446.66803	565.9831
LeMans	1	-446.83295	566.1187
LeMans	1	-446.9974	566.2525
LeMans	1	-447.16467	566.38
LeMans	1	-447.33475	566.5015
LeMans	1	-447.50613	566.6192
LeMans	1	-447.67795	566.7341
LeMans	1	-447.84976	566.8467
LeMans	1	-448.02106	566.9579
LeMans	1	-448.19104	567.06866
LeMans	1	-448.35898	567.18024
LeMans	1	-448.52414	567.2936
LeMans	1	-448.68585	567.4097
LeMans	1	-448.8427	567.5308
LeMans	1	-448.99414	567.65784
LeMans	1	-449.1408	567.7895
LeMans	1	-449.28336	567.9249
LeMans	1	-449.42258	568.06274
LeMans	1	-449.55948	568.20154
LeMans	1	-449.6944	568.34076
LeMans	1	-449.82745	568.48004
LeMans	1	-449.95865	568.6192
LeMans	1	-450.0882	568.75806
LeMans	1	-450.2161	568.89636
LeMans	1	-450.34235	569.03406
LeMans	1	-450.4671	569.17114
LeMans	1	-450.59048	569.30756
LeMans	1	-450.71246	569.4432
LeMans	1	-450.83328	569.57825
LeMans	1	-450.95404	569.7143
LeMans	1	-451.0766	569.8529
LeMans	1	-451.20227	569.99457
LeMans	1	-451.33124	570.1393
LeMans	1	-451.463	570.2873
LeMans	1	-451.59726	570.4385
LeMans	1	-451.73355	570.5925
LeMans	1	-451.87192	570.7494
LeMans	1	-452.012	570.9085
LeMans	1	-452.15332	571.06903
LeMans	1	-452.29578	571.2298
LeMans	1	-452.4412	571.38806
LeMans	1	-452.59045	571.54193
LeMans	1	-452.74277	571.6924
LeMans	1	-452.89722	571.8405
LeMans	1	-453.05307	571.98663
LeMans	1	-453.20984	572.1313
LeMans	1	-453.36658	572.2752
LeMans	1	-453.5222	572.4192
LeMans	1	-453.67563	572.564
LeMans	1	-453.82608	572.71027
LeMans	1	-453.97284	572.8585
LeMans	1	-454.11496	573.0097
LeMans	1	-454.25073	573.1654
LeMans	1	-454.3817	573.32434
LeMans	1	-454.51102	573.48584
LeMans	1	-454.64093	573.65076
LeMans	1	-454.77078	573.8205
LeMans	1	-454.90005	573.99475
LeMans	1	-455.02942	574.1725
LeMans	1	-455.15945	574.35297
LeMans	1	-455.2905	574.536
LeMans	1	-455.42194	574.72046
LeMans	1	-455.5526	574.904
LeMans	1	-455.68182	575.0859
LeMans	1	-455.81006	575.26654
LeMans	1	-455.93796	575.4463
LeMans	1	-456.06537	575.6255
LeMans	1	-456.19238	575.8041
LeMans	1	-456.31885	575.9821
LeMans	1	-456.4449	576.1594
LeMans	1	-456.57034	576.33594
LeMans	1	-456.69525	576.51166
LeMans	1	-456.8194	576.6869
LeMans	1	-456.94434	576.8637
LeMans	1	-457.07193	577.04364
LeMans	1	-457.20273	577.22656
LeMans	1	-457.336	577.4125
LeMans	1	-457.47144	577.60114
LeMans	1	-457.60867	577.79254
LeMans	1	-457.7478	577.98663
LeMans	1	-457.88873	578.1826
LeMans	1	-458.03223	578.37744
LeMans	1	-458.179	578.5678
LeMans	1	-458.3284	578.7546
LeMans	1	-458.48004	578.9386
LeMans	1	-458.63358	579.12067
LeMans	1	-458.78836	579.3011
LeMans	1	-458.94373	579.48016
LeMans	1	-459.09885	579.6586
LeMans	1	-459.2526	579.83716
LeMans	1	-459.40387	580.0163
LeMans	1	-459.55188	580.1967
LeMans	1	-459.69592	580.37885
LeMans	1	-459.83514	580.5633
LeMans	1	-459.96783	580.75134
LeMans	1	-460.0942	580.9426
LeMans	1	-460.215	581.1364
LeMans	1	-460.33218	581.3311
LeMans	1	-460.44693	581.5257
LeMans	1	-460.55963	581.7197
LeMans	1	-460.67075	581.913
LeMans	1	-460.78226	582.10394
LeMans	1	-460.8974	582.2905
LeMans	1	-461.01578	582.473
LeMans	1	-461.13507	582.6531
LeMans	1	-461.2533	582.83203
LeMans	1	-461.36874	583.0111
LeMans	1	-461.47882	583.1921
LeMans	1	-461.58392	583.3748
LeMans	1	-461.68488	583.5588
LeMans	1	-461.78268	583.7433
LeMans	1	-461.87823	583.9277
LeMans	1	-461.97296	584.11115
LeMans	1	-462.07022	584.29156
LeMans	1	-462.1703	584.4686
LeMans	1	-462.2717	584.64343
LeMans	1	-462.37164	584.8175
LeMans	1	-462.46725	584.9926
LeMans	1	-462.5585	585.1689
LeMans	1	-462.64554	585.3461
LeMans	1	-462.72943	585.5238
LeMans	1	-462.811	585.7014
LeMans	1	-462.8907	585.87854
LeMans	1	-462.9687	586.0552
LeMans	1	-463.04547	586.23126
LeMans	1	-463.12198	586.4083
LeMans	1	-463.19937	586.5891
LeMans	1	-463.27792	586.77435
LeMans	1	-463.3579	586.964
LeMans	1	-463.43912	587.1579
LeMans	1	-463.52136	587.3556
LeMans	1	-463.60455	587.55707
LeMans	1	-463.68866	587.7621
LeMans	1	-463.77374	587.9705
LeMans	1	-463.85995	588.1826
LeMans	1	-463.94812	588.3989
LeMans	1	-464.03842	588.6198
LeMans	1	-464.13098	588.8453
LeMans	1	-464.22565	589.07556
LeMans	1	-464.32187	589.31067
LeMans	1	-464.41843	589.55133
LeMans	1	-464.51456	589.79785
LeMans	1	-464.61	590.05035
LeMans	1	-464.70514	590.30884
LeMans	1	-464.80023	590.57324
LeMans	1	-464.89594	590.84344
LeMans	1	-464.9932	591.11884
LeMans	1	-465.09235	591.39746
LeMans	1	-465.19275	591.67535
LeMans	1	-465.29495	591.9506
LeMans	1	-465.40015	592.2243
LeMans	1	-465.50916	592.49603
LeMans	1	-465.623	592.7654
LeMans	1	-465.7415	593.03235
LeMans	1	-465.8629	593.29724
LeMans	1	-465.9859	593.56036
LeMans	1	-466.1094	593.8219
LeMans	1	-466.23306	594.0819
LeMans	1	-466.35678	594.3402
LeMans	1	-466.48102	594.5964
LeMans	1	-466.60727	594.85
LeMans	1	-466.7362	595.1006
LeMans	1	-466.8678	595.34845
LeMans	1	-467.00143	595.5929
LeMans	1	-467.13675	595.8344
LeMans	1	-467.27295	596.07336
LeMans	1	-467.4089	596.31036
LeMans	1	-467.54343	596.54584
LeMans	1	-467.67563	596.7804
LeMans	1	-467.80487	597.01447
LeMans	1	-467.9313	597.24915
LeMans	1	-468.0555	597.48615
LeMans	1	-468.17783	597.7274
LeMans	1	-468.2982	597.9747
LeMans	1	-468.41684	598.2283
LeMans	1	-468.5338	598.4879
LeMans	1	-468.64908	598.75336
LeMans	1	-468.76248	599.0245
LeMans	1	-468.8724	599.3008
LeMans	1	-468.97894	599.5789
LeMans	1	-469.08472	599.85474
LeMans	1	-469.19098	600.12823
LeMans	1	-469.29807	600.40015
LeMans	1	-469.40588	600.67096
LeMans	1	-469.51385	600.94086
LeMans	1	-469.62167	601.20996
LeMans	1	-469.72916	601.47833
LeMans	1	-469.83624	601.7458
LeMans	1	-469.9428	602.0122
LeMans	1	-470.0507	602.27673
LeMans	1	-470.16248	602.53827
LeMans	1	-470.2787	602.7963
LeMans	1	-470.39783	603.05145
LeMans	1	-470.51892	603.3039
LeMans	1	-470.64133	603.5539
LeMans	1	-470.76437	603.8017
LeMans	1	-470.88715	604.0477
LeMans	1	-471.00827	604.29266
LeMans	1	-471.1267	604.537
LeMans	1	-471.24142	604.7814
LeMans	1	-471.35156	605.0261
LeMans	1	-471.4559	605.27203
LeMans	1	-471.55246	605.5201
LeMans	1	-471.64178	605.7699
LeMans	1	-471.72635	606.0203
LeMans	1	-471.80817	606.2703
LeMans	1	-471.8876	606.51953
LeMans	1	-471.9652	606.76794
LeMans	1	-472.04117	607.01514
LeMans	1	-472.1157	607.26117
LeMans	1	-472.18878	607.50586
LeMans	1	-472.26062	607.74945
LeMans	1	-472.3314	607.99243
LeMans	1	-472.40192	608.237
LeMans	1	-472.47314	608.48535
LeMans	1	-472.54553	608.73804
LeMans	1	-472.61902	608.99524
LeMans	1	-472.69293	609.2566
LeMans	1	-472.76715	609.5219
LeMans	1	-472.8419	609.7917
LeMans	1	-472.91763	610.0655
LeMans	1	-472.99457	610.34296
LeMans	1	-473.07205	610.6231
LeMans	1	-473.15027	610.90515
LeMans	1	-473.2291	611.1889
LeMans	1	-473.30847	611.47394
LeMans	1	-473.38815	611.7596
LeMans	1	-473.46786	612.0448
LeMans	1	-473.54752	612.32947
LeMans	1	-473.6271	612.61316
LeMans	1	-473.70654	612.89606
LeMans	1	-473.78592	613.17816
LeMans	1	-473.86523	613.4592
LeMans	1	-473.94455	613.7401
LeMans	1	-474.02457	614.0228
LeMans	1	-474.10574	614.309
LeMans	1	-474.18835	614.5994
LeMans	1	-474.27222	614.89374
LeMans	1	-474.3572	615.1915
LeMans	1	-474.44315	615.4926
LeMans	1	-474.53015	615.79736
LeMans	1	-474.6181	616.10535
LeMans	1	-474.7071	616.4169
LeMans	1	-474.7972	616.73224
LeMans	1	-474.8884	617.0512
LeMans	1	-474.98056	617.3743
LeMans	1	-475.07397	617.70154
LeMans	1	-475.16858	618.0328
LeMans	1	-475.2644	618.36847
LeMans	1	-475.3615	618.70844
LeMans	1	-475.45987	619.0529
LeMans	1	-475.55948	619.4019
LeMans	1	-475.66043	619.75543
LeMans	1	-475.7627	620.1138
LeMans	1	-475.86627	620.4771
LeMans	1	-475.97128	620.8451
LeMans	1	-476.07764	621.2178
LeMans	1	-476.1852	621.595
LeMans	1	-476.294	621.97656
LeMans	1	-476.40408	622.36285
LeMans	1	-476.51553	622.7536
LeMans	1	-476.62894	623.15137
LeMans	1	-476.7429	623.5511
LeMans	1	-476.85806	623.9553
LeMans	1	-476.97455	624.36395
LeMans	1	-477.09235	624.77716
LeMans	1	-477.21136	625.1948
LeMans	1	-477.33148	625.61646
LeMans	1	-477.45264	626.04175
LeMans	1	-477.57486	626.4708
LeMans	1	-477.69818	626.90375
LeMans	1	-477.82257	627.34064
LeMans	1	-477.94803	627.7812
LeMans	1	-478.0744	628.225
LeMans	1	-478.2015	628.6716
LeMans	1	-478.3293	629.12054
LeMans	1	-478.45776	629.57196
LeMans	1	-478.5868	630.02527
LeMans	1	-478.71625	630.4802
LeMans	1	-478.84573	630.9353
LeMans	1	-478.97495	631.38947
LeMans	1	-479.1038	631.8424
LeMans	1	-479.23233	632.2942
LeMans	1	-479.3604	632.74457
LeMans	1	-479.48813	633.1938
LeMans	1	-479.6154	633.6413
LeMans	1	-479.74213	634.0872
LeMans	1	-479.86835	634.5314
LeMans	1	-479.99405	634.97363
LeMans	1	-480.11914	635.41394
LeMans	1	-480.24362	635.8521
LeMans	1	-480.36755	636.2881
LeMans	1	-480.49088	636.7219
LeMans	1	-480.6136	637.15356
LeMans	1	-480.7357	637.58307
LeMans	1	-480.85718	638.01044
LeMans	1	-480.97803	638.4357
LeMans	1	-481.09827	638.85895
LeMans	1	-481.21786	639.28015
LeMans	1	-481.33685	639.6994
LeMans	1	-481.4553	640.11664
LeMans	1	-481.57324	640.532
LeMans	1	-481.6905	640.9453
LeMans	1	-481.80734	641.3568
LeMans	1	-481.9235	641.7663
LeMans	1	-482.03915	642.1738
LeMans	1	-482.15445	642.5794
LeMans	1	-482.27344	642.9819
LeMans	1	-482.3982	643.38055
LeMans	1	-482.52728	643.7759
LeMans	1	-482.65936	644.1683
LeMans	1	-482.79233	644.5583
LeMans	1	-482.924	644.94666
LeMans	1	-483.0528	645.33386
LeMans	1	-483.17725	645.7204
LeMans	1	-483.29553	646.10693
LeMans	1	-483.40463	646.4945
LeMans	1	-483.50607	646.8824
LeMans	1	-483.60367	647.2694
LeMans	1	-483.69897	647.65497
LeMans	1	-483.79285	648.0389
LeMans	1	-483.8856	648.42096
LeMans	1	-483.9774	648.8012
LeMans	1	-484.06836	649.17957
LeMans	1	-484.15854	649.55634
LeMans	1	-484.24832	649.93243
LeMans	1	-484.33893	650.31177
LeMans	1	-484.4307	650.696
LeMans	1	-484.52347	651.0854
LeMans	1	-484.61728	651.4803
LeMans	1	-484.71198	651.8799
LeMans	1	-484.80777	652.2844
LeMans	1	-484.90457	652.6928
LeMans	1	-485.00198	653.1025
LeMans	1	-485.0995	653.5111
LeMans	1	-485.197	653.91766
LeMans	1	-485.2945	654.3228
LeMans	1	-485.39194	654.7267
LeMans	1	-485.4892	655.12933
LeMans	1	-485.58627	655.53064
LeMans	1	-485.68307	655.93054
LeMans	1	-485.7795	656.329
LeMans	1	-485.87576	656.7268
LeMans	1	-485.9706	657.1225
LeMans	1	-486.06256	657.52246
LeMans	1	-486.1506	657.92804
LeMans	1	-486.23495	658.33905
LeMans	1	-486.31598	658.7545
LeMans	1	-486.3944	659.1733
LeMans	1	-486.472	659.59436
LeMans	1	-486.5491	660.01544
LeMans	1	-486.62753	660.4344
LeMans	1	-486.7092	660.8507
LeMans	1	-486.7973	661.26447
LeMans	1	-486.89456	661.6753
LeMans	1	-487.00104	662.0831
LeMans	1	-487.11566	662.48785
LeMans	1	-487.2335	662.89
LeMans	1	-487.35162	663.29016
LeMans	1	-487.4694	663.6882
LeMans	1	-487.5868	664.0842
LeMans	1	-487.70383	664.4782
LeMans	1	-487.8203	664.86993
LeMans	1	-487.93637	665.2596
LeMans	1	-488.05182	665.64716
LeMans	1	-488.16666	666.0328
LeMans	1	-488.28088	666.4164
LeMans	1	-488.39444	666.798
LeMans	1	-488.5073	667.17773
LeMans	1	-488.61948	667.55554
LeMans	1	-488.73102	667.9315
LeMans	1	-488.84222	668.30664
LeMans	1	-488.95288	668.68
LeMans	1	-489.06366	669.0542
LeMans	1	-489.17535	669.4319
LeMans	1	-489.2883	669.8143
LeMans	1	-489.40277	670.2018
LeMans	1	-489.51874	670.5941
LeMans	1	-489.6361	670.99176
LeMans	1	-489.75488	671.3942
LeMans	1	-489.87488	671.80164
LeMans	1	-489.9961	672.2137
LeMans	1	-490.11832	672.6295
LeMans	1	-490.2408	673.0469
LeMans	1	-490.36288	673.4632
LeMans	1	-490.48438	673.8773
LeMans	1	-490.60553	674.29004
LeMans	1	-490.72644	674.7018
LeMans	1	-490.84702	675.1125
LeMans	1	-490.96722	675.5219
LeMans	1	-491.0871	675.9301
LeMans	1	-491.20654	676.33704
LeMans	1	-491.32556	676.7423
LeMans	1	-491.44406	677.14594
LeMans	1	-491.562	677.54785
LeMans	1	-491.67957	677.9479
LeMans	1	-491.79648	678.3458
LeMans	1	-491.91275	678.7417
LeMans	1	-492.02847	679.13556
LeMans	1	-492.14355	679.52716
LeMans	1	-492.25803	679.9168
LeMans	1	-492.37186	680.30444
LeMans	1	-492.48502	680.6899
LeMans	1	-492.59772	681.0734
LeMans	1	-492.7098	681.4549
LeMans	1	-492.8215	681.8344
LeMans	1	-492.93472	682.21136
LeMans	1	-493.0503	682.5857
LeMans	1	-493.16757	682.95734
LeMans	1	-493.28537	683.3268
LeMans	1	-493.40228	683.6945
LeMans	1	-493.5172	684.06085
LeMans	1	-493.62912	684.42615
LeMans	1	-493.7371	684.7907
LeMans	1	-493.8419	685.1541
LeMans	1	-493.94592	685.5159
LeMans	1	-494.048	685.8762
LeMans	1	-494.14862	686.23505
LeMans	1	-494.24854	686.5921
LeMans	1	-494.34784	686.9474
LeMans	1	-494.44672	687.30084
LeMans	1	-494.5451	687.6526
LeMans	1	-494.643	688.0024
LeMans	1	-494.74042	688.35046
LeMans	1	-494.8374	688.6967
LeMans	1	-494.93396	689.04114
LeMans	1	-495.03003	689.3839
LeMans	1	-495.1257	689.72485
LeMans	1	-495.22092	690.06396
LeMans	1	-495.31564	690.40137
LeMans	1	-495.41025	690.73834
LeMans	1	-495.50543	691.0771
LeMans	1	-495.6016	691.41943
LeMans	1	-495.69888	691.7656
LeMans	1	-495.79724	692.11554
LeMans	1	-495.89664	692.4688
LeMans	1	-495.99692	692.8256
LeMans	1	-496.0981	693.1856
LeMans	1	-496.20023	693.5488
LeMans	1	-496.3033	693.9156
LeMans	1	-496.40707	694.2849
LeMans	1	-496.5111	694.6552
LeMans	1	-496.61508	695.02527
LeMans	1	-496.7189	695.39465
LeMans	1	-496.82242	695.7632
LeMans	1	-496.92572	696.13086
LeMans	1	-497.0287	696.49744
LeMans	1	-497.13135	696.86285
LeMans	1	-497.2337	697.22723
LeMans	1	-497.3357	697.5903
LeMans	1	-497.43723	697.952
LeMans	1	-497.53836	698.312
LeMans	1	-497.63895	698.67035
LeMans	1	-497.73904	699.0269
LeMans	1	-497.8387	699.38153
LeMans	1	-497.9385	699.73425
LeMans	1	-498.04178	700.0835
LeMans	1	-498.14917	700.4295
LeMans	1	-498.25916	700.7726
LeMans	1	-498.37027	701.1133
LeMans	1	-498.4808	701.4521
LeMans	1	-498.58963	701.7894
LeMans	1	-498.69592	702.1256
LeMans	1	-498.79898	702.46075
LeMans	1	-498.8983	702.7952
LeMans	1	-498.99265	703.1293
LeMans	1	-499.08218	703.463
LeMans	1	-499.16867	703.7959
LeMans	1	-499.25238	704.1276
LeMans	1	-499.33432	704.45795
LeMans	1	-499.41504	704.7867
LeMans	1	-499.49478	705.11383
LeMans	1	-499.5737	705.4393
LeMans	1	-499.65195	705.76306
LeMans	1	-499.72943	706.0851
LeMans	1	-499.80637	706.4055
LeMans	1	-499.88272	706.7243
LeMans	1	-499.9586	707.04126
LeMans	1	-500.03403	707.35657
LeMans	1	-500.109	707.6702
LeMans	1	-500.18378	707.98334
LeMans	1	-500.25888	708.2978
LeMans	1	-500.3349	708.6156
LeMans	1	-500.41135	708.937
LeMans	1	-500.48654	709.2624
LeMans	1	-500.55966	709.5917
LeMans	1	-500.63077	709.92444
LeMans	1	-500.70035	710.2591
LeMans	1	-500.76956	710.59326
LeMans	1	-500.83902	710.92523
LeMans	1	-500.90973	711.2551
LeMans	1	-500.98242	711.5833
LeMans	1	-501.0575	711.91003
LeMans	1	-501.1353	712.23517
LeMans	1	-501.21652	712.55835
LeMans	1	-501.29886	712.88007
LeMans	1	-501.3827	713.2002
LeMans	1	-501.46762	713.51855
LeMans	1	-501.55276	713.8352
LeMans	1	-501.6378	714.1501
LeMans	1	-501.7225	714.463
LeMans	1	-501.80682	714.7743
LeMans	1	-501.89072	715.08374
LeMans	1	-501.97412	715.3914
LeMans	1	-502.05707	715.69727
LeMans	1	-502.1395	716.0014
LeMans	1	-502.2214	716.30383
LeMans	1	-502.30276	716.6045
LeMans	1	-502.38367	716.90356
LeMans	1	-502.46396	717.201
LeMans	1	-502.54373	717.4969
LeMans	1	-502.62305	717.7911
LeMans	1	-502.70187	718.0837
LeMans	1	-502.78018	718.3747
LeMans	1	-502.85797	718.66406
LeMans	1	-502.9353	718.952
LeMans	1	-503.0126	719.23956
LeMans	1	-503.09055	719.52954
LeMans	1	-503.16937	719.82324
LeMans	1	-503.2492	720.12085
LeMans	1	-503.32996	720.4217
LeMans	1	-503.41135	720.7253
LeMans	1	-503.49316	721.0304
LeMans	1	-503.5751	721.3357
LeMans	1	-503.65668	721.6396
LeMans	1	-503.7378	721.9418
LeMans	1	-503.81854	722.2426
LeMans	1	-503.89908	722.5425
LeMans	1	-503.97934	722.8415
LeMans	1	-504.05936	723.13947
LeMans	1	-504.1391	723.4364
LeMans	1	-504.2189	723.7336
LeMans	1	-504.29926	724.0327
LeMans	1	-504.3806	724.3355
LeMans	1	-504.46304	724.6424
LeMans	1	-504.54645	724.9528
LeMans	1	-504.6307	725.26624
LeMans	1	-504.71573	725.5828
LeMans	1	-504.80148	725.90204
LeMans	1	-504.88773	726.22296
LeMans	1	-504.97418	726.54443
LeMans	1	-505.06033	726.8651
LeMans	1	-505.1462	727.1844
LeMans	1	-505.23178	727.5025
LeMans	1	-505.31705	727.8195
LeMans	1	-505.4021	728.13556
LeMans	1	-505.48694	728.45087
LeMans	1	-505.57144	728.7648
LeMans	1	-505.65564	729.07764
LeMans	1	-505.73947	729.3891
LeMans	1	-505.82297	729.6991
LeMans	1	-505.90546	730.0076
LeMans	1	-505.98343	730.3156
LeMans	1	-506.05627	730.6231
LeMans	1	-506.12506	730.9295
LeMans	1	-506.19052	731.2349
LeMans	1	-506.2537	731.53894
LeMans	1	-506.31586	731.84155
LeMans	1	-506.37842	732.1419
LeMans	1	-506.44275	732.44037
LeMans	1	-506.50964	732.7364
LeMans	1	-506.57968	733.02997
LeMans	1	-506.65323	733.32043
LeMans	1	-506.72958	733.6089
LeMans	1	-506.8119	733.89453
LeMans	1	-506.8982	734.1772
LeMans	1	-506.98666	734.4577
LeMans	1	-507.07562	734.73645
LeMans	1	-507.16412	735.0131
LeMans	1	-507.2525	735.28827
LeMans	1	-507.34125	735.5617
LeMans	1	-507.43024	735.83344
LeMans	1	-507.51913	736.10333
LeMans	1	-507.60797	736.3717
LeMans	1	-507.6965	736.63837
LeMans	1	-507.78476	736.90344
LeMans	1	-507.87262	737.1669
LeMans	1	-507.96002	737.4287
LeMans	1	-508.04492	737.6896
LeMans	1	-508.12402	737.9507
LeMans	1	-508.19717	738.21204
LeMans	1	-508.26627	738.473
LeMans	1	-508.33234	738.7333
LeMans	1	-508.396	738.9928
LeMans	1	-508.45786	739.25116
LeMans	1	-508.51892	739.5082
LeMans	1	-508.58044	739.7634
LeMans	1	-508.64374	740.0166
LeMans	1	-508.70996	740.26764
LeMans	1	-508.77994	740.51605
LeMans	1	-508.8551	740.76184
LeMans	1	-508.9364	741.0046
LeMans	1	-509.01962	741.2453
LeMans	1	-509.10114	741.485
LeMans	1	-509.18033	741.72394
LeMans	1	-509.25766	741.96204
LeMans	1	-509.33365	742.1989
LeMans	1	-509.40897	742.4346
LeMans	1	-509.48422	742.6688
LeMans	1	-509.56046	742.90125
LeMans	1	-509.6395	743.1315
LeMans	1	-509.72275	743.35895
LeMans	1	-509.81323	743.58264
LeMans	1	-509.91275	743.80145
LeMans	1	-510.01913	744.0155
LeMans	1	-510.12994	744.2259
LeMans	1	-510.2437	744.43274
LeMans	1	-510.3596	744.6365
LeMans	1	-510.47726	744.83716
LeMans	1	-510.5964	745.03503
LeMans	1	-510.7168	745.23004
LeMans	1	-510.83826	745.4225
LeMans	1	-510.96088	745.613
LeMans	1	-511.08514	745.8026
LeMans	1	-511.21158	745.99335
LeMans	1	-511.34058	746.1859
LeMans	1	-511.4721	746.38074
LeMans	1	-511.6061	746.57794
LeMans	1	-511.74265	746.7774
LeMans	1	-511.88147	746.9792
LeMans	1	-512.0225	747.18304
LeMans	1	-512.165	747.38824
LeMans	1	-512.3073	747.59296
LeMans	1	-512.4486	747.796
LeMans	1	-512.5873	747.99896
LeMans	1	-512.71967	748.20514
LeMans	1	-512.84564	748.4149
LeMans	1	-512.96796	748.62616
LeMans	1	-513.08795	748.83813
LeMans	1	-513.2062	749.0503
LeMans	1	-513.323	749.2621
LeMans	1	-513.43884	749.4732
LeMans	1	-513.5545	749.6829
LeMans	1	-513.6711	749.8903
LeMans	1	-513.78973	750.0947
LeMans	1	-513.91113	750.29584
LeMans	1	-514.03516	750.49384
LeMans	1	-514.1609	750.6895
LeMans	1	-514.28735	750.8838
LeMans	1	-514.41437	751.0771
LeMans	1	-514.5417	751.26935
LeMans	1	-514.66895	751.46045
LeMans	1	-514.7963	751.6504
LeMans	1	-514.9241	751.83875
LeMans	1	-515.0524	752.0252
LeMans	1	-515.1815	752.20953
LeMans	1	-515.31165	752.39154
LeMans	1	-515.443	752.5711
LeMans	1	-515.5755	752.7481
LeMans	1	-515.70935	752.9216
LeMans	1	-515.84515	753.0904
LeMans	1	-515.9841	753.25366
LeMans	1	-516.1285	753.40967
LeMans	1	-516.2794	753.557
LeMans	1	-516.4355	753.6961
LeMans	1	-516.5954	753.82715
LeMans	1	-516.75824	753.95123
LeMans	1	-516.9241	754.06793
LeMans	1	-517.09296	754.1784
LeMans	1	-517.26465	754.2828
LeMans	1	-517.43634	754.3846
LeMans	1	-517.60425	754.4887
LeMans	1	-517.76654	754.5982
LeMans	1	-517.92523	754.711
LeMans	1	-518.0825	754.82465
LeMans	1	-518.2388	754.9371
LeMans	1	-518.3945	755.04645
LeMans	1	-518.5511	755.15045
LeMans	1	-518.712	755.2447
LeMans	1	-518.87695	755.3279
LeMans	1	-519.044	755.4027
LeMans	1	-519.212	755.47015
LeMans	1	-519.3803	755.5308
LeMans	1	-519.5485	755.58545
LeMans	1	-519.71655	755.63446
LeMans	1	-519.8857	755.6792
LeMans	1	-520.05786	755.72095
LeMans	1	-520.23364	755.7606
LeMans	1	-520.4133	755.7989
LeMans	1	-520.5972	755.83606
LeMans	1	-520.78503	755.8725
LeMans	1	-520.97656	755.9083
LeMans	1	-521.17175	755.9446
LeMans	1	-521.36884	755.9828
LeMans	1	-521.56305	756.02704
LeMans	1	-521.75323	756.0782
LeMans	1	-521.9409	756.1349
LeMans	1	-522.1283	756.19196
LeMans	1	-522.3165	756.2448
LeMans	1	-522.50653	756.28973
LeMans	1	-522.6982	756.327
LeMans	1	-522.89056	756.3585
LeMans	1	-523.0831	756.3857
LeMans	1	-523.2754	756.40967
LeMans	1	-523.467	756.4306
LeMans	1	-523.6575	756.4487
LeMans	1	-523.84674	756.4642
LeMans	1	-524.0348	756.4774
LeMans	1	-524.2214	756.4885
LeMans	1	-524.4064	756.4976
LeMans	1	-524.59015	756.50507
LeMans	1	-524.77496	756.5109
LeMans	1	-524.96277	756.51575
LeMans	1	-525.1539	756.51996
LeMans	1	-525.348	756.5237
LeMans	1	-525.54504	756.5267
LeMans	1	-525.7448	756.5293
LeMans	1	-525.94653	756.53156
LeMans	1	-526.14844	756.53357
LeMans	1	-526.34955	756.5354
LeMans	1	-526.54913	756.537
LeMans	1	-526.7475	756.5386
LeMans	1	-526.94507	756.54016
LeMans	1	-527.1421	756.5416
LeMans	1	-527.33844	756.54333
LeMans	1	-527.5341	756.54663
LeMans	1	-527.7289	756.55646
LeMans	1	-527.9228	756.5724
LeMans	1	-528.1169	756.5911
LeMans	1	-528.31384	756.6106
LeMans	1	-528.5149	756.6312
LeMans	1	-528.7194	756.6538
LeMans	1	-528.9261	756.6786
LeMans	1	-529.1342	756.70544
LeMans	1	-529.3436	756.7327
LeMans	1	-529.5537	756.7575
LeMans	1	-529.76306	756.77795
LeMans	1	-529.97064	756.79254
LeMans	1	-530.17676	756.802
LeMans	1	-530.382	756.80865
LeMans	1	-530.58636	756.8148
LeMans	1	-530.7898	756.8214
LeMans	1	-530.9923	756.829
LeMans	1	-531.19415	756.8372
LeMans	1	-531.3951	756.84595
LeMans	1	-531.59515	756.8545
LeMans	1	-531.79456	756.862
LeMans	1	-531.9933	756.86676
LeMans	1	-532.1915	756.8672
LeMans	1	-532.38904	756.8611
LeMans	1	-532.58563	756.84503
LeMans	1	-532.7808	756.82056
LeMans	1	-532.9742	756.7894
LeMans	1	-533.16364	756.7553
LeMans	1	-533.3496	756.721
LeMans	1	-533.53485	756.68365
LeMans	1	-533.7193	756.64264
LeMans	1	-533.90356	756.5996
LeMans	1	-534.0858	756.5514
LeMans	1	-534.26465	756.49927
LeMans	1	-534.4431	756.44684
LeMans	1	-534.6222	756.3941
LeMans	1	-534.79584	756.3442
LeMans	1	-534.9696	756.29193
LeMans	1	-535.14307	756.23425
LeMans	1	-535.3167	756.17816
LeMans	1	-535.49255	756.121
LeMans	1	-535.6734	756.0625
LeMans	1	-535.85956	756.00226
LeMans	1	-536.04956	755.93976
LeMans	1	-536.2424	755.8754
LeMans	1	-536.43774	755.8096
LeMans	1	-536.6358	755.742
LeMans	1	-536.8376	755.6731
LeMans	1	-537.0439	755.60284
LeMans	1	-537.2546	755.5307
LeMans	1	-537.4693	755.45544
LeMans	1	-537.6872	755.3763
LeMans	1	-537.90564	755.29333
LeMans	1	-538.1219	755.2078
LeMans	1	-538.33636	755.12024
LeMans	1	-538.54974	755.0311
LeMans	1	-538.76245	754.9415
LeMans	1	-538.97485	754.8527
LeMans	1	-539.1872	754.7657
LeMans	1	-539.3997	754.6814
LeMans	1	-539.61273	754.60016
LeMans	1	-539.8264	754.52277
LeMans	1	-540.04065	754.4501
LeMans	1	-540.256	754.3829
LeMans	1	-540.4725	754.32196
LeMans	1	-540.68976	754.2668
LeMans	1	-540.9069	754.21576
LeMans	1	-541.12317	754.1671
LeMans	1	-541.33826	754.12
LeMans	1	-541.5519	754.0742
LeMans	1	-541.764	754.0296
LeMans	1	-541.9744	753.986
LeMans	1	-542.1833	753.9432
LeMans	1	-542.39056	753.9012
LeMans	1	-542.59625	753.85974
LeMans	1	-542.80035	753.819
LeMans	1	-543.003	753.7786
LeMans	1	-543.2041	753.73883
LeMans	1	-543.4038	753.6992
LeMans	1	-543.6021	753.6599
LeMans	1	-543.7995	753.621
LeMans	1	-543.9981	753.58215
LeMans	1	-544.19977	753.5425
LeMans	1	-544.40497	753.50146
LeMans	1	-544.6137	753.45953
LeMans	1	-544.826	753.41656
LeMans	1	-545.0417	753.37286
LeMans	1	-545.2609	753.32825
LeMans	1	-545.48364	753.283
LeMans	1	-545.7098	753.2369
LeMans	1	-545.93964	753.1899
LeMans	1	-546.1734	753.142
LeMans	1	-546.41095	753.09326
LeMans	1	-546.65173	753.04376
LeMans	1	-546.894	752.9937
LeMans	1	-547.1353	752.9438
LeMans	1	-547.3757	752.8943
LeMans	1	-547.6157	752.84467
LeMans	1	-547.8553	752.7953
LeMans	1	-548.0943	752.7459
LeMans	1	-548.3327	752.6967
LeMans	1	-548.5704	752.64764
LeMans	1	-548.8072	752.59863
LeMans	1	-549.043	752.55
LeMans	1	-549.278	752.5013
LeMans	1	-549.51404	752.45245
LeMans	1	-549.75323	752.40314
LeMans	1	-549.99634	752.3528
LeMans	1	-550.243	752.3019
LeMans	1	-550.493	752.25024
LeMans	1	-550.7462	752.1978
LeMans	1	-551.0026	752.1449
LeMans	1	-551.26227	752.09125
LeMans	1	-551.52484	752.037
LeMans	1	-551.7888	751.98267
LeMans	1	-552.0517	751.92834
LeMans	1	-552.31305	751.87445
LeMans	1	-552.5735	751.8207
LeMans	1	-552.8335	751.768
LeMans	1	-553.09357	751.7183
LeMans	1	-553.35376	751.67267
LeMans	1	-553.6137	751.6306
LeMans	1	-553.8734	751.5917
LeMans	1	-554.1323	751.5547
LeMans	1	-554.3901	751.51794
LeMans	1	-554.6462	751.4806
LeMans	1	-554.9006	751.4415
LeMans	1	-555.1531	751.40015
LeMans	1	-555.4033	751.3555
LeMans	1	-555.6513	751.307
LeMans	1	-555.8967	751.25336
LeMans	1	-556.1398	751.19543
LeMans	1	-556.38074	751.1351
LeMans	1	-556.6198	751.07336
LeMans	1	-556.8571	751.011
LeMans	1	-557.0926	750.9482
LeMans	1	-557.32654	750.8853
LeMans	1	-557.55896	750.8224
LeMans	1	-557.7897	750.7595
LeMans	1	-558.0189	750.6967
LeMans	1	-558.24664	750.6343
LeMans	1	-558.47296	750.572
LeMans	1	-558.6982	750.5098
LeMans	1	-558.92474	750.447
LeMans	1	-559.15497	750.38324
LeMans	1	-559.3896	750.3185
LeMans	1	-559.6283	750.25085
LeMans	1	-559.8703	750.1795
LeMans	1	-560.1159	750.1052
LeMans	1	-560.36426	750.02814
LeMans	1	-560.61395	749.949
LeMans	1	-560.8627	749.86865
LeMans	1	-561.1095	749.7882
LeMans	1	-561.3554	749.709
LeMans	1	-561.6013	749.63184
LeMans	1	-561.8478	749.5578
LeMans	1	-562.09485	749.4874
LeMans	1	-562.34265	749.4212
LeMans	1	-562.5913	749.3606
LeMans	1	-562.84076	749.3055
LeMans	1	-563.0901	749.2539
LeMans	1	-563.3388	749.2045
LeMans	1	-563.58636	749.15686
LeMans	1	-563.8328	749.1103
LeMans	1	-564.0777	749.0648
LeMans	1	-564.32117	749.02014
LeMans	1	-564.5648	748.9757
LeMans	1	-564.8109	748.9312
LeMans	1	-565.0605	748.8862
LeMans	1	-565.3134	748.8408
LeMans	1	-565.56934	748.79504
LeMans	1	-565.8285	748.75006
LeMans	1	-566.0905	748.70764
LeMans	1	-566.35376	748.6689
LeMans	1	-566.61646	748.63367
LeMans	1	-566.87775	748.6017
LeMans	1	-567.13806	748.572
LeMans	1	-567.39746	748.5431
LeMans	1	-567.65594	748.514
LeMans	1	-567.91315	748.4832
LeMans	1	-568.1691	748.4502
LeMans	1	-568.4237	748.4143
LeMans	1	-568.6766	748.37476
LeMans	1	-568.92773	748.331
LeMans	1	-569.1768	748.28186
LeMans	1	-569.42365	748.2267
LeMans	1	-569.66833	748.1682
LeMans	1	-569.91113	748.10785
LeMans	1	-570.15216	748.04645
LeMans	1	-570.39136	747.9844
LeMans	1	-570.6288	747.9219
LeMans	1	-570.86444	747.8594
LeMans	1	-571.09845	747.79675
LeMans	1	-571.33075	747.73425
LeMans	1	-571.56146	747.67175
LeMans	1	-571.7907	747.60944
LeMans	1	-572.0201	747.5467
LeMans	1	-572.25214	747.48303
LeMans	1	-572.48773	747.4188
LeMans	1	-572.7265	747.3539
LeMans	1	-572.96814	747.2882
LeMans	1	-573.21204	747.2221
LeMans	1	-573.45636	747.156
LeMans	1	-573.6993	747.0904
LeMans	1	-573.94037	747.02515
LeMans	1	-574.18024	746.9604
LeMans	1	-574.4193	746.89594
LeMans	1	-574.6576	746.83185
LeMans	1	-574.89514	746.7681
LeMans	1	-575.13184	746.7048
LeMans	1	-575.36755	746.6418
LeMans	1	-575.60236	746.5791
LeMans	1	-575.8359	746.517
LeMans	1	-576.0682	746.4553
LeMans	1	-576.299	746.394
LeMans	1	-576.5285	746.33325
LeMans	1	-576.75653	746.27277
LeMans	1	-576.9831	746.21277
LeMans	1	-577.2082	746.15326
LeMans	1	-577.4319	746.09406
LeMans	1	-577.6541	746.0353
LeMans	1	-577.87494	745.9769
LeMans	1	-578.0944	745.9189
LeMans	1	-578.3125	745.8612
LeMans	1	-578.52924	745.8039
LeMans	1	-578.74475	745.74695
LeMans	1	-578.9603	745.6907
LeMans	1	-579.178	745.638
LeMans	1	-579.3988	745.58887
LeMans	1	-579.62274	745.5427
LeMans	1	-579.8496	745.499
LeMans	1	-580.0791	745.45746
LeMans	1	-580.3107	745.41797
LeMans	1	-580.54297	745.3807
LeMans	1	-580.77344	745.3452
LeMans	1	-581.002	745.3103
LeMans	1	-581.2292	745.2743
LeMans	1	-581.455	745.2361
LeMans	1	-581.67944	745.19434
LeMans	1	-581.9023	745.14813
LeMans	1	-582.12335	745.0964
LeMans	1	-582.34235	745.03754
LeMans	1	-582.5591	744.9722
LeMans	1	-582.77356	744.9013
LeMans	1	-582.9856	744.8253
LeMans	1	-583.1951	744.7444
LeMans	1	-583.40234	744.6605
LeMans	1	-583.6091	744.58124
LeMans	1	-583.81635	744.5102
LeMans	1	-584.0234	744.44476
LeMans	1	-584.22943	744.38184
LeMans	1	-584.43414	744.3201
LeMans	1	-584.6373	744.2586
LeMans	1	-584.8387	744.1962
LeMans	1	-585.0383	744.13306
LeMans	1	-585.2362	744.069
LeMans	1	-585.43256	744.0043
LeMans	1	-585.6274	743.93866
LeMans	1	-585.8206	743.872
LeMans	1	-586.0122	743.80414
LeMans	1	-586.20215	743.73474
LeMans	1	-586.3903	743.66364
LeMans	1	-586.5766	743.5907
LeMans	1	-586.76074	743.51434
LeMans	1	-586.9421	743.4331
LeMans	1	-587.11945	743.3443
LeMans	1	-587.2915	743.2462
LeMans	1	-587.45856	743.14124
LeMans	1	-587.6205	743.03046
LeMans	1	-587.7771	742.9143
LeMans	1	-587.92896	742.7928
LeMans	1	-588.0751	742.66785
LeMans	1	-588.21545	742.53937
LeMans	1	-588.35	742.4075
LeMans	1	-588.4787	742.27234
LeMans	1	-588.6024	742.1353
LeMans	1	-588.72266	741.99805
LeMans	1	-588.83997	741.8609
LeMans	1	-588.95465	741.7241
LeMans	1	-589.06696	741.58813
LeMans	1	-589.1771	741.4526
LeMans	1	-589.28516	741.3175
LeMans	1	-589.39124	741.1831
LeMans	1	-589.4955	741.0496
LeMans	1	-589.598	740.917
LeMans	1	-589.69904	740.7855
LeMans	1	-589.7986	740.6551
LeMans	1	-589.897	740.52496
LeMans	1	-589.9955	740.39374
LeMans	1	-590.0955	740.25977
LeMans	1	-590.1981	740.1231
LeMans	1	-590.3037	739.9837
LeMans	1	-590.41187	739.84155
LeMans	1	-590.52203	739.6963
LeMans	1	-590.63416	739.5484
LeMans	1	-590.748	739.3979
LeMans	1	-590.86395	739.2454
LeMans	1	-590.98145	739.09216
LeMans	1	-591.10144	738.9407
LeMans	1	-591.2254	738.7932
LeMans	1	-591.3519	738.64856
LeMans	1	-591.47986	738.5056
LeMans	1	-591.6087	738.3635
LeMans	1	-591.73785	738.2219
LeMans	1	-591.867	738.08075
LeMans	1	-591.99554	737.9401
LeMans	1	-592.1234	737.7998
LeMans	1	-592.2503	737.6599
LeMans	1	-592.37604	737.5204
LeMans	1	-592.5008	737.3815
LeMans	1	-592.6249	737.24347
LeMans	1	-592.7493	737.1052
LeMans	1	-592.8758	736.96436
LeMans	1	-593.00446	736.8201
LeMans	1	-593.13525	736.67303
LeMans	1	-593.268	736.5233
LeMans	1	-593.40234	736.3709
LeMans	1	-593.5381	736.21564
LeMans	1	-593.6745	736.0578
LeMans	1	-593.81	735.8987
LeMans	1	-593.9425	735.738
LeMans	1	-594.07074	735.57477
LeMans	1	-594.1936	735.40735
LeMans	1	-594.3089	735.23395
LeMans	1	-594.4168	735.0553
LeMans	1	-594.51794	734.87274
LeMans	1	-594.6125	734.6868
LeMans	1	-594.70056	734.4985
LeMans	1	-594.782	734.3084
LeMans	1	-594.857	734.117
LeMans	1	-594.9272	733.9256
LeMans	1	-594.9944	733.7352
LeMans	1	-595.059	733.546
LeMans	1	-595.1212	733.3581
LeMans	1	-595.181	733.1713
LeMans	1	-595.23865	732.98584
LeMans	1	-595.2941	732.80176
LeMans	1	-595.3478	732.6192
LeMans	1	-595.3996	732.43805
LeMans	1	-595.4499	732.2585
LeMans	1	-595.49884	732.0805
LeMans	1	-595.54645	731.9039
LeMans	1	-595.59314	731.72876
LeMans	1	-595.63885	731.5548
LeMans	1	-595.6838	731.3823
LeMans	1	-595.7279	731.21075
LeMans	1	-595.77155	731.03876
LeMans	1	-595.81537	730.86456
LeMans	1	-595.86005	730.68805
LeMans	1	-595.9058	730.50867
LeMans	1	-595.9527	730.32684
LeMans	1	-596.00055	730.1427
LeMans	1	-596.04944	729.9562
LeMans	1	-596.09894	729.76855
LeMans	1	-596.14856	729.58105
LeMans	1	-596.1979	729.3949
LeMans	1	-596.247	729.20966
LeMans	1	-596.2959	729.0252
LeMans	1	-596.3449	728.8414
LeMans	1	-596.394	728.6581
LeMans	1	-596.4432	728.4753
LeMans	1	-596.4925	728.2933
LeMans	1	-596.5419	728.112
LeMans	1	-596.5914	727.93176
LeMans	1	-596.64087	727.7526
LeMans	1	-596.69037	727.5742
LeMans	1	-596.74036	727.39465
LeMans	1	-596.7915	727.2118
LeMans	1	-596.8444	727.0246
LeMans	1	-596.9012	726.8338
LeMans	1	-596.96094	726.63947
LeMans	1	-597.023	726.44196
LeMans	1	-597.0873	726.2414
LeMans	1	-597.1535	726.0385
LeMans	1	-597.22174	725.8357
LeMans	1	-597.29254	725.63434
LeMans	1	-597.36475	725.4346
LeMans	1	-597.4372	725.2356
LeMans	1	-597.5086	725.0364
LeMans	1	-597.5774	724.8368
LeMans	1	-597.6426	724.63617
LeMans	1	-597.7033	724.4344
LeMans	1	-597.7585	724.2313
LeMans	1	-597.8067	724.0267
LeMans	1	-597.8484	723.82074
LeMans	1	-597.8843	723.6139
LeMans	1	-597.91473	723.4065
LeMans	1	-597.9401	723.199
LeMans	1	-597.9602	722.99146
LeMans	1	-597.97675	722.7846
LeMans	1	-597.9919	722.57904
LeMans	1	-598.0061	722.3753
LeMans	1	-598.01984	722.17316
LeMans	1	-598.033	721.97296
LeMans	1	-598.0456	721.7744
LeMans	1	-598.0575	721.5777
LeMans	1	-598.0688	721.38257
LeMans	1	-598.0795	721.1892
LeMans	1	-598.0898	720.9973
LeMans	1	-598.0996	720.8067
LeMans	1	-598.1093	720.61743
LeMans	1	-598.11865	720.42944
LeMans	1	-598.12775	720.2426
LeMans	1	-598.13635	720.05536
LeMans	1	-598.1449	719.86536
LeMans	1	-598.15393	719.6714
LeMans	1	-598.1639	719.4728
LeMans	1	-598.17444	719.26965
LeMans	1	-598.18494	719.0624
LeMans	1	-598.1953	718.85144
LeMans	1	-598.2056	718.63684
LeMans	1	-598.216	718.4188
LeMans	1	-598.22675	718.197
LeMans	1	-598.238	717.9739
LeMans	1	-598.2494	717.7523
LeMans	1	-598.2622	717.5319
LeMans	1	-598.2784	717.3121
LeMans	1	-598.2995	717.0927
LeMans	1	-598.32465	716.8739
LeMans	1	-598.35284	716.6557
LeMans	1	-598.38336	716.4382
LeMans	1	-598.4151	716.2215
LeMans	1	-598.44684	716.0056
LeMans	1	-598.47723	715.7905
LeMans	1	-598.5052	715.5764
LeMans	1	-598.52985	715.3631
LeMans	1	-598.55035	715.15094
LeMans	1	-598.5651	714.9395
LeMans	1	-598.57227	714.7284
LeMans	1	-598.57355	714.51825
LeMans	1	-598.57166	714.3094
LeMans	1	-598.56757	714.1016
LeMans	1	-598.56177	713.8953
LeMans	1	-598.5547	713.6903
LeMans	1	-598.5466	713.4866
LeMans	1	-598.5377	713.2842
LeMans	1	-598.5282	713.08325
LeMans	1	-598.51825	712.8837
LeMans	1	-598.5079	712.68555
LeMans	1	-598.49725	712.48865
LeMans	1	-598.4864	712.2932
LeMans	1	-598.47534	712.09906
LeMans	1	-598.4642	711.9061
LeMans	1	-598.453	711.71436
LeMans	1	-598.44183	711.52374
LeMans	1	-598.43066	711.3343
LeMans	1	-598.4197	711.14606
LeMans	1	-598.4088	710.9592
LeMans	1	-598.39813	710.7732
LeMans	1	-598.3876	710.5883
LeMans	1	-598.37695	710.4033
LeMans	1	-598.3663	710.2165
LeMans	1	-598.3557	710.02655
LeMans	1	-598.3452	709.8328
LeMans	1	-598.3349	709.63446
LeMans	1	-598.32446	709.4317
LeMans	1	-598.3138	709.2249
LeMans	1	-598.3028	709.01434
LeMans	1	-598.2917	708.7997
LeMans	1	-598.2804	708.5806
LeMans	1	-598.2691	708.3569
LeMans	1	-598.2576	708.1285
LeMans	1	-598.2459	707.8952
LeMans	1	-598.23395	707.6571
LeMans	1	-598.2219	707.41394
LeMans	1	-598.20966	707.1656
LeMans	1	-598.19836	706.9125
LeMans	1	-598.1901	706.65405
LeMans	1	-598.1856	706.3903
LeMans	1	-598.1845	706.1211
LeMans	1	-598.186	705.84607
LeMans	1	-598.1897	705.5651
LeMans	1	-598.1953	705.2787
LeMans	1	-598.2024	704.9864
LeMans	1	-598.21063	704.6884
LeMans	1	-598.2196	704.38477
LeMans	1	-598.2288	704.0752
LeMans	1	-598.2369	703.7604
LeMans	1	-598.2428	703.44196
LeMans	1	-598.24664	703.12067
LeMans	1	-598.24725	702.7957
LeMans	1	-598.2429	702.46594
LeMans	1	-598.23254	702.1306
LeMans	1	-598.2162	701.7895
LeMans	1	-598.19366	701.4425
LeMans	1	-598.1646	701.08966
LeMans	1	-598.1287	700.73126
LeMans	1	-598.086	700.36755
LeMans	1	-598.0364	699.9989
LeMans	1	-597.97955	699.62415
LeMans	1	-597.9167	699.2439
LeMans	1	-597.8508	698.85803
LeMans	1	-597.78357	698.4667
LeMans	1	-597.7158	698.0697
LeMans	1	-597.6472	697.66785
LeMans	1	-597.5786	697.2653
LeMans	1	-597.5135	696.86536
LeMans	1	-597.4546	696.4683
LeMans	1	-597.4035	696.07196
LeMans	1	-597.36115	695.6747
LeMans	1	-597.3227	695.2772
LeMans	1	-597.2855	694.8799
LeMans	1	-597.24817	694.4833
LeMans	1	-597.2091	694.0877
LeMans	1	-597.16644	693.6937
LeMans	1	-597.1186	693.30164
LeMans	1	-597.06195	692.91187
LeMans	1	-596.99506	692.5251
LeMans	1	-596.91907	692.1415
LeMans	1	-596.83765	691.761
LeMans	1	-596.7538	691.38324
LeMans	1	-596.66833	691.0078
LeMans	1	-596.5815	690.6349
LeMans	1	-596.4937	690.26465
LeMans	1	-596.40497	689.8963
LeMans	1	-596.3148	689.5272
LeMans	1	-596.2228	689.1561
LeMans	1	-596.12885	688.7818
LeMans	1	-596.0326	688.40356
LeMans	1	-595.93414	688.0217
LeMans	1	-595.83356	687.636
LeMans	1	-595.7311	687.24664
LeMans	1	-595.6267	686.8535
LeMans	1	-595.52075	686.45654
LeMans	1	-595.4133	686.05585
LeMans	1	-595.3048	685.65137
LeMans	1	-595.19525	685.24316
LeMans	1	-595.08496	684.83105
LeMans	1	-594.97406	684.4152
LeMans	1	-594.86273	683.99536
LeMans	1	-594.7512	683.5721
LeMans	1	-594.63965	683.14545
LeMans	1	-594.52795	682.7154
LeMans	1	-594.416	682.2817
LeMans	1	-594.30365	681.8444
LeMans	1	-594.1908	681.40356
LeMans	1	-594.07715	680.959
LeMans	1	-593.96277	680.5109
LeMans	1	-593.8476	680.0597
LeMans	1	-593.73175	679.6055
LeMans	1	-593.61523	679.14905
LeMans	1	-593.4984	678.69116
LeMans	1	-593.38153	678.2327
LeMans	1	-593.2518	677.7242
LeMans	1	-593.1031	677.14154
LeMans	1	-592.9834	676.6721
LeMans	1	-592.8675	676.21735
LeMans	1	-592.7519	675.76404
LeMans	1	-592.6366	675.31226
LeMans	1	-592.5218	674.86194
LeMans	1	-592.40735	674.41345
LeMans	1	-592.29333	673.96655
LeMans	1	-592.1799	673.5216
LeMans	1	-592.0669	673.0787
LeMans	1	-591.9544	672.6378
LeMans	1	-591.8427	672.2
LeMans	1	-591.73114	671.7627
LeMans	1	-591.6191	671.32336
LeMans	1	-591.50586	670.8798
LeMans	1	-591.3915	670.4312
LeMans	1	-591.27563	669.977
LeMans	1	-591.15826	669.517
LeMans	1	-591.0394	669.05115
LeMans	1	-590.9191	668.5798
LeMans	1	-590.79755	668.10297
LeMans	1	-590.6746	667.6209
LeMans	1	-590.5504	667.13403
LeMans	1	-590.42523	666.64325
LeMans	1	-590.2996	666.15076
LeMans	1	-590.17413	665.659
LeMans	1	-590.0491	665.1688
LeMans	1	-589.924	664.68
LeMans	1	-589.79626	664.19275
LeMans	1	-589.6633	663.70764
LeMans	1	-589.5255	663.225
LeMans	1	-589.3836	662.74445
LeMans	1	-589.23865	662.2663
LeMans	1	-589.09155	661.7902
LeMans	1	-588.944	661.316
LeMans	1	-588.798	660.84296
LeMans	1	-588.65546	660.37067
LeMans	1	-588.5184	659.89874
LeMans	1	-588.3898	659.4262
LeMans	1	-588.269	658.939
LeMans	1	-588.15784	658.4473
LeMans	1	-588.05255	657.95856
LeMans	1	-587.9489	657.468
LeMans	1	-587.84344	656.96344
LeMans	1	-587.74207	656.4736
LeMans	1	-587.6428	655.9906
LeMans	1	-587.54395	655.5071
LeMans	1	-587.4465	655.0285
LeMans	1	-587.3492	654.5491
LeMans	1	-587.2529	654.0744
LeMans	1	-587.1566	653.5987
LeMans	1	-587.05994	653.1225
LeMans	1	-586.9609	652.63715
LeMans	1	-586.86145	652.15173
LeMans	1	-586.76013	651.65845
LeMans	1	-586.65814	651.1635
LeMans	1	-586.55426	650.6595
LeMans	1	-586.45026	650.1561
LeMans	1	-586.3446	649.6453
LeMans	1	-586.2385	649.1331
LeMans	1	-586.1309	648.6139
LeMans	1	-586.0224	648.0909
LeMans	1	-585.91187	647.5657
LeMans	1	-585.7956	647.04126
LeMans	1	-585.67163	646.515
LeMans	1	-585.5417	645.9882
LeMans	1	-585.4092	645.4664
LeMans	1	-585.27563	644.94824
LeMans	1	-585.1407	644.42426
LeMans	1	-585.01013	643.907
LeMans	1	-584.88226	643.3817
LeMans	1	-584.76416	642.8626
LeMans	1	-584.65717	642.3414
LeMans	1	-584.5619	641.82367
LeMans	1	-584.4731	641.30707
LeMans	1	-584.3874	640.7956
LeMans	1	-584.303	640.28436
LeMans	1	-584.2205	639.7784
LeMans	1	-584.1391	639.27277
LeMans	1	-584.0595	638.7736
LeMans	1	-583.98004	638.27295
LeMans	1	-583.90027	637.77747
LeMans	1	-583.8132	637.28674
LeMans	1	-583.718	636.80426
LeMans	1	-583.6169	636.3208
LeMans	1	-583.51337	635.84357
LeMans	1	-583.4082	635.3697
LeMans	1	-583.3023	634.8989
LeMans	1	-583.1963	634.42896
LeMans	1	-583.0929	633.96216
LeMans	1	-582.994	633.4964
LeMans	1	-582.903	633.0308
LeMans	1	-582.823	632.565
LeMans	1	-582.75336	632.09906
LeMans	1	-582.6935	631.63367
LeMans	1	-582.6423	631.16907
LeMans	1	-582.5954	630.7065
LeMans	1	-582.5505	630.2461
LeMans	1	-582.50684	629.7881
LeMans	1	-582.4643	629.3323
LeMans	1	-582.42285	628.8785
LeMans	1	-582.3823	628.427
LeMans	1	-582.3425	627.97754
LeMans	1	-582.3033	627.53015
LeMans	1	-582.2645	627.0849
LeMans	1	-582.22595	626.6418
LeMans	1	-582.1875	626.20087
LeMans	1	-582.149	625.76196
LeMans	1	-582.1105	625.3251
LeMans	1	-582.0718	624.8902
LeMans	1	-582.0329	624.4573
LeMans	1	-581.9937	624.02637
LeMans	1	-581.9518	623.5977
LeMans	1	-581.90405	623.1716
LeMans	1	-581.8505	622.7479
LeMans	1	-581.79346	622.32654
LeMans	1	-581.7345	621.90717
LeMans	1	-581.6754	621.4899
LeMans	1	-581.6184	621.07434
LeMans	1	-581.56586	620.66016
LeMans	1	-581.5215	620.2468
LeMans	1	-581.4848	619.83453
LeMans	1	-581.4524	619.42365
LeMans	1	-581.42004	619.0149
LeMans	1	-581.3821	618.6087
LeMans	1	-581.33716	618.2051
LeMans	1	-581.2879	617.8036
LeMans	1	-581.23615	617.4043
LeMans	1	-581.1841	617.00684
LeMans	1	-581.13385	616.6111
LeMans	1	-581.08746	616.21674
LeMans	1	-581.0475	615.8234
LeMans	1	-581.0174	615.43066
LeMans	1	-580.99603	615.03894
LeMans	1	-580.97925	614.6487
LeMans	1	-580.9652	614.26025
LeMans	1	-580.95325	613.87354
LeMans	1	-580.9428	613.48883
LeMans	1	-580.9337	613.106
LeMans	1	-580.9258	612.72504
LeMans	1	-580.9189	612.3458
LeMans	1	-580.91266	611.96765
LeMans	1	-580.90704	611.587
LeMans	1	-580.9018	611.2014
LeMans	1	-580.89716	610.8099
LeMans	1	-580.8932	610.4116
LeMans	1	-580.89	610.00684
LeMans	1	-580.8875	609.59534
LeMans	1	-580.8857	609.1776
LeMans	1	-580.88446	608.7538
LeMans	1	-580.8836	608.32404
LeMans	1	-580.8828	607.8882
LeMans	1	-580.88196	607.4469
LeMans	1	-580.881	607.00116
LeMans	1	-580.8798	606.5517
LeMans	1	-580.8784	606.0989
LeMans	1	-580.87695	605.64276
LeMans	1	-580.87537	605.1833
LeMans	1	-580.87476	604.7195
LeMans	1	-580.876	604.2535
LeMans	1	-580.8791	603.7846
LeMans	1	-580.88513	603.3132
LeMans	1	-580.89575	602.83527
LeMans	1	-580.91003	602.3504
LeMans	1	-580.9258	601.8588
LeMans	1	-580.9408	601.36035
LeMans	1	-580.9529	600.85535
LeMans	1	-580.95984	600.3439
LeMans	1	-580.9601	599.8258
LeMans	1	-580.9553	599.3016
LeMans	1	-580.9473	598.7718
LeMans	1	-580.93665	598.23724
LeMans	1	-580.92395	597.69806
LeMans	1	-580.9105	597.1544
LeMans	1	-580.89685	596.60626
LeMans	1	-580.88293	596.05347
LeMans	1	-580.869	595.4964
LeMans	1	-580.85535	594.93427
LeMans	1	-580.8423	594.3662
LeMans	1	-580.82965	593.7916
LeMans	1	-580.8174	593.2104
LeMans	1	-580.8052	592.6225
LeMans	1	-580.79254	592.02844
LeMans	1	-580.77954	591.4287
LeMans	1	-580.7662	590.8236
LeMans	1	-580.7526	590.21313
LeMans	1	-580.7392	589.59735
LeMans	1	-580.72656	588.9763
LeMans	1	-580.71594	588.35
LeMans	1	-580.70685	587.71826
LeMans	1	-580.69867	587.08136
LeMans	1	-580.6906	586.4391
LeMans	1	-580.6819	585.7914
LeMans	1	-580.6716	585.13824
LeMans	1	-580.6583	584.4797
LeMans	1	-580.642	583.81555
LeMans	1	-580.6231	583.14575
LeMans	1	-580.6024	582.4703
LeMans	1	-580.5803	581.7891
LeMans	1	-580.5571	581.1022
LeMans	1	-580.53314	580.4094
LeMans	1	-580.50836	579.71136
LeMans	1	-580.483	579.00745
LeMans	1	-580.45715	578.29724
LeMans	1	-580.4312	577.5803
LeMans	1	-580.40497	576.85675
LeMans	1	-580.37836	576.1269
LeMans	1	-580.3515	575.3912
LeMans	1	-580.3243	574.6501
LeMans	1	-580.2968	573.9037
LeMans	1	-580.269	573.15216
LeMans	1	-580.2409	572.39557
LeMans	1	-580.2126	571.6339
LeMans	1	-580.18396	570.8672
LeMans	1	-580.1551	570.09534
LeMans	1	-580.1259	569.3184
LeMans	1	-580.0964	568.5364
LeMans	1	-580.0666	567.74915
LeMans	1	-580.0365	566.9566
LeMans	1	-580.0061	566.1589
LeMans	1	-579.9754	565.3557
LeMans	1	-579.94446	564.54724
LeMans	1	-579.91315	563.73334
LeMans	1	-579.8816	562.914
LeMans	1	-579.84973	562.08923
LeMans	1	-579.81757	561.259
LeMans	1	-579.78516	560.4232
LeMans	1	-579.7525	559.5819
LeMans	1	-579.71954	558.73505
LeMans	1	-579.68634	557.88293
LeMans	1	-579.6529	557.02637
LeMans	1	-579.61926	556.1648
LeMans	1	-579.5855	555.29834
LeMans	1	-579.55145	554.4268
LeMans	1	-579.5173	553.5502
LeMans	1	-579.4828	552.6685
LeMans	2	-579.4481	551.7817
LeMans	2	-579.4132	550.8897
LeMans	2	-579.37805	549.9926
LeMans	2	-579.3427	549.0903
LeMans	2	-579.3071	548.18286
LeMans	2	-579.27136	547.2702
LeMans	2	-579.23535	546.3524
LeMans	2	-579.19916	545.4294
LeMans	2	-579.16266	544.50104
LeMans	2	-579.126	543.5678
LeMans	2	-579.0891	542.6298
LeMans	2	-579.0521	541.6874
LeMans	2	-579.0148	540.7408
LeMans	2	-578.9774	539.7902
LeMans	2	-578.9398	538.83606
LeMans	2	-578.90204	537.8782
LeMans	2	-578.8642	536.9169
LeMans	2	-578.8262	535.9523
LeMans	2	-578.78796	534.98444
LeMans	2	-578.74963	534.0134
LeMans	2	-578.71075	533.03937
LeMans	2	-578.67004	532.06244
LeMans	2	-578.6273	531.08246
LeMans	2	-578.5824	530.0994
LeMans	2	-578.53516	529.1131
LeMans	2	-578.4856	528.12317
LeMans	2	-578.4341	527.12946
LeMans	2	-578.38165	526.1314
LeMans	2	-578.32983	525.1288
LeMans	2	-578.2799	524.12134
LeMans	2	-578.23334	523.1091
LeMans	2	-578.1918	522.0918
LeMans	2	-578.15356	521.0699
LeMans	2	-578.1165	520.0434
LeMans	2	-578.08154	519.01056
LeMans	2	-578.04803	517.97504
LeMans	2	-578.0152	516.93536
LeMans	2	-577.98267	515.8914
LeMans	2	-577.9501	514.8433
LeMans	2	-577.91754	513.791
LeMans	2	-577.8849	512.7347
LeMans	2	-577.85223	511.674
LeMans	2	-577.81946	510.609
LeMans	2	-577.7867	509.53967
LeMans	2	-577.75385	508.46597
LeMans	2	-577.72095	507.38797
LeMans	2	-577.68774	506.3057
LeMans	2	-577.6544	505.2192
LeMans	2	-577.621	504.1284
LeMans	2	-577.58734	503.0334
LeMans	2	-577.5535	501.93414
LeMans	2	-577.51965	500.83063
LeMans	2	-577.4856	499.72284
LeMans	2	-577.4514	498.61093
LeMans	2	-577.417	497.49487
LeMans	2	-577.3826	496.3746
LeMans	2	-577.348	495.25
LeMans	2	-577.3133	494.1213
LeMans	2	-577.27844	492.9885
LeMans	2	-577.2435	491.8515
LeMans	2	-577.20844	490.7103
LeMans	2	-577.1733	489.56506
LeMans	2	-577.138	488.41574
LeMans	2	-577.10266	487.26227
LeMans	2	-577.06714	486.1047
LeMans	2	-577.0314	484.94302
LeMans	2	-576.99475	483.77725
LeMans	2	-576.95416	482.60757
LeMans	2	-576.909	481.43396
LeMans	2	-576.8609	480.25644
LeMans	2	-576.8119	479.07504
LeMans	2	-576.7637	477.8896
LeMans	2	-576.71765	476.70026
LeMans	2	-576.6749	475.50693
LeMans	2	-576.6367	474.3096
LeMans	2	-576.6022	473.10828
LeMans	2	-576.56805	471.90338
LeMans	2	-576.53455	470.69504
LeMans	2	-576.50275	469.48315
LeMans	2	-576.4721	468.26773
LeMans	2	-576.4422	467.04877
LeMans	2	-576.41266	465.82626
LeMans	2	-576.3832	464.60025
LeMans	2	-576.35376	463.37067
LeMans	2	-576.32434	462.13745
LeMans	2	-576.295	460.9006
LeMans	2	-576.26556	459.6601
LeMans	2	-576.2362	458.41592
LeMans	2	-576.2067	457.16824
LeMans	2	-576.1771	455.91705
LeMans	2	-576.1474	454.6623
LeMans	2	-576.11755	453.40396
LeMans	2	-576.08777	452.1422
LeMans	2	-576.0578	450.8769
LeMans	2	-576.0277	449.6082
LeMans	2	-575.9975	448.33606
LeMans	2	-575.9673	447.06015
LeMans	2	-575.93695	445.78116
LeMans	2	-575.90735	444.50027
LeMans	2	-575.88074	443.21722
LeMans	2	-575.8581	441.93137
LeMans	2	-575.8393	440.641
LeMans	2	-575.82324	439.34625
LeMans	2	-575.8081	438.04773
LeMans	2	-575.79236	436.7456
LeMans	2	-575.77484	435.4399
LeMans	2	-575.75446	434.13065
LeMans	2	-575.73083	432.81796
LeMans	2	-575.7028	431.50174
LeMans	2	-575.6703	430.18222
LeMans	2	-575.63544	428.8593
LeMans	2	-575.60004	427.53323
LeMans	2	-575.563	426.20398
LeMans	2	-575.524	424.87158
LeMans	2	-575.48364	423.53616
LeMans	2	-575.4423	422.1976
LeMans	2	-575.4004	420.85608
LeMans	2	-575.3581	419.51132
LeMans	2	-575.3154	418.16336
LeMans	2	-575.27246	416.81216
LeMans	2	-575.22925	415.45776
LeMans	2	-575.1857	414.10022
LeMans	2	-575.142	412.73947
LeMans	2	-575.0981	411.37534
LeMans	2	-575.054	410.00803
LeMans	2	-575.00977	408.63763
LeMans	2	-574.96533	407.26416
LeMans	2	-574.92096	405.88773
LeMans	2	-574.8764	404.50815
LeMans	2	-574.83185	403.1255
LeMans	2	-574.7871	401.73984
LeMans	2	-574.74255	400.35245
LeMans	2	-574.6979	398.96643
LeMans	2	-574.6533	397.58304
LeMans	2	-574.6088	396.20178
LeMans	2	-574.5644	394.82217
LeMans	2	-574.52	393.44394
LeMans	2	-574.4757	392.06686
LeMans	2	-574.4314	390.69147
LeMans	2	-574.38715	389.31787
LeMans	2	-574.3429	387.9464
LeMans	2	-574.2987	386.57715
LeMans	2	-574.25464	385.21024
LeMans	2	-574.21063	383.8459
LeMans	2	-574.1666	382.48438
LeMans	2	-574.1228	381.12576
LeMans	2	-574.079	379.77026
LeMans	2	-574.0353	378.4179
LeMans	2	-573.99164	377.06882
LeMans	2	-573.9481	375.723
LeMans	2	-573.90466	374.38037
LeMans	2	-573.86127	373.04102
LeMans	2	-573.818	371.70493
LeMans	2	-573.7748	370.37198
LeMans	2	-573.7317	369.04205
LeMans	2	-573.6886	367.71524
LeMans	2	-573.6456	366.3914
LeMans	2	-573.6027	365.0705
LeMans	2	-573.55994	363.7525
LeMans	2	-573.51715	362.4374
LeMans	2	-573.4744	361.12518
LeMans	2	-573.4319	359.81577
LeMans	2	-573.3893	358.50906
LeMans	2	-573.34674	357.20523
LeMans	2	-573.3044	355.90417
LeMans	2	-573.26196	354.6059
LeMans	2	-573.2197	353.31042
LeMans	2	-573.1775	352.0178
LeMans	2	-573.1353	350.72797
LeMans	2	-573.09326	349.4409
LeMans	2	-573.05115	348.1566
LeMans	2	-573.0092	346.87515
LeMans	2	-572.9672	345.59668
LeMans	2	-572.92535	344.32117
LeMans	2	-572.8836	343.04855
LeMans	2	-572.8418	341.7788
LeMans	2	-572.8001	340.51212
LeMans	2	-572.7586	339.2525
LeMans	2	-572.71735	338.00076
LeMans	2	-572.6763	336.75635
LeMans	2	-572.63544	335.51862
LeMans	2	-572.5947	334.28613
LeMans	2	-572.5541	333.05807
LeMans	2	-572.5137	331.83536
LeMans	2	-572.4734	330.61908
LeMans	2	-572.4334	329.40967
LeMans	2	-572.39355	328.20667
LeMans	2	-572.35394	327.01102
LeMans	2	-572.31464	325.82303
LeMans	2	-572.2755	324.64313
LeMans	2	-572.2367	323.47153
LeMans	2	-572.19806	322.3085
LeMans	2	-572.1597	321.15414
LeMans	2	-572.12164	320.00842
LeMans	2	-572.08386	318.87125
LeMans	2	-572.0463	317.74252
LeMans	2	-572.0091	316.6223
LeMans	2	-571.97205	315.5106
LeMans	2	-571.93536	314.40735
LeMans	2	-571.8989	313.3127
LeMans	2	-571.86273	312.22665
LeMans	2	-571.8269	311.14886
LeMans	2	-571.79126	310.0795
LeMans	2	-571.756	309.0184
LeMans	2	-571.72095	307.96542
LeMans	2	-571.6862	306.9206
LeMans	2	-571.65173	305.88376
LeMans	2	-571.6175	304.855
LeMans	2	-571.58356	303.8342
LeMans	2	-571.5498	302.82138
LeMans	2	-571.5164	301.81638
LeMans	2	-571.4832	300.81906
LeMans	2	-571.4503	299.8295
LeMans	2	-571.41766	298.8477
LeMans	2	-571.3852	297.87375
LeMans	2	-571.3531	296.90768
LeMans	2	-571.32117	295.94937
LeMans	2	-571.2894	294.99725
LeMans	2	-571.2578	294.04868
LeMans	2	-571.2264	293.1046
LeMans	2	-571.195	292.16577
LeMans	2	-571.16394	291.2322
LeMans	2	-571.13293	290.30362
LeMans	2	-571.1022	289.37952
LeMans	2	-571.0715	288.4595
LeMans	2	-571.04095	287.54327
LeMans	2	-571.01056	286.63037
LeMans	2	-570.98016	285.7205
LeMans	2	-570.94995	284.8132
LeMans	2	-570.9198	283.9084
LeMans	2	-570.8897	283.00583
LeMans	2	-570.85974	282.1054
LeMans	2	-570.8298	281.2071
LeMans	2	-570.7999	280.31076
LeMans	2	-570.7701	279.41647
LeMans	2	-570.74036	278.52408
LeMans	2	-570.7107	277.63364
LeMans	2	-570.68134	276.74506
LeMans	2	-570.6518	275.8584
LeMans	2	-570.62225	274.97363
LeMans	2	-570.59283	274.0908
LeMans	2	-570.5634	273.20984
LeMans	2	-570.5341	272.3309
LeMans	2	-570.5049	271.45407
LeMans	2	-570.4757	270.5793
LeMans	2	-570.44666	269.7068
LeMans	2	-570.41754	268.83643
LeMans	2	-570.3886	267.96838
LeMans	2	-570.35986	267.10266
LeMans	2	-570.3311	266.23932
LeMans	2	-570.3023	265.37817
LeMans	2	-570.2737	264.51926
LeMans	2	-570.2452	263.6626
LeMans	2	-570.21674	262.80826
LeMans	2	-570.1883	261.95618
LeMans	2	-570.16	261.10645
LeMans	2	-570.1318	260.259
LeMans	2	-570.1035	259.41385
LeMans	2	-570.07544	258.57095
LeMans	2	-570.0474	257.7302
LeMans	2	-570.0195	256.8918
LeMans	2	-569.99164	256.05737
LeMans	2	-569.9639	255.22646
LeMans	2	-569.93634	254.39854
LeMans	2	-569.90875	253.57352
LeMans	2	-569.8814	252.7513
LeMans	2	-569.85406	251.93182
LeMans	2	-569.8268	251.11502
LeMans	2	-569.7996	250.30089
LeMans	2	-569.77246	249.48944
LeMans	2	-569.74554	248.6807
LeMans	2	-569.71857	247.87474
LeMans	2	-569.6918	247.07147
LeMans	2	-569.66504	246.27095
LeMans	2	-569.6384	245.47314
LeMans	2	-569.6119	244.67812
LeMans	2	-569.5854	243.88577
LeMans	2	-569.559	243.09615
LeMans	2	-569.5327	242.30925
LeMans	2	-569.50653	241.52501
LeMans	2	-569.48047	240.74345
LeMans	2	-569.45447	239.9646
LeMans	2	-569.42847	239.18843
LeMans	2	-569.4043	238.41487
LeMans	2	-569.38617	237.64377
LeMans	2	-569.37384	236.8751
LeMans	2	-569.366	236.1091
LeMans	2	-569.3617	235.34572
LeMans	2	-569.35895	234.58499
LeMans	2	-569.3559	233.82684
LeMans	2	-569.3507	233.07129
LeMans	2	-569.3418	232.31824
LeMans	2	-569.3275	231.56776
LeMans	2	-569.3043	230.81993
LeMans	2	-569.27325	230.07495
LeMans	2	-569.2371	229.33282
LeMans	2	-569.19824	228.59357
LeMans	2	-569.1578	227.85712
LeMans	2	-569.11646	227.1234
LeMans	2	-569.0745	226.39232
LeMans	2	-569.03217	225.66382
LeMans	2	-568.98944	224.93791
LeMans	2	-568.94653	224.21454
LeMans	2	-568.9036	223.49373
LeMans	2	-568.8608	222.77542
LeMans	2	-568.81934	222.05957
LeMans	2	-568.7843	221.34587
LeMans	2	-568.757	220.63428
LeMans	2	-568.7355	219.92491
LeMans	2	-568.71783	219.21786
LeMans	2	-568.7027	218.5132
LeMans	2	-568.68945	217.81091
LeMans	2	-568.6775	217.11107
LeMans	2	-568.66595	216.4136
LeMans	2	-568.6534	215.7185
LeMans	2	-568.63794	215.02577
LeMans	2	-568.61743	214.33539
LeMans	2	-568.58887	213.64738
LeMans	2	-568.5485	212.96193
LeMans	2	-568.4963	212.2796
LeMans	2	-568.43524	211.60077
LeMans	2	-568.37024	210.92538
LeMans	2	-568.30286	210.2531
LeMans	2	-568.2337	209.58368
LeMans	2	-568.163	208.91705
LeMans	2	-568.09094	208.253
LeMans	2	-568.01794	207.5916
LeMans	2	-567.94403	206.93272
LeMans	2	-567.86957	206.2764
LeMans	2	-567.79456	205.62259
LeMans	2	-567.71936	204.97122
LeMans	2	-567.6441	204.3223
LeMans	2	-567.5689	203.67578
LeMans	2	-567.49396	203.03157
LeMans	2	-567.4193	202.38954
LeMans	2	-567.3451	201.74982
LeMans	2	-567.2713	201.11232
LeMans	2	-567.19806	200.47697
LeMans	2	-567.12537	199.84377
LeMans	2	-567.0532	199.21283
LeMans	2	-566.9817	198.58409
LeMans	2	-566.9109	197.95761
LeMans	2	-566.84344	197.33302
LeMans	2	-566.7828	196.71002
LeMans	2	-566.7293	196.08849
LeMans	2	-566.681	195.46878
LeMans	2	-566.6364	194.85109
LeMans	2	-566.5944	194.23544
LeMans	2	-566.55383	193.62193
LeMans	2	-566.5126	193.0107
LeMans	2	-566.4686	192.40187
LeMans	2	-566.42	191.79549
LeMans	2	-566.3633	191.19176
LeMans	2	-566.29535	190.59106
LeMans	2	-566.21735	189.99367
LeMans	2	-566.1347	189.39935
LeMans	2	-566.04987	188.80789
LeMans	2	-565.96356	188.21907
LeMans	2	-565.8762	187.63277
LeMans	2	-565.788	187.04889
LeMans	2	-565.6993	186.46738
LeMans	2	-565.61017	185.88818
LeMans	2	-565.5208	185.31184
LeMans	2	-565.43115	184.73839
LeMans	2	-565.341	184.16339
LeMans	2	-565.25024	183.58406
LeMans	2	-565.15894	182.99937
LeMans	2	-565.067	182.4092
LeMans	2	-564.9744	181.81355
LeMans	2	-564.8811	181.21262
LeMans	2	-564.78735	180.60658
LeMans	2	-564.69293	179.99535
LeMans	2	-564.5979	179.37906
LeMans	2	-564.5025	178.75845
LeMans	2	-564.40906	178.13667
LeMans	2	-564.3219	177.5169
LeMans	2	-564.2418	176.89903
LeMans	2	-564.1668	176.28195
LeMans	2	-564.0955	175.66547
LeMans	2	-564.02673	175.04982
LeMans	2	-563.9593	174.43503
LeMans	2	-563.8911	173.82175
LeMans	2	-563.8201	173.2103
LeMans	2	-563.7445	172.6008
LeMans	2	-563.66095	171.99388
LeMans	2	-563.56616	171.3903
LeMans	2	-563.46204	170.79024
LeMans	2	-563.3539	170.19344
LeMans	2	-563.2438	169.59972
LeMans	2	-563.1324	169.00888
LeMans	2	-563.0201	168.42082
LeMans	2	-562.9071	167.83553
LeMans	2	-562.79376	167.2528
LeMans	2	-562.6801	166.67258
LeMans	2	-562.5665	166.09483
LeMans	2	-562.45306	165.51942
LeMans	2	-562.3341	164.91791
LeMans	2	-562.2211	164.34717
LeMans	2	-562.10864	163.77853
LeMans	2	-561.99677	163.212
LeMans	2	-561.88544	162.64764
LeMans	2	-561.7748	162.0853
LeMans	2	-561.66473	161.525
LeMans	2	-561.5555	160.96721
LeMans	2	-561.44684	160.41214
LeMans	2	-561.3382	159.85593
LeMans	2	-561.22894	159.29523
LeMans	2	-561.1189	158.7287
LeMans	2	-561.00806	158.15594
LeMans	2	-560.89594	157.57703
LeMans	2	-560.7828	156.99232
LeMans	2	-560.66864	156.40195
LeMans	2	-560.5537	155.80591
LeMans	2	-560.43805	155.20479
LeMans	2	-560.3219	154.59978
LeMans	2	-560.2055	153.99303
LeMans	2	-560.0891	153.38661
LeMans	2	-559.9729	152.7816
LeMans	2	-559.8568	152.17812
LeMans	2	-559.741	151.57588
LeMans	2	-559.62537	150.97449
LeMans	2	-559.51	150.37422
LeMans	2	-559.39484	149.77524
LeMans	2	-559.27997	149.17773
LeMans	2	-559.16534	148.58163
LeMans	2	-559.0512	147.9878
LeMans	2	-558.9373	147.39522
LeMans	2	-558.823	146.80067
LeMans	2	-558.708	146.2027
LeMans	2	-558.5922	145.60078
LeMans	2	-558.4758	144.9949
LeMans	2	-558.35864	144.38536
LeMans	2	-558.2408	143.77232
LeMans	2	-558.12244	143.15642
LeMans	2	-558.00385	142.53937
LeMans	2	-557.88544	141.92374
LeMans	2	-557.7675	141.31027
LeMans	2	-557.64984	140.69868
LeMans	2	-557.53253	140.08865
LeMans	2	-557.41547	139.48016
LeMans	2	-557.2987	138.87329
LeMans	2	-557.18225	138.26805
LeMans	2	-557.0662	137.66513
LeMans	2	-556.95056	137.06459
LeMans	2	-556.83466	136.46257
LeMans	2	-556.718	135.85678
LeMans	2	-556.6005	135.24658
LeMans	2	-556.4822	134.63206
LeMans	2	-556.36304	134.0134
LeMans	2	-556.24316	133.39085
LeMans	2	-556.12274	132.76558
LeMans	2	-556.00226	132.1402
LeMans	2	-555.88214	131.51685
LeMans	2	-555.7624	130.89554
LeMans	2	-555.6429	130.27586
LeMans	2	-555.5237	129.65771
LeMans	2	-555.40466	129.04115
LeMans	2	-555.2861	128.42628
LeMans	2	-555.1678	127.8132
LeMans	2	-555.0498	127.20204
LeMans	2	-554.9322	126.5928
LeMans	2	-554.81506	125.98574
LeMans	2	-554.69824	125.380844
LeMans	2	-554.5819	124.77825
LeMans	2	-554.46594	124.177986
LeMans	2	-554.35046	123.58012
LeMans	2	-554.2355	122.984665
LeMans	2	-554.1209	122.39156
LeMans	2	-554.0068	121.80075
LeMans	2	-553.89307	121.212166
LeMans	2	-553.77985	120.62624
LeMans	2	-553.6667	120.04006
LeMans	2	-553.5528	119.4509
LeMans	2	-553.4383	118.85771
LeMans	2	-553.32294	118.26027
LeMans	2	-553.2067	117.65859
LeMans	2	-553.08984	117.05303
LeMans	2	-552.9725	116.44496
LeMans	2	-552.85516	115.8372
LeMans	2	-552.7382	115.23134
LeMans	2	-552.6216	114.62725
LeMans	2	-552.5053	114.0248
LeMans	2	-552.38934	113.42398
LeMans	2	-552.2737	112.82489
LeMans	2	-552.15857	112.22751
LeMans	2	-552.0435	111.631905
LeMans	2	-551.92883	111.03823
LeMans	2	-551.8146	110.44658
LeMans	2	-551.70074	109.85711
LeMans	2	-551.5876	109.27125
LeMans	2	-551.47473	108.68649
LeMans	2	-551.36145	108.099625
LeMans	2	-551.24744	107.50912
LeMans	2	-551.13275	106.914635
LeMans	2	-551.0172	106.316246
LeMans	2	-550.90106	105.71403
LeMans	2	-550.7841	105.10812
LeMans	2	-550.66644	104.498566
LeMans	2	-550.5481	103.88541
LeMans	2	-550.42914	103.26881
LeMans	2	-550.3096	102.649254
LeMans	2	-550.1897	102.02786
LeMans	2	-550.06976	101.406235
LeMans	2	-549.95013	100.78603
LeMans	2	-549.83075	100.167595
LeMans	2	-549.71173	99.55062
LeMans	2	-549.5929	98.9351
LeMans	2	-549.4743	98.32103
LeMans	2	-549.35614	97.70853
LeMans	2	-549.2383	97.097664
LeMans	2	-549.12067	96.4886
LeMans	2	-549.0035	95.88196
LeMans	2	-548.8869	95.27816
LeMans	2	-548.7701	94.67346
LeMans	2	-548.6526	94.06529
LeMans	2	-548.53436	93.45265
LeMans	2	-548.4152	92.835434
LeMans	2	-548.2953	92.213844
LeMans	2	-548.1745	91.58804
LeMans	2	-548.053	90.95815
LeMans	2	-547.9309	90.32538
LeMans	2	-547.8088	89.69242
LeMans	2	-547.6871	89.06173
LeMans	2	-547.5658	88.43321
LeMans	2	-547.4457	87.80609
LeMans	2	-547.3313	87.17954
LeMans	2	-547.22296	86.55341
LeMans	2	-547.1197	85.928024
LeMans	2	-547.0203	85.30388
LeMans	2	-546.9228	84.68143
LeMans	2	-546.825	84.06108
LeMans	2	-546.7251	83.44319
LeMans	2	-546.6215	82.82809
LeMans	2	-546.51196	82.21627
LeMans	2	-546.39325	81.60838
LeMans	2	-546.2679	81.00428
LeMans	2	-546.1393	80.40344
LeMans	2	-546.0092	79.80555
LeMans	2	-545.8787	79.21039
LeMans	2	-545.748	78.61787
LeMans	2	-545.6172	78.027855
LeMans	2	-545.4867	77.44028
LeMans	2	-545.3564	76.854996
LeMans	2	-545.2265	76.27197
LeMans	2	-545.0971	75.69121
LeMans	2	-544.9683	75.11263
LeMans	2	-544.8401	74.536255
LeMans	2	-544.71246	73.96205
LeMans	2	-544.5855	73.389984
LeMans	2	-544.45917	72.82007
LeMans	2	-544.33356	72.25236
LeMans	2	-544.20856	71.68678
LeMans	2	-544.0842	71.1234
LeMans	2	-543.9605	70.562164
LeMans	2	-543.8374	70.00301
LeMans	2	-543.71484	69.44599
LeMans	2	-543.5928	68.89109
LeMans	2	-543.47125	68.338326
LeMans	2	-543.3503	67.7877
LeMans	2	-543.2298	67.23924
LeMans	2	-543.1098	66.692894
LeMans	2	-542.99023	66.148674
LeMans	2	-542.8712	65.60661
LeMans	2	-542.7527	65.066666
LeMans	2	-542.63464	64.52886
LeMans	2	-542.517	63.993176
LeMans	2	-542.39996	63.459587
LeMans	2	-542.28326	62.928066
LeMans	2	-542.1671	62.398632
LeMans	2	-542.05133	61.871258
LeMans	2	-541.936	61.345985
LeMans	2	-541.8211	60.822796
LeMans	2	-541.7067	60.30168
LeMans	2	-541.5928	59.78265
LeMans	2	-541.4793	59.265667
LeMans	2	-541.3662	58.750767
LeMans	2	-541.2536	58.237907
LeMans	2	-541.1414	57.72713
LeMans	2	-541.02985	57.218353
LeMans	2	-540.9226	56.710762
LeMans	2	-540.82263	56.203716
LeMans	2	-540.7287	55.697525
LeMans	2	-540.63947	55.19252
LeMans	2	-540.55396	54.688972
LeMans	2	-540.4714	54.187088
LeMans	2	-540.391	53.68696
LeMans	2	-540.3121	53.18866
LeMans	2	-540.2342	52.692276
LeMans	2	-540.1565	52.197727
LeMans	2	-540.0777	51.705486
LeMans	2	-539.9958	51.21565
LeMans	2	-539.90857	50.728558
LeMans	2	-539.8121	50.24469
LeMans	2	-539.7035	49.76496
LeMans	2	-539.58466	49.289715
LeMans	2	-539.45685	48.818962
LeMans	2	-539.32043	48.35288
LeMans	2	-539.17755	47.89122
LeMans	2	-539.0326	47.43293
LeMans	2	-538.8869	46.97742
LeMans	2	-538.7409	46.52442
LeMans	2	-538.59467	46.072933
LeMans	2	-538.4486	45.62469
LeMans	2	-538.30273	45.17878
LeMans	2	-538.1571	44.73509
LeMans	2	-538.0118	44.293396
LeMans	2	-537.86707	43.85396
LeMans	2	-537.723	43.41653
LeMans	2	-537.5797	42.981068
LeMans	2	-537.43713	42.5474
LeMans	2	-537.29535	42.11579
LeMans	2	-537.1543	41.68615
LeMans	2	-537.01294	41.254707
LeMans	2	-536.87085	40.81944
LeMans	2	-536.7281	40.379787
LeMans	2	-536.58466	39.935753
LeMans	2	-536.44025	39.48749
LeMans	2	-536.29504	39.03521
LeMans	2	-536.149	38.579643
LeMans	2	-536.0048	38.122597
LeMans	2	-535.86554	37.66586
LeMans	2	-535.7324	37.209255
LeMans	2	-535.6038	36.75293
LeMans	2	-535.4775	36.29741
LeMans	2	-535.35114	35.843304
LeMans	2	-535.2224	35.391296
LeMans	2	-535.0883	34.9423
LeMans	2	-534.94666	34.4971
LeMans	2	-534.80023	34.05505
LeMans	2	-534.6516	33.6156
LeMans	2	-534.5022	33.178413
LeMans	2	-534.35284	32.74341
LeMans	2	-534.2037	32.310482
LeMans	2	-534.0551	31.879656
LeMans	2	-533.9071	31.450756
LeMans	2	-533.7598	31.023949
LeMans	2	-533.61304	30.598639
LeMans	2	-533.46704	30.175253
LeMans	2	-533.321	29.751379
LeMans	2	-533.1742	29.324726
LeMans	2	-533.0264	28.894218
LeMans	2	-532.8775	28.459543
LeMans	2	-532.72736	28.020796
LeMans	2	-532.57605	27.578026
LeMans	2	-532.4234	27.13135
LeMans	2	-532.26953	26.680855
LeMans	2	-532.11456	26.226826
LeMans	2	-531.959	25.770876
LeMans	2	-531.8038	25.31592
LeMans	2	-531.64935	24.863081
LeMans	2	-531.4953	24.411804
LeMans	2	-531.3416	23.96163
LeMans	2	-531.1884	23.51254
LeMans	2	-531.0355	23.06455
LeMans	2	-530.88306	22.617773
LeMans	2	-530.7311	22.172283
LeMans	2	-530.5795	21.72821
LeMans	2	-530.4285	21.285692
LeMans	2	-530.27826	20.845184
LeMans	2	-530.1286	20.406694
LeMans	2	-529.9785	19.966896
LeMans	2	-529.82733	19.524038
LeMans	2	-529.6749	19.077667
LeMans	2	-529.52136	18.627766
LeMans	2	-529.36676	18.174425
LeMans	2	-529.211	17.717693
LeMans	2	-529.0541	17.25772
LeMans	2	-528.89624	16.79511
LeMans	2	-528.73816	16.331587
LeMans	2	-528.5803	15.868919
LeMans	2	-528.4231	15.407992
LeMans	2	-528.2671	14.948183
LeMans	2	-528.1159	14.488124
LeMans	2	-527.97	14.027628
LeMans	2	-527.8281	13.567291
LeMans	2	-527.6893	13.10748
LeMans	2	-527.552	12.648969
LeMans	2	-527.4145	12.1923065
LeMans	2	-527.275	11.738214
LeMans	2	-527.1314	11.287358
LeMans	2	-526.9805	10.840869
LeMans	2	-526.8231	10.398594
LeMans	2	-526.6628	9.959574
LeMans	2	-526.50146	9.523204
LeMans	2	-526.3401	9.089171
LeMans	2	-526.17914	8.657291
LeMans	2	-526.0186	8.227442
LeMans	2	-525.8588	7.7995872
LeMans	2	-525.69977	7.373569
LeMans	2	-525.54156	6.9494348
LeMans	2	-525.3842	6.5270677
LeMans	2	-525.22766	6.106481
LeMans	2	-525.0719	5.6875877
LeMans	2	-524.9169	5.270323
LeMans	2	-524.76263	4.8551064
LeMans	2	-524.6082	4.4391193
LeMans	2	-524.4528	4.0197268
LeMans	2	-524.29724	3.5954785
LeMans	2	-524.1448	3.1647868
LeMans	2	-523.997	2.7278507
LeMans	2	-523.85455	2.2863111
LeMans	2	-523.7168	1.8436401
LeMans	2	-523.5828	1.4022697
LeMans	2	-523.4514	0.9624145
LeMans	2	-523.3207	0.5241782
LeMans	2	-523.18854	0.0877392
LeMans	2	-523.0528	-0.34631523
LeMans	2	-522.9111	-0.7772312
LeMans	2	-522.76	-1.204095
LeMans	2	-522.59973	-1.6265347
LeMans	2	-522.4309	-2.0443835
LeMans	2	-522.25433	-2.4574878
LeMans	2	-522.0747	-2.866982
LeMans	2	-521.8951	-3.2738738
LeMans	2	-521.7161	-3.6783977
LeMans	2	-521.53766	-4.080665
LeMans	2	-521.35986	-4.480761
LeMans	2	-521.1826	-4.878787
LeMans	2	-521.0059	-5.2743897
LeMans	2	-520.8296	-5.6684327
LeMans	2	-520.6526	-6.0648627
LeMans	2	-520.4757	-6.4654813
LeMans	2	-520.3023	-6.8719068
LeMans	2	-520.1332	-7.2836523
LeMans	2	-519.9661	-7.7000427
LeMans	2	-519.796	-8.118136
LeMans	2	-519.6201	-8.533795
LeMans	2	-519.4411	-8.94638
LeMans	2	-519.2594	-9.356167
LeMans	2	-519.07635	-9.76384
LeMans	2	-518.8928	-10.16983
LeMans	2	-518.70953	-10.574338
LeMans	2	-518.5293	-10.978564
LeMans	2	-518.35736	-11.384662
LeMans	2	-518.1929	-11.792146
LeMans	2	-518.0336	-12.199914
LeMans	2	-517.87787	-12.606996
LeMans	2	-517.7232	-13.012517
LeMans	2	-517.5674	-13.416119
LeMans	2	-517.40796	-13.817708
LeMans	2	-517.2414	-14.216395
LeMans	2	-517.0671	-14.610863
LeMans	2	-516.88574	-15.002902
LeMans	2	-516.6975	-15.394137
LeMans	2	-516.50256	-15.785204
LeMans	2	-516.30396	-16.176916
LeMans	2	-516.1036	-16.570068
LeMans	2	-515.9028	-16.964094
LeMans	2	-515.7027	-17.356949
LeMans	2	-515.50354	-17.748554
LeMans	2	-515.3053	-18.139063
LeMans	2	-515.10785	-18.528551
LeMans	2	-514.91125	-18.91682
LeMans	2	-514.7154	-19.303871
LeMans	2	-514.52045	-19.689579
LeMans	2	-514.32654	-20.073885
LeMans	2	-514.1336	-20.456709
LeMans	2	-513.94183	-20.838013
LeMans	2	-513.75134	-21.217226
LeMans	2	-513.5618	-21.594574
LeMans	2	-513.37177	-21.973566
LeMans	2	-513.18036	-22.356035
LeMans	2	-512.9872	-22.742512
LeMans	2	-512.7921	-23.132952
LeMans	2	-512.5955	-23.526869
LeMans	2	-512.3973	-23.92403
LeMans	2	-512.198	-24.324415
LeMans	2	-512.0012	-24.727716
LeMans	2	-511.81055	-25.13222
LeMans	2	-511.62616	-25.53761
LeMans	2	-511.44662	-25.943535
LeMans	2	-511.27097	-26.349731
LeMans	2	-511.09793	-26.755594
LeMans	2	-510.92554	-27.160295
LeMans	2	-510.75195	-27.562887
LeMans	2	-510.57526	-27.962568
LeMans	2	-510.39294	-28.358112
LeMans	2	-510.20193	-28.748117
LeMans	2	-510.00244	-29.132387
LeMans	2	-509.79562	-29.511076
LeMans	2	-509.58572	-29.885843
LeMans	2	-509.37573	-30.258053
LeMans	2	-509.16635	-30.628017
LeMans	2	-508.95764	-30.995817
LeMans	2	-508.74966	-31.361567
LeMans	2	-508.54257	-31.72532
LeMans	2	-508.33627	-32.086853
LeMans	2	-508.13074	-32.446583
LeMans	2	-507.92465	-32.807625
LeMans	2	-507.71722	-33.17136
LeMans	2	-507.50815	-33.53814
LeMans	2	-507.29736	-33.907955
LeMans	2	-507.085	-34.280624
LeMans	2	-506.8713	-34.655754
LeMans	2	-506.65726	-35.031967
LeMans	2	-506.4441	-35.40714
LeMans	2	-506.2319	-35.781197
LeMans	2	-506.0207	-36.15417
LeMans	2	-505.81033	-36.5262
LeMans	2	-505.60095	-36.897076
LeMans	2	-505.39252	-37.266747
LeMans	2	-505.185	-37.635033
LeMans	2	-504.97836	-38.001896
LeMans	2	-504.77267	-38.367188
LeMans	2	-504.56796	-38.730858
LeMans	2	-504.36362	-39.093834
LeMans	2	-504.15793	-39.45914
LeMans	2	-503.95038	-39.827774
LeMans	2	-503.7411	-40.19979
LeMans	2	-503.52985	-40.57516
LeMans	2	-503.31677	-40.953873
LeMans	2	-503.1021	-41.335506
LeMans	2	-502.8863	-41.719265
LeMans	2	-502.67056	-42.102833
LeMans	2	-502.45584	-42.48473
LeMans	2	-502.2417	-42.865337
LeMans	2	-502.02823	-43.24482
LeMans	2	-501.81528	-43.62336
LeMans	2	-501.60297	-44.000713
LeMans	2	-501.39133	-44.376957
LeMans	2	-501.1804	-44.751854
LeMans	2	-500.97015	-45.125443
LeMans	2	-500.76074	-45.4976
LeMans	2	-500.55212	-45.868202
LeMans	2	-500.34482	-46.236504
LeMans	2	-500.13776	-46.604763
LeMans	2	-499.93127	-46.976368
LeMans	2	-499.72803	-47.354668
LeMans	2	-499.52817	-47.73891
LeMans	2	-499.33124	-48.128056
LeMans	2	-499.137	-48.520893
LeMans	2	-498.94498	-48.916664
LeMans	2	-498.75516	-49.314068
LeMans	2	-498.56714	-49.710335
LeMans	2	-498.37927	-50.104023
LeMans	2	-498.1892	-50.49489
LeMans	2	-497.99463	-50.88223
LeMans	2	-497.7923	-51.26491
LeMans	2	-497.58136	-51.642094
LeMans	2	-497.3624	-52.01399
LeMans	2	-497.13617	-52.38032
LeMans	2	-496.90305	-52.74092
LeMans	2	-496.6663	-53.096985
LeMans	2	-496.43002	-53.450577
LeMans	2	-496.1953	-53.802288
LeMans	2	-495.9622	-54.152214
LeMans	2	-495.7304	-54.50039
LeMans	2	-495.49994	-54.846893
LeMans	2	-495.2707	-55.19174
LeMans	2	-495.04263	-55.53495
LeMans	2	-494.81586	-55.87657
LeMans	2	-494.59018	-56.21666
LeMans	2	-494.36554	-56.555004
LeMans	2	-494.14133	-56.892426
LeMans	2	-493.91592	-57.232216
LeMans	2	-493.68823	-57.575943
LeMans	2	-493.45758	-57.924496
LeMans	2	-493.22424	-58.278587
LeMans	2	-492.9912	-58.64024
LeMans	2	-492.75937	-59.009285
LeMans	2	-492.52838	-59.384125
LeMans	2	-492.29987	-59.76335
LeMans	2	-492.0761	-60.144398
LeMans	2	-491.85733	-60.52524
LeMans	2	-491.64053	-60.905293
LeMans	2	-491.42294	-61.28382
LeMans	2	-491.2022	-61.659637
LeMans	2	-490.97614	-62.03131
LeMans	2	-490.74158	-62.39699
LeMans	2	-490.49893	-62.756565
LeMans	2	-490.2489	-63.10997
LeMans	2	-489.99213	-63.457172
LeMans	2	-489.73007	-63.79854
LeMans	2	-489.4671	-64.136505
LeMans	2	-489.20517	-64.47238
LeMans	2	-488.94476	-64.80633
LeMans	2	-488.68573	-65.138405
LeMans	2	-488.428	-65.46865
LeMans	2	-488.1716	-65.79714
LeMans	2	-487.91644	-66.12397
LeMans	2	-487.6626	-66.44918
LeMans	2	-487.41016	-66.77283
LeMans	2	-487.1588	-67.09502
LeMans	2	-486.9088	-67.41535
LeMans	2	-486.6587	-67.73852
LeMans	2	-486.41022	-68.06858
LeMans	2	-486.16318	-68.4056
LeMans	2	-485.91745	-68.74903
LeMans	2	-485.67294	-69.09839
LeMans	2	-485.43005	-69.45281
LeMans	2	-485.1901	-69.81064
LeMans	2	-484.9532	-70.16866
LeMans	2	-484.71713	-70.52439
LeMans	2	-484.47888	-70.87668
LeMans	2	-484.23502	-71.224266
LeMans	2	-483.983	-71.56536
LeMans	2	-483.72324	-71.900055
LeMans	2	-483.45633	-72.22846
LeMans	2	-483.18307	-72.55052
LeMans	2	-482.90393	-72.866
LeMans	2	-482.62097	-73.17587
LeMans	2	-482.33835	-73.48297
LeMans	2	-482.05746	-73.7884
LeMans	2	-481.7784	-74.09232
LeMans	2	-481.50104	-74.394775
LeMans	2	-481.2252	-74.69574
LeMans	2	-480.9508	-74.995255
LeMans	2	-480.67783	-75.29332
LeMans	2	-480.40628	-75.58996
LeMans	2	-480.13638	-75.88429
LeMans	2	-479.8661	-76.17891
LeMans	2	-479.59338	-76.476494
LeMans	2	-479.3173	-76.77823
LeMans	2	-479.03748	-77.084145
LeMans	2	-478.75385	-77.39404
LeMans	2	-478.4664	-77.70778
LeMans	2	-478.17545	-78.025185
LeMans	2	-477.88388	-78.34621
LeMans	2	-477.59918	-78.67146
LeMans	2	-477.32233	-78.99972
LeMans	2	-477.05072	-79.33007
LeMans	2	-476.78268	-79.66186
LeMans	2	-476.5175	-79.99451
LeMans	2	-476.25446	-80.32741
LeMans	2	-475.99283	-80.65985
LeMans	2	-475.73135	-80.990776
LeMans	2	-475.46838	-81.31881
LeMans	2	-475.20233	-81.64261
LeMans	2	-474.93076	-81.960106
LeMans	2	-474.65222	-82.26988
LeMans	2	-474.3674	-82.57216
LeMans	2	-474.07703	-82.86713
LeMans	2	-473.78186	-83.154976
LeMans	2	-473.48514	-83.43822
LeMans	2	-473.18936	-83.71892
LeMans	2	-472.89496	-83.997665
LeMans	2	-472.60184	-84.27459
LeMans	2	-472.30994	-84.54973
LeMans	2	-472.01932	-84.82311
LeMans	2	-471.72986	-85.094536
LeMans	2	-471.441	-85.36479
LeMans	2	-471.15012	-85.63677
LeMans	2	-470.85596	-85.911896
LeMans	2	-470.5581	-86.19024
LeMans	2	-470.25656	-86.47168
LeMans	2	-469.95215	-86.75696
LeMans	2	-469.64975	-87.04949
LeMans	2	-469.353	-87.348976
LeMans	2	-469.0625	-87.65236
LeMans	2	-468.77625	-87.9571
LeMans	2	-468.4926	-88.26235
LeMans	2	-468.21097	-88.56756
LeMans	2	-467.93066	-88.87244
LeMans	2	-467.6512	-89.176315
LeMans	2	-467.3713	-89.47814
LeMans	2	-467.08975	-89.77653
LeMans	2	-466.8049	-90.07005
LeMans	2	-466.51413	-90.35611
LeMans	2	-466.2156	-90.632645
LeMans	2	-465.91098	-90.90011
LeMans	2	-465.60193	-91.159424
LeMans	2	-465.29123	-91.41303
LeMans	2	-464.98083	-91.66313
LeMans	2	-464.67133	-91.91043
LeMans	2	-464.36273	-92.15513
LeMans	2	-464.05505	-92.397514
LeMans	2	-463.7485	-92.63775
LeMans	2	-463.44287	-92.87603
LeMans	2	-463.13843	-93.11243
LeMans	2	-462.83517	-93.34714
LeMans	2	-462.5335	-93.58072
LeMans	2	-462.23578	-93.81599
LeMans	2	-461.94492	-94.05702
LeMans	2	-461.65924	-94.301895
LeMans	2	-461.37604	-94.5482
LeMans	2	-461.09323	-94.79535
LeMans	2	-460.80948	-95.04386
LeMans	2	-460.52237	-95.29499
LeMans	2	-460.23074	-95.54856
LeMans	2	-459.93378	-95.80389
LeMans	2	-459.63116	-96.060135
LeMans	2	-459.32047	-96.31386
LeMans	2	-459.00198	-96.56266
LeMans	2	-458.67767	-96.804405
LeMans	2	-458.34927	-97.03848
LeMans	2	-458.01965	-97.26804
LeMans	2	-457.69022	-97.49532
LeMans	2	-457.36127	-97.72103
LeMans	2	-457.03293	-97.94531
LeMans	2	-456.70508	-98.168335
LeMans	2	-456.37805	-98.38993
LeMans	2	-456.0518	-98.610214
LeMans	2	-455.7265	-98.8292
LeMans	2	-455.40237	-99.04691
LeMans	2	-455.07953	-99.2634
LeMans	2	-454.75793	-99.47865
LeMans	2	-454.43784	-99.692764
LeMans	2	-454.11932	-99.90572
LeMans	2	-453.80234	-100.11759
LeMans	2	-453.48682	-100.32842
LeMans	2	-453.1732	-100.53784
LeMans	2	-452.85895	-100.74756
LeMans	2	-452.54135	-100.95957
LeMans	2	-452.21948	-101.175255
LeMans	2	-451.89474	-101.39805
LeMans	2	-451.56815	-101.628174
LeMans	2	-451.23956	-101.864685
LeMans	2	-450.9092	-102.106255
LeMans	2	-450.58008	-102.35186
LeMans	2	-450.2541	-102.59832
LeMans	2	-449.931	-102.84429
LeMans	2	-449.60825	-103.0885
LeMans	2	-449.28394	-103.329315
LeMans	2	-448.95676	-103.56497
LeMans	2	-448.6248	-103.79271
LeMans	2	-448.28772	-104.01191
LeMans	2	-447.9462	-104.223015
LeMans	2	-447.6015	-104.42703
LeMans	2	-447.25662	-104.62753
LeMans	2	-446.91275	-104.82614
LeMans	2	-446.57025	-105.023125
LeMans	2	-446.22913	-105.21848
LeMans	2	-445.8895	-105.41218
LeMans	2	-445.55124	-105.60429
LeMans	2	-445.215	-105.79445
LeMans	2	-444.87854	-105.98432
LeMans	2	-444.5395	-106.175446
LeMans	2	-444.19693	-106.36821
LeMans	2	-443.85062	-106.562706
LeMans	2	-443.5002	-106.7589
LeMans	2	-443.14578	-106.956894
LeMans	2	-442.78738	-107.156715
LeMans	2	-442.425	-107.358475
LeMans	2	-442.05914	-107.56215
LeMans	2	-441.6909	-107.7674
LeMans	2	-441.32288	-107.97306
LeMans	2	-440.95697	-108.17813
LeMans	2	-440.5928	-108.3828
LeMans	2	-440.22934	-108.586365
LeMans	2	-439.86514	-108.78665
LeMans	2	-439.49963	-108.98242
LeMans	2	-439.13297	-109.173706
LeMans	2	-438.76562	-109.36105
LeMans	2	-438.39832	-109.545494
LeMans	2	-438.0319	-109.728836
LeMans	2	-437.66733	-109.91265
LeMans	2	-437.30557	-110.09818
LeMans	2	-436.94754	-110.28634
LeMans	2	-436.5937	-110.47853
LeMans	2	-436.24603	-110.67725
LeMans	2	-435.9049	-110.88281
LeMans	2	-435.56628	-111.09156
LeMans	2	-435.23068	-111.29979
LeMans	2	-434.8962	-111.508385
LeMans	2	-434.56006	-111.71906
LeMans	2	-434.22134	-111.93253
LeMans	2	-433.87964	-112.14884
LeMans	2	-433.5348	-112.36796
LeMans	2	-433.18686	-112.58957
LeMans	2	-432.83566	-112.81341
LeMans	2	-432.48145	-113.039215
LeMans	2	-432.125	-113.26592
LeMans	2	-431.7694	-113.492714
LeMans	2	-431.4155	-113.71807
LeMans	2	-431.06265	-113.94212
LeMans	2	-430.7107	-114.16509
LeMans	2	-430.35965	-114.387215
LeMans	2	-430.00955	-114.60849
LeMans	2	-429.66043	-114.82889
LeMans	2	-429.31235	-115.04834
LeMans	2	-428.96573	-115.26676
LeMans	2	-428.61996	-115.484695
LeMans	2	-428.27155	-115.70413
LeMans	2	-427.91922	-115.925865
LeMans	2	-427.56268	-116.15013
LeMans	2	-427.20227	-116.37696
LeMans	2	-426.83875	-116.60743
LeMans	2	-426.47324	-116.84282
LeMans	2	-426.10706	-117.082504
LeMans	2	-425.74152	-117.323944
LeMans	2	-425.37717	-117.56418
LeMans	2	-425.0133	-117.80149
LeMans	2	-424.648	-118.03425
LeMans	2	-424.2812	-118.26266
LeMans	2	-423.91507	-118.49013
LeMans	2	-423.5494	-118.71619
LeMans	2	-423.18436	-118.940926
LeMans	2	-422.82047	-119.16478
LeMans	2	-422.4579	-119.387924
LeMans	2	-422.09683	-119.61034
LeMans	2	-421.7373	-119.83191
LeMans	2	-421.37936	-120.05256
LeMans	2	-421.0231	-120.27219
LeMans	2	-420.66858	-120.49083
LeMans	2	-420.31555	-120.70851
LeMans	2	-419.96335	-120.92569
LeMans	2	-419.60898	-121.144264
LeMans	2	-419.25113	-121.365005
LeMans	2	-418.8894	-121.5882
LeMans	2	-418.5237	-121.81386
LeMans	2	-418.15414	-122.04192
LeMans	2	-417.78088	-122.272224
LeMans	2	-417.40457	-122.50443
LeMans	2	-417.0261	-122.73801
LeMans	2	-416.64685	-122.97203
LeMans	2	-416.26804	-123.205795
LeMans	2	-415.8902	-123.4389
LeMans	2	-415.5134	-123.67133
LeMans	2	-415.13757	-123.90323
LeMans	2	-414.76318	-124.1354
LeMans	2	-414.39215	-124.37065
LeMans	2	-414.02454	-124.60901
LeMans	2	-413.65952	-124.848854
LeMans	2	-413.29608	-125.08829
LeMans	2	-412.93317	-125.325455
LeMans	2	-412.56955	-125.55835
LeMans	2	-412.2039	-125.78456
LeMans	2	-411.83795	-126.00681
LeMans	2	-411.47238	-126.225815
LeMans	2	-411.1078	-126.44271
LeMans	2	-410.74475	-126.65822
LeMans	2	-410.3834	-126.872696
LeMans	2	-410.02386	-127.08625
LeMans	2	-409.66602	-127.29892
LeMans	2	-409.3099	-127.51078
LeMans	2	-408.95547	-127.721794
LeMans	2	-408.60266	-127.93193
LeMans	2	-408.2514	-128.14125
LeMans	2	-407.90198	-128.34947
LeMans	2	-407.5536	-128.55707
LeMans	2	-407.20288	-128.76616
LeMans	2	-406.84842	-128.97762
LeMans	2	-406.48965	-129.19168
LeMans	2	-406.12662	-129.40834
LeMans	2	-405.75937	-129.62753
LeMans	2	-405.38824	-129.8491
LeMans	2	-405.0146	-130.07222
LeMans	2	-404.64172	-130.29492
LeMans	2	-404.2707	-130.51648
LeMans	2	-403.901	-130.73717
LeMans	2	-403.5324	-130.95721
LeMans	2	-403.16476	-131.17668
LeMans	2	-402.79816	-131.39554
LeMans	2	-402.43265	-131.61375
LeMans	2	-402.06824	-131.83128
LeMans	2	-401.70566	-132.04773
LeMans	2	-401.34225	-132.26468
LeMans	2	-400.9752	-132.48372
LeMans	2	-400.6038	-132.70537
LeMans	2	-400.22818	-132.92955
LeMans	2	-399.84897	-133.1559
LeMans	2	-399.46643	-133.38426
LeMans	2	-399.08072	-133.61449
LeMans	2	-398.6932	-133.84581
LeMans	2	-398.30594	-134.07692
LeMans	2	-397.92035	-134.30705
LeMans	2	-397.53616	-134.53625
LeMans	2	-397.15308	-134.76486
LeMans	2	-396.77094	-134.99287
LeMans	2	-396.38977	-135.22028
LeMans	2	-396.00964	-135.44704
LeMans	2	-395.63065	-135.6731
LeMans	2	-395.2528	-135.89851
LeMans	2	-394.87662	-136.12288
LeMans	2	-394.50085	-136.347
LeMans	2	-394.1242	-136.57161
LeMans	2	-393.74643	-136.79688
LeMans	2	-393.36725	-137.02298
LeMans	2	-392.98663	-137.24995
LeMans	2	-392.6063	-137.47673
LeMans	2	-392.227	-137.70285
LeMans	2	-391.84897	-137.92819
LeMans	2	-391.47226	-138.15271
LeMans	2	-391.09695	-138.37639
LeMans	2	-390.7231	-138.59917
LeMans	2	-390.35086	-138.82098
LeMans	2	-389.97995	-139.04141
LeMans	2	-389.6091	-139.2579
LeMans	2	-389.23743	-139.46913
LeMans	2	-388.8654	-139.67564
LeMans	2	-388.49356	-139.87839
LeMans	2	-388.12256	-140.07863
LeMans	2	-387.7534	-140.27812
LeMans	2	-387.38687	-140.47855
LeMans	2	-387.02386	-140.68138
LeMans	2	-386.6656	-140.88916
LeMans	2	-386.3128	-141.10312
LeMans	2	-385.96402	-141.32037
LeMans	2	-385.618	-141.53868
LeMans	2	-385.27408	-141.75699
LeMans	2	-384.93207	-141.97473
LeMans	2	-384.5917	-142.19168
LeMans	2	-384.2535	-142.40742
LeMans	2	-383.91727	-142.6221
LeMans	2	-383.579	-142.83797
LeMans	2	-383.2366	-143.05632
LeMans	2	-382.88943	-143.27768
LeMans	2	-382.53757	-143.50209
LeMans	2	-382.1812	-143.72948
LeMans	2	-381.82034	-143.95961
LeMans	2	-381.4565	-144.19145
LeMans	2	-381.09164	-144.42365
LeMans	2	-380.72742	-144.65501
LeMans	2	-380.36475	-144.88515
LeMans	2	-380.00333	-145.1144
LeMans	2	-379.64276	-145.343
LeMans	2	-379.2831	-145.57097
LeMans	2	-378.92444	-145.79831
LeMans	2	-378.56686	-146.02495
LeMans	2	-378.21042	-146.25081
LeMans	2	-377.85526	-146.47583
LeMans	2	-377.50143	-146.69998
LeMans	2	-377.14905	-146.92317
LeMans	2	-376.79828	-147.14534
LeMans	2	-376.44925	-147.36668
LeMans	2	-376.1034	-147.58946
LeMans	2	-375.7619	-147.81548
LeMans	2	-375.4248	-148.04454
LeMans	2	-375.09137	-148.27559
LeMans	2	-374.7604	-148.50682
LeMans	2	-374.43085	-148.73659
LeMans	2	-374.10175	-148.96361
LeMans	2	-373.7723	-149.18687
LeMans	2	-373.4417	-149.4053
LeMans	2	-373.10858	-149.6169
LeMans	2	-372.77335	-149.8223
LeMans	2	-372.43765	-150.0237
LeMans	2	-372.10248	-150.22269
LeMans	2	-371.76843	-150.42001
LeMans	2	-371.43567	-150.61601
LeMans	2	-371.10428	-150.81088
LeMans	2	-370.7744	-151.00471
LeMans	2	-370.446	-151.19757
LeMans	2	-370.11905	-151.3895
LeMans	2	-369.79337	-151.58057
LeMans	2	-369.46887	-151.77075
LeMans	2	-369.1428	-151.96199
LeMans	2	-368.81354	-152.15529
LeMans	2	-368.4805	-152.3508
LeMans	2	-368.14346	-152.54854
LeMans	2	-367.80246	-152.74847
LeMans	2	-367.45758	-152.95065
LeMans	2	-367.10895	-153.15512
LeMans	2	-366.75726	-153.36166
LeMans	2	-366.40472	-153.56902
LeMans	2	-366.05386	-153.77568
LeMans	2	-365.7048	-153.98152
LeMans	2	-365.3569	-154.18674
LeMans	2	-365.0099	-154.3915
LeMans	2	-364.66382	-154.5957
LeMans	2	-364.3187	-154.79938
LeMans	2	-363.9746	-155.00246
LeMans	2	-363.6316	-155.20486
LeMans	2	-363.2899	-155.40654
LeMans	2	-362.9502	-155.60706
LeMans	2	-362.60938	-155.8082
LeMans	2	-362.26498	-156.0114
LeMans	2	-361.9164	-156.21707
LeMans	2	-361.56378	-156.42516
LeMans	2	-361.20724	-156.63556
LeMans	2	-360.84695	-156.84824
LeMans	2	-360.48306	-157.06299
LeMans	2	-360.1171	-157.27902
LeMans	2	-359.75168	-157.49469
LeMans	2	-359.38815	-157.70921
LeMans	2	-359.02612	-157.92282
LeMans	2	-358.66516	-158.1358
LeMans	2	-358.3051	-158.3482
LeMans	2	-357.94604	-158.56004
LeMans	2	-357.58792	-158.77127
LeMans	2	-357.23096	-158.98183
LeMans	2	-356.8752	-159.19165
LeMans	2	-356.52084	-159.4007
LeMans	2	-356.16782	-159.60889
LeMans	2	-355.8163	-159.81616
LeMans	2	-355.46646	-160.02246
LeMans	2	-355.11823	-160.22778
LeMans	2	-354.77176	-160.43208
LeMans	2	-354.42694	-160.63539
LeMans	2	-354.08383	-160.83765
LeMans	2	-353.74234	-161.03893
LeMans	2	-353.40253	-161.23924
LeMans	2	-353.0643	-161.43858
LeMans	2	-352.72766	-161.63698
LeMans	2	-352.39252	-161.83444
LeMans	2	-352.059	-162.03099
LeMans	2	-351.72696	-162.22664
LeMans	2	-351.3964	-162.42139
LeMans	2	-351.06732	-162.61523
LeMans	2	-350.73972	-162.8082
LeMans	2	-350.41354	-163.00027
LeMans	2	-350.08893	-163.19148
LeMans	2	-349.7658	-163.38173
LeMans	2	-349.4465	-163.56975
LeMans	2	-349.13324	-163.75415
LeMans	2	-348.82605	-163.93494
LeMans	2	-348.52356	-164.11293
LeMans	2	-348.2255	-164.28828
LeMans	2	-347.93204	-164.46094
LeMans	2	-347.64334	-164.63074
LeMans	2	-347.35956	-164.79765
LeMans	2	-347.0809	-164.9616
LeMans	2	-346.80756	-165.12238
LeMans	2	-346.5399	-165.27986
LeMans	2	-346.27792	-165.43393
LeMans	2	-346.02203	-165.58443
LeMans	2	-345.7721	-165.73138
LeMans	2	-345.52832	-165.87468
LeMans	2	-345.29074	-166.01431
LeMans	2	-345.05945	-166.15027
LeMans	2	-344.83432	-166.28256
LeMans	2	-344.6157	-166.41103
LeMans	2	-344.40176	-166.53673
LeMans	2	-344.18948	-166.66147
LeMans	2	-343.97955	-166.78482
LeMans	2	-343.77234	-166.90662
LeMans	2	-343.5677	-167.02687
LeMans	2	-343.3655	-167.14566
LeMans	2	-343.16553	-167.26315
LeMans	2	-342.96768	-167.37943
LeMans	2	-342.77167	-167.4946
LeMans	2	-342.57742	-167.60878
LeMans	2	-342.3848	-167.72202
LeMans	2	-342.1937	-167.83432
LeMans	2	-342.0039	-167.94589
LeMans	2	-341.81522	-168.05684
LeMans	2	-341.62762	-168.16713
LeMans	2	-341.44116	-168.27713
LeMans	2	-341.25543	-168.3864
LeMans	2	-341.07053	-168.49506
LeMans	2	-340.8865	-168.6032
LeMans	2	-340.70325	-168.71074
LeMans	2	-340.51874	-168.8165
LeMans	2	-340.33047	-168.92038
LeMans	2	-340.13754	-169.02269
LeMans	2	-339.94037	-169.12349
LeMans	2	-339.73996	-169.22343
LeMans	2	-339.53745	-169.32309
LeMans	2	-339.33447	-169.42307
LeMans	2	-339.1328	-169.52406
LeMans	2	-338.93375	-169.62668
LeMans	2	-338.7375	-169.73174
LeMans	2	-338.54425	-169.84041
LeMans	2	-338.3547	-169.9543
LeMans	2	-338.16812	-170.07199
LeMans	2	-337.98373	-170.19144
LeMans	2	-337.80096	-170.31194
LeMans	2	-337.61975	-170.43297
LeMans	2	-337.44003	-170.55396
LeMans	2	-337.26175	-170.67462
LeMans	2	-337.08496	-170.7948
LeMans	2	-336.9095	-170.91429
LeMans	2	-336.73547	-171.03307
LeMans	2	-336.5628	-171.15108
LeMans	2	-336.3915	-171.26828
LeMans	2	-336.2212	-171.38496
LeMans	2	-336.04984	-171.5007
LeMans	2	-335.87448	-171.61302
LeMans	2	-335.69504	-171.72168
LeMans	2	-335.51245	-171.82751
LeMans	2	-335.32745	-171.93108
LeMans	2	-335.14105	-172.03247
LeMans	2	-334.95502	-172.13217
LeMans	2	-334.77078	-172.23146
LeMans	2	-334.5887	-172.33177
LeMans	2	-334.40918	-172.43431
LeMans	2	-334.2326	-172.54013
LeMans	2	-334.05988	-172.65094
LeMans	2	-333.8916	-172.76767
LeMans	2	-333.72733	-172.88918
LeMans	2	-333.5666	-173.01437
LeMans	2	-333.4084	-173.14105
LeMans	2	-333.25208	-173.26822
LeMans	2	-333.0976	-173.3956
LeMans	2	-332.94492	-173.5228
LeMans	2	-332.79388	-173.64961
LeMans	2	-332.64453	-173.77591
LeMans	2	-332.49677	-173.90154
LeMans	2	-332.35043	-174.02647
LeMans	2	-332.20563	-174.15068
LeMans	2	-332.0622	-174.2741
LeMans	2	-331.92004	-174.39665
LeMans	2	-331.77914	-174.51834
LeMans	2	-331.6395	-174.63913
LeMans	2	-331.501	-174.75903
LeMans	2	-331.36346	-174.87817
LeMans	2	-331.22626	-174.99721
LeMans	2	-331.0886	-175.11646
LeMans	2	-330.95007	-175.2364
LeMans	2	-330.8097	-175.35777
LeMans	2	-330.66675	-175.48083
LeMans	2	-330.5212	-175.60562
LeMans	2	-330.37317	-175.73218
LeMans	2	-330.22272	-175.86043
LeMans	2	-330.07	-175.99052
LeMans	2	-329.91547	-176.12189
LeMans	2	-329.76068	-176.25322
LeMans	2	-329.60733	-176.38326
LeMans	2	-329.45486	-176.5124
LeMans	2	-329.30292	-176.64104
LeMans	2	-329.15137	-176.76932
LeMans	2	-329.00018	-176.89713
LeMans	2	-328.8494	-177.02448
LeMans	2	-328.699	-177.15115
LeMans	2	-328.54807	-177.27594
LeMans	2	-328.39523	-177.39713
LeMans	2	-328.2397	-177.51544
LeMans	2	-328.08112	-177.63255
LeMans	2	-327.91888	-177.74931
LeMans	2	-327.75284	-177.86624
LeMans	2	-327.5829	-177.98355
LeMans	2	-327.4099	-178.10194
LeMans	2	-327.23514	-178.22258
LeMans	2	-327.0588	-178.34541
LeMans	2	-326.8821	-178.47011
LeMans	2	-326.70767	-178.59688
LeMans	2	-326.53696	-178.72583
LeMans	2	-326.3701	-178.85896
LeMans	2	-326.20764	-178.99794
LeMans	2	-326.04916	-179.14168
LeMans	2	-325.89227	-179.28658
LeMans	2	-325.7338	-179.42819
LeMans	2	-325.57413	-179.567
LeMans	2	-325.414	-179.70377
LeMans	2	-325.2542	-179.83911
LeMans	2	-325.09528	-179.97356
LeMans	2	-324.93793	-180.10791
LeMans	2	-324.7831	-180.24326
LeMans	2	-324.63193	-180.38089
LeMans	2	-324.48608	-180.5227
LeMans	2	-324.34793	-180.67082
LeMans	2	-324.21695	-180.82375
LeMans	2	-324.09177	-180.9797
LeMans	2	-323.97055	-181.13655
LeMans	2	-323.8503	-181.29132
LeMans	2	-323.72803	-181.4413
LeMans	2	-323.60373	-181.58705
LeMans	2	-323.4785	-181.72987
LeMans	2	-323.35342	-181.87102
LeMans	2	-323.2293	-182.0112
LeMans	2	-323.10724	-182.15158
LeMans	2	-322.98874	-182.29353
LeMans	2	-322.8762	-182.43933
LeMans	2	-322.77274	-182.59091
LeMans	2	-322.6764	-182.7462
LeMans	2	-322.5857	-182.90363
LeMans	2	-322.49988	-183.06224
LeMans	2	-322.4184	-183.22151
LeMans	2	-322.34094	-183.381
LeMans	2	-322.26703	-183.54047
LeMans	2	-322.1957	-183.70093
LeMans	2	-322.12537	-183.86455
LeMans	2	-322.05518	-184.03215
LeMans	2	-321.9848	-184.20403
LeMans	2	-321.91425	-184.37988
LeMans	2	-321.8436	-184.55933
LeMans	2	-321.77325	-184.7424
LeMans	2	-321.70306	-184.92891
LeMans	2	-321.63342	-185.11865
LeMans	2	-321.56396	-185.30968
LeMans	2	-321.4953	-185.49992
LeMans	2	-321.42786	-185.6885
LeMans	2	-321.3609	-185.87611
LeMans	2	-321.29428	-186.06308
LeMans	2	-321.22794	-186.24951
LeMans	2	-321.1619	-186.43541
LeMans	2	-321.0962	-186.62054
LeMans	2	-321.0308	-186.80486
LeMans	2	-320.96555	-186.9883
LeMans	2	-320.9006	-187.17064
LeMans	2	-320.83594	-187.35184
LeMans	2	-320.7714	-187.53175
LeMans	2	-320.70724	-187.71011
LeMans	2	-320.6434	-187.88696
LeMans	2	-320.57983	-188.06226
LeMans	2	-320.51654	-188.23595
LeMans	2	-320.4536	-188.40807
LeMans	2	-320.39087	-188.57863
LeMans	2	-320.32852	-188.74753
LeMans	2	-320.26642	-188.91487
LeMans	2	-320.2046	-189.08078
LeMans	2	-320.1425	-189.24576
LeMans	2	-320.0779	-189.41164
LeMans	2	-320.00903	-189.57997
LeMans	2	-319.93604	-189.751
LeMans	2	-319.8594	-189.92418
LeMans	2	-319.77936	-190.09956
LeMans	2	-319.6958	-190.27654
LeMans	2	-319.60873	-190.4537
LeMans	2	-319.51743	-190.62901
LeMans	2	-319.425	-190.80183
LeMans	2	-319.3339	-190.97356
LeMans	2	-319.24454	-191.14522
LeMans	2	-319.15692	-191.31706
LeMans	2	-319.07114	-191.48918
LeMans	2	-318.98676	-191.66106
LeMans	2	-318.90366	-191.83281
LeMans	2	-318.82227	-192.00475
LeMans	2	-318.74356	-192.17717
LeMans	2	-318.66864	-192.35046
LeMans	2	-318.5989	-192.52522
LeMans	2	-318.53683	-192.70242
LeMans	2	-318.4838	-192.88242
LeMans	2	-318.43817	-193.06378
LeMans	2	-318.39914	-193.24554
LeMans	2	-318.3663	-193.42712
LeMans	2	-318.33908	-193.60802
LeMans	2	-318.31714	-193.78783
LeMans	2	-318.29855	-193.96596
LeMans	2	-318.2823	-194.14198
LeMans	2	-318.26807	-194.31581
LeMans	2	-318.25568	-194.48746
LeMans	2	-318.2449	-194.6572
LeMans	2	-318.23505	-194.82443
LeMans	2	-318.2242	-194.98923
LeMans	2	-318.20795	-195.15115
LeMans	2	-318.18463	-195.31017
LeMans	2	-318.15863	-195.46725
LeMans	2	-318.1347	-195.62311
LeMans	2	-318.1171	-195.77818
LeMans	2	-318.10342	-195.93205
LeMans	2	-318.09393	-196.0851
LeMans	2	-318.08777	-196.23741
LeMans	2	-318.0843	-196.3889
LeMans	2	-318.08292	-196.5395
LeMans	2	-318.08322	-196.68907
LeMans	2	-318.08487	-196.83737
LeMans	2	-318.08768	-196.98444
LeMans	2	-318.0914	-197.1306
LeMans	2	-318.09595	-197.2777
LeMans	2	-318.1012	-197.42809
LeMans	2	-318.10693	-197.58252
LeMans	2	-318.11288	-197.74083
LeMans	2	-318.11942	-197.90248
LeMans	2	-318.12665	-198.06686
LeMans	2	-318.13452	-198.23419
LeMans	2	-318.14288	-198.40417
LeMans	2	-318.15186	-198.57669
LeMans	2	-318.16055	-198.75114
LeMans	2	-318.16895	-198.92613
LeMans	2	-318.1771	-199.10066
LeMans	2	-318.18506	-199.27461
LeMans	2	-318.1929	-199.44826
LeMans	2	-318.20084	-199.62173
LeMans	2	-318.2086	-199.79486
LeMans	2	-318.21637	-199.96742
LeMans	2	-318.22406	-200.13925
LeMans	2	-318.23148	-200.31044
LeMans	2	-318.23874	-200.48077
LeMans	2	-318.24582	-200.65012
LeMans	2	-318.25275	-200.81859
LeMans	2	-318.2597	-200.9876
LeMans	2	-318.2666	-201.15866
LeMans	2	-318.27322	-201.3328
LeMans	2	-318.2796	-201.51036
LeMans	2	-318.28577	-201.69151
LeMans	2	-318.29153	-201.87585
LeMans	2	-318.29544	-202.06302
LeMans	2	-318.29773	-202.25275
LeMans	2	-318.29736	-202.44542
LeMans	2	-318.29288	-202.64069
LeMans	2	-318.2851	-202.8354
LeMans	2	-318.27634	-203.02818
LeMans	2	-318.26782	-203.22028
LeMans	2	-318.2612	-203.41212
LeMans	2	-318.25775	-203.60371
LeMans	2	-318.25842	-203.79494
LeMans	2	-318.26434	-203.98573
LeMans	2	-318.27716	-204.17606
LeMans	2	-318.29608	-204.36568
LeMans	2	-318.31995	-204.55435
LeMans	2	-318.34653	-204.74185
LeMans	2	-318.37466	-204.92804
LeMans	2	-318.40393	-205.1128
LeMans	2	-318.43405	-205.29596
LeMans	2	-318.46478	-205.47743
LeMans	2	-318.49594	-205.65712
LeMans	2	-318.52737	-205.83498
LeMans	2	-318.55893	-206.01097
LeMans	2	-318.59048	-206.18515
LeMans	2	-318.62213	-206.3578
LeMans	2	-318.65424	-206.53117
LeMans	2	-318.6869	-206.70735
LeMans	2	-318.71973	-206.8868
LeMans	2	-318.75198	-207.06941
LeMans	2	-318.7813	-207.25534
LeMans	2	-318.80713	-207.44464
LeMans	2	-318.83044	-207.63625
LeMans	2	-318.85245	-207.82812
LeMans	2	-318.87466	-208.01898
LeMans	2	-318.899	-208.20837
LeMans	2	-318.92746	-208.39621
LeMans	2	-318.9588	-208.58289
LeMans	2	-318.99292	-208.76839
LeMans	2	-319.02884	-208.95299
LeMans	2	-319.0656	-209.13664
LeMans	2	-319.10287	-209.31934
LeMans	2	-319.14032	-209.50095
LeMans	2	-319.17773	-209.68138
LeMans	2	-319.21524	-209.86041
LeMans	2	-319.25244	-210.0382
LeMans	2	-319.28937	-210.21547
LeMans	2	-319.3263	-210.39261
LeMans	2	-319.364	-210.57251
LeMans	2	-319.40244	-210.75621
LeMans	2	-319.44153	-210.94402
LeMans	2	-319.48135	-211.13515
LeMans	2	-319.52206	-211.33015
LeMans	2	-319.56354	-211.52856
LeMans	2	-319.60568	-211.72984
LeMans	2	-319.64835	-211.93355
LeMans	2	-319.69122	-212.13875
LeMans	2	-319.7339	-212.34349
LeMans	2	-319.77628	-212.54745
LeMans	2	-319.81845	-212.75092
LeMans	2	-319.86053	-212.95448
LeMans	2	-319.9025	-213.15771
LeMans	2	-319.94385	-213.35876
LeMans	2	-319.98364	-213.56047
LeMans	2	-320.01895	-213.76279
LeMans	2	-320.04926	-213.96535
LeMans	2	-320.07632	-214.16629
LeMans	2	-320.1012	-214.3661
LeMans	2	-320.12735	-214.56508
LeMans	2	-320.15256	-214.76273
LeMans	2	-320.1778	-214.95763
LeMans	2	-320.20425	-215.15085
LeMans	2	-320.23358	-215.34273
LeMans	2	-320.26627	-215.5323
LeMans	2	-320.30417	-215.7192
LeMans	2	-320.34576	-215.90161
LeMans	2	-320.38818	-216.08444
LeMans	2	-320.43582	-216.2655
LeMans	2	-320.48672	-216.44807
LeMans	2	-320.54077	-216.63268
LeMans	2	-320.5944	-216.8198
LeMans	2	-320.6499	-217.00977
LeMans	2	-320.70752	-217.20195
LeMans	2	-320.76678	-217.39774
LeMans	2	-320.82678	-217.5949
LeMans	2	-320.88754	-217.79205
LeMans	2	-320.94904	-217.98865
LeMans	2	-321.0102	-218.18268
LeMans	2	-321.0721	-218.37619
LeMans	2	-321.13342	-218.56923
LeMans	2	-321.19415	-218.76158
LeMans	2	-321.25424	-218.95282
LeMans	2	-321.31415	-219.1435
LeMans	2	-321.3747	-219.33408
LeMans	2	-321.43738	-219.52695
LeMans	2	-321.50342	-219.72296
LeMans	2	-321.57312	-219.92128
LeMans	2	-321.6457	-220.12158
LeMans	2	-321.72	-220.32379
LeMans	2	-321.7949	-220.52728
LeMans	2	-321.8687	-220.7304
LeMans	2	-321.94016	-220.93196
LeMans	2	-322.00864	-221.13234
LeMans	2	-322.0737	-221.332
LeMans	2	-322.13516	-221.53166
LeMans	2	-322.19272	-221.73155
LeMans	2	-322.24777	-221.9313
LeMans	2	-322.30048	-222.13078
LeMans	2	-322.35178	-222.3296
LeMans	2	-322.40225	-222.52748
LeMans	2	-322.45212	-222.72418
LeMans	2	-322.50168	-222.9195
LeMans	2	-322.5534	-223.11266
LeMans	2	-322.6097	-223.30284
LeMans	2	-322.6704	-223.48996
LeMans	2	-322.73407	-223.67447
LeMans	2	-322.79965	-223.85669
LeMans	2	-322.86572	-224.03711
LeMans	2	-322.93097	-224.21614
LeMans	2	-322.99435	-224.3942
LeMans	2	-323.05496	-224.57161
LeMans	2	-323.11166	-224.74878
LeMans	2	-323.1631	-224.92627
LeMans	2	-323.2071	-225.10474
LeMans	2	-323.24484	-225.28383
LeMans	2	-323.27887	-225.46268
LeMans	2	-323.31046	-225.64081
LeMans	2	-323.34018	-225.81815
LeMans	2	-323.36838	-225.99442
LeMans	2	-323.39545	-226.16951
LeMans	2	-323.42163	-226.34332
LeMans	2	-323.4471	-226.51573
LeMans	2	-323.47205	-226.68674
LeMans	2	-323.49652	-226.85626
LeMans	2	-323.52075	-227.02507
LeMans	2	-323.54492	-227.1948
LeMans	2	-323.56934	-227.36644
LeMans	2	-323.59442	-227.54059
LeMans	2	-323.62012	-227.71718
LeMans	2	-323.64642	-227.89607
LeMans	2	-323.67334	-228.07722
LeMans	2	-323.70087	-228.26062
LeMans	2	-323.729	-228.44589
LeMans	2	-323.75757	-228.63152
LeMans	2	-323.78598	-228.8154
LeMans	2	-323.81424	-228.99808
LeMans	2	-323.84137	-229.18013
LeMans	2	-323.8654	-229.36205
LeMans	2	-323.8856	-229.54396
LeMans	2	-323.903	-229.7259
LeMans	2	-323.9158	-229.9078
LeMans	2	-323.92743	-230.0886
LeMans	2	-323.93832	-230.26822
LeMans	2	-323.94962	-230.44653
LeMans	2	-323.9624	-230.62234
LeMans	2	-323.97745	-230.7964
LeMans	2	-323.99536	-230.96863
LeMans	2	-324.01706	-231.13939
LeMans	2	-324.04498	-231.30751
LeMans	2	-324.0745	-231.47337
LeMans	2	-324.1089	-231.63783
LeMans	2	-324.14767	-231.80045
LeMans	2	-324.18808	-231.96198
LeMans	2	-324.2296	-232.11977
LeMans	2	-324.2662	-232.27902
LeMans	2	-324.30344	-232.43634
LeMans	2	-324.34158	-232.59242
LeMans	2	-324.38	-232.74765
LeMans	2	-324.41748	-232.89937
LeMans	2	-324.45554	-233.0533
LeMans	2	-324.4943	-233.2094
LeMans	2	-324.53387	-233.36946
LeMans	2	-324.5742	-233.53392
LeMans	2	-324.61523	-233.70181
LeMans	2	-324.65717	-233.87215
LeMans	2	-324.69998	-234.04544
LeMans	2	-324.7435	-234.22108
LeMans	2	-324.787	-234.3973
LeMans	2	-324.83008	-234.57242
LeMans	2	-324.87323	-234.7464
LeMans	2	-324.91708	-234.92166
LeMans	2	-324.96103	-235.09819
LeMans	2	-325.00436	-235.27127
LeMans	2	-325.048	-235.44548
LeMans	2	-325.0913	-235.61908
LeMans	2	-325.13498	-235.79361
LeMans	2	-325.1801	-235.96976
LeMans	2	-325.22803	-236.15306
LeMans	2	-325.27936	-236.33981
LeMans	2	-325.33368	-236.52843
LeMans	2	-325.38986	-236.72098
LeMans	2	-325.44815	-236.91554
LeMans	2	-325.508	-237.11092
LeMans	2	-325.56885	-237.30534
LeMans	2	-325.6289	-237.49738
LeMans	2	-325.68903	-237.68877
LeMans	2	-325.74698	-237.88023
LeMans	2	-325.8012	-238.07185
LeMans	2	-325.85114	-238.26381
LeMans	2	-325.8963	-238.4573
LeMans	2	-325.93448	-238.652
LeMans	2	-325.96628	-238.84724
LeMans	2	-325.99326	-239.04291
LeMans	2	-326.01874	-239.23802
LeMans	2	-326.0488	-239.43033
LeMans	2	-326.083	-239.61928
LeMans	2	-326.12006	-239.80533
LeMans	2	-326.15863	-239.98988
LeMans	2	-326.19748	-240.17259
LeMans	2	-326.2354	-240.35379
LeMans	2	-326.26996	-240.53288
LeMans	2	-326.30225	-240.71188
LeMans	2	-326.32895	-240.89073
LeMans	2	-326.3475	-241.07
LeMans	2	-326.35782	-241.24854
LeMans	2	-326.3621	-241.42749
LeMans	2	-326.36105	-241.6062
LeMans	2	-326.35593	-241.78462
LeMans	2	-326.34842	-241.96405
LeMans	2	-326.339	-242.14613
LeMans	2	-326.32626	-242.33195
LeMans	2	-326.3121	-242.5213
LeMans	2	-326.29767	-242.71376
LeMans	2	-326.2836	-242.90894
LeMans	2	-326.26962	-243.10632
LeMans	2	-326.25647	-243.30531
LeMans	2	-326.24557	-243.50444
LeMans	2	-326.23645	-243.70145
LeMans	2	-326.22818	-243.89629
LeMans	2	-326.22684	-244.09296
LeMans	2	-326.22754	-244.28944
LeMans	2	-326.22897	-244.48654
LeMans	2	-326.22717	-244.68137
LeMans	2	-326.22537	-244.8755
LeMans	2	-326.2182	-245.06854
LeMans	2	-326.20435	-245.25977
LeMans	2	-326.18216	-245.45016
LeMans	2	-326.15198	-245.63889
LeMans	2	-326.11584	-245.82565
LeMans	2	-326.07672	-246.01083
LeMans	2	-326.0384	-246.1939
LeMans	2	-326.00537	-246.3753
LeMans	2	-325.97647	-246.55547
LeMans	2	-325.95068	-246.73686
LeMans	2	-325.92212	-246.92024
LeMans	2	-325.89496	-247.10738
LeMans	2	-325.86627	-247.29813
LeMans	2	-325.83585	-247.49207
LeMans	2	-325.8015	-247.6871
LeMans	2	-325.7657	-247.8831
LeMans	2	-325.7281	-248.07822
LeMans	2	-325.68945	-248.27121
LeMans	2	-325.6476	-248.46245
LeMans	2	-325.60013	-248.65334
LeMans	2	-325.5444	-248.84247
LeMans	2	-325.47867	-249.02888
LeMans	2	-325.40448	-249.21237
LeMans	2	-325.32294	-249.3924
LeMans	2	-325.23502	-249.56851
LeMans	2	-325.14154	-249.74023
LeMans	2	-325.04266	-249.9072
LeMans	2	-324.9394	-250.06929
LeMans	2	-324.83398	-250.22694
LeMans	2	-324.7297	-250.38187
LeMans	2	-324.6291	-250.53502
LeMans	2	-324.5329	-250.68771
LeMans	2	-324.4338	-250.83777
LeMans	2	-324.3331	-250.98393
LeMans	2	-324.2314	-251.12782
LeMans	2	-324.1273	-251.26668
LeMans	2	-324.0212	-251.40263
LeMans	2	-323.9136	-251.53726
LeMans	2	-323.80392	-251.6701
LeMans	2	-323.69342	-251.80376
LeMans	2	-323.57748	-251.93709
LeMans	2	-323.46146	-252.06996
LeMans	2	-323.34085	-252.2034
LeMans	2	-323.21698	-252.33914
LeMans	2	-323.0918	-252.47615
LeMans	2	-322.96185	-252.61496
LeMans	2	-322.8321	-252.75371
LeMans	2	-322.7019	-252.89233
LeMans	2	-322.5714	-253.03206
LeMans	2	-322.44333	-253.16615
LeMans	2	-322.314	-253.2982
LeMans	2	-322.18295	-253.43346
LeMans	2	-322.04974	-253.57123
LeMans	2	-321.91553	-253.70982
LeMans	2	-321.78864	-253.8381
LeMans	2	-321.66104	-253.96533
LeMans	2	-321.53186	-254.09566
LeMans	2	-321.40247	-254.22797
LeMans	2	-321.2778	-254.35403
LeMans	2	-321.15625	-254.4752
LeMans	2	-321.03387	-254.5973
LeMans	2	-320.91153	-254.72092
LeMans	2	-320.78912	-254.84494
LeMans	2	-320.6697	-254.96356
LeMans	2	-320.55252	-255.08003
LeMans	2	-320.4353	-255.19757
LeMans	2	-320.3183	-255.31602
LeMans	2	-320.2001	-255.43558
LeMans	2	-320.08133	-255.555
LeMans	2	-319.96176	-255.67523
LeMans	2	-319.84323	-255.79564
LeMans	2	-319.7207	-255.91953
LeMans	2	-319.59247	-256.0482
LeMans	2	-319.46396	-256.17758
LeMans	2	-319.33435	-256.3089
LeMans	2	-319.1999	-256.4451
LeMans	2	-319.06732	-256.57867
LeMans	2	-318.93613	-256.7097
LeMans	2	-318.80637	-256.84238
LeMans	2	-318.68137	-256.9752
LeMans	2	-318.5572	-257.1074
LeMans	2	-318.43338	-257.2419
LeMans	2	-318.31174	-257.38232
LeMans	2	-318.1908	-257.52512
LeMans	2	-318.06995	-257.6681
LeMans	2	-317.95004	-257.80057
LeMans	2	-317.83026	-257.93283
LeMans	2	-317.7086	-258.06573
LeMans	2	-317.5859	-258.19608
LeMans	2	-317.46338	-258.3192
LeMans	2	-317.33682	-258.43884
LeMans	2	-317.20697	-258.55707
LeMans	2	-317.07428	-258.66608
LeMans	2	-316.94403	-258.77362
LeMans	2	-316.80676	-258.8748
LeMans	2	-316.66962	-258.97482
LeMans	2	-316.53018	-259.0744
LeMans	2	-316.39438	-259.17484
LeMans	2	-316.25748	-259.27573
LeMans	2	-316.118	-259.37775
LeMans	2	-315.97702	-259.48135
LeMans	2	-315.8314	-259.58768
LeMans	2	-315.68182	-259.69623
LeMans	2	-315.53058	-259.80606
LeMans	2	-315.37634	-259.918
LeMans	2	-315.21902	-260.0313
LeMans	2	-315.06192	-260.14362
LeMans	2	-314.90567	-260.25607
LeMans	2	-314.74942	-260.3684
LeMans	2	-314.59418	-260.48053
LeMans	2	-314.43988	-260.59055
LeMans	2	-314.2843	-260.7023
LeMans	2	-314.12924	-260.8135
LeMans	2	-313.97427	-260.92517
LeMans	2	-313.82227	-261.0334
LeMans	2	-313.66702	-261.1422
LeMans	2	-313.509	-261.2531
LeMans	2	-313.34805	-261.36856
LeMans	2	-313.18564	-261.48984
LeMans	2	-313.02158	-261.61487
LeMans	2	-312.85532	-261.7432
LeMans	2	-312.68777	-261.87427
LeMans	2	-312.5217	-262.00717
LeMans	2	-312.356	-262.13992
LeMans	2	-312.1906	-262.27246
LeMans	2	-312.02512	-262.40344
LeMans	2	-311.85852	-262.5317
LeMans	2	-311.6898	-262.6566
LeMans	2	-311.5182	-262.7763
LeMans	2	-311.3425	-262.8896
LeMans	2	-311.16342	-262.99707
LeMans	2	-310.98184	-263.09958
LeMans	2	-310.79947	-263.19913
LeMans	2	-310.61716	-263.2966
LeMans	2	-310.4353	-263.39227
LeMans	2	-310.25424	-263.48624
LeMans	2	-310.07413	-263.57864
LeMans	2	-309.89493	-263.6697
LeMans	2	-309.71555	-263.7603
LeMans	2	-309.53348	-263.8518
LeMans	2	-309.34857	-263.94446
LeMans	2	-309.15973	-264.03897
LeMans	2	-308.9667	-264.13458
LeMans	2	-308.7696	-264.23068
LeMans	2	-308.56848	-264.32693
LeMans	2	-308.36362	-264.42313
LeMans	2	-308.15512	-264.51904
LeMans	2	-307.9436	-264.61414
LeMans	2	-307.73074	-264.70734
LeMans	2	-307.51733	-264.79773
LeMans	2	-307.30362	-264.88577
LeMans	2	-307.08963	-264.9726
LeMans	2	-306.87598	-265.05936
LeMans	2	-306.6633	-265.14725
LeMans	2	-306.4521	-265.2373
LeMans	2	-306.24292	-265.33026
LeMans	2	-306.03613	-265.42667
LeMans	2	-305.8321	-265.5273
LeMans	2	-305.63144	-265.63318
LeMans	2	-305.43448	-265.74457
LeMans	2	-305.24118	-265.86075
LeMans	2	-305.05154	-265.98114
LeMans	2	-304.8655	-266.1055
LeMans	2	-304.68292	-266.2328
LeMans	2	-304.50262	-266.3604
LeMans	2	-304.32434	-266.48752
LeMans	2	-304.14792	-266.61383
LeMans	2	-303.97336	-266.73926
LeMans	2	-303.8005	-266.86398
LeMans	2	-303.62833	-266.98853
LeMans	2	-303.45493	-267.11328
LeMans	2	-303.2778	-267.2372
LeMans	2	-303.09625	-267.36038
LeMans	2	-302.91193	-267.48505
LeMans	2	-302.7257	-267.61182
LeMans	2	-302.53848	-267.74146
LeMans	2	-302.35165	-267.8738
LeMans	2	-302.16666	-268.0071
LeMans	2	-301.98416	-268.14023
LeMans	2	-301.80334	-268.2732
LeMans	2	-301.62366	-268.40616
LeMans	2	-301.4448	-268.53943
LeMans	2	-301.2676	-268.6741
LeMans	2	-301.09305	-268.81104
LeMans	2	-300.92038	-268.95038
LeMans	2	-300.74808	-269.09247
LeMans	2	-300.57446	-269.23898
LeMans	2	-300.39914	-269.3899
LeMans	2	-300.22195	-269.544
LeMans	2	-300.0427	-269.70004
LeMans	2	-299.86072	-269.8572
LeMans	2	-299.67633	-270.01437
LeMans	2	-299.49017	-270.16943
LeMans	2	-299.30313	-270.32043
LeMans	2	-299.11475	-270.46713
LeMans	2	-298.9234	-270.60883
LeMans	2	-298.72818	-270.74475
LeMans	2	-298.53088	-270.87723
LeMans	2	-298.33286	-271.0075
LeMans	2	-298.13474	-271.13623
LeMans	2	-297.93692	-271.26358
LeMans	2	-297.7398	-271.3897
LeMans	2	-297.54358	-271.51477
LeMans	2	-297.34772	-271.63913
LeMans	2	-297.1506	-271.76385
LeMans	2	-296.9509	-271.88998
LeMans	2	-296.74808	-272.0181
LeMans	2	-296.54202	-272.14822
LeMans	2	-296.33273	-272.28027
LeMans	2	-296.1204	-272.41406
LeMans	2	-295.90515	-272.5495
LeMans	2	-295.68713	-272.6862
LeMans	2	-295.46643	-272.82428
LeMans	2	-295.24283	-272.96387
LeMans	2	-295.0162	-273.10535
LeMans	2	-294.7859	-273.2495
LeMans	2	-294.55167	-273.39658
LeMans	2	-294.31335	-273.54645
LeMans	2	-294.07098	-273.6991
LeMans	2	-293.82443	-273.85446
LeMans	2	-293.5738	-274.01254
LeMans	2	-293.31903	-274.1733
LeMans	2	-293.06015	-274.3367
LeMans	2	-292.79715	-274.50275
LeMans	2	-292.5301	-274.6714
LeMans	2	-292.259	-274.84268
LeMans	2	-291.9839	-275.0165
LeMans	2	-291.70477	-275.19293
LeMans	2	-291.4216	-275.37192
LeMans	2	-291.13434	-275.55347
LeMans	2	-290.84302	-275.7376
LeMans	2	-290.54758	-275.92432
LeMans	2	-290.24802	-276.11368
LeMans	2	-289.94434	-276.3056
LeMans	2	-289.6365	-276.50018
LeMans	2	-289.3245	-276.6974
LeMans	2	-289.00757	-276.89764
LeMans	2	-288.6861	-277.10083
LeMans	2	-288.36023	-277.30676
LeMans	2	-288.02997	-277.5154
LeMans	2	-287.69534	-277.72687
LeMans	2	-287.35623	-277.94116
LeMans	2	-287.0126	-278.15826
LeMans	2	-286.6644	-278.37827
LeMans	2	-286.3122	-278.6008
LeMans	2	-285.95737	-278.82492
LeMans	2	-285.60022	-279.05048
LeMans	2	-285.24072	-279.2775
LeMans	2	-284.87875	-279.50607
LeMans	2	-284.51437	-279.73624
LeMans	2	-284.14648	-279.9686
LeMans	2	-283.7742	-280.20367
LeMans	2	-283.3973	-280.44162
LeMans	2	-283.01572	-280.68253
LeMans	2	-282.62958	-280.92633
LeMans	2	-282.23895	-281.1729
LeMans	2	-281.84402	-281.42218
LeMans	2	-281.4449	-281.67416
LeMans	2	-281.04178	-281.92862
LeMans	2	-280.63574	-282.18484
LeMans	2	-280.2269	-282.44287
LeMans	2	-279.81525	-282.70267
LeMans	2	-279.40076	-282.9642
LeMans	2	-278.98346	-283.2275
LeMans	2	-278.563	-283.4928
LeMans	2	-278.1385	-283.76065
LeMans	2	-277.70953	-284.03128
LeMans	2	-277.27594	-284.3048
LeMans	2	-276.8376	-284.58133
LeMans	2	-276.39444	-284.86087
LeMans	2	-275.94672	-285.1433
LeMans	2	-275.49432	-285.42865
LeMans	2	-275.038	-285.71646
LeMans	2	-274.5782	-286.0064
LeMans	2	-274.11505	-286.29846
LeMans	2	-273.64862	-286.59256
LeMans	2	-273.179	-286.88864
LeMans	2	-272.7061	-287.18677
LeMans	2	-272.22986	-287.48694
LeMans	2	-271.75018	-287.7893
LeMans	2	-271.2672	-288.09375
LeMans	2	-270.78122	-288.4001
LeMans	2	-270.2911	-288.70898
LeMans	2	-269.79645	-289.02078
LeMans	2	-269.29694	-289.3356
LeMans	2	-268.79245	-289.65353
LeMans	2	-268.283	-289.97458
LeMans	2	-267.7686	-290.29874
LeMans	2	-267.24936	-290.62592
LeMans	2	-266.72583	-290.95578
LeMans	2	-266.19876	-291.2878
LeMans	2	-265.66818	-291.62198
LeMans	2	-265.1337	-291.9573
LeMans	2	-264.59482	-292.29303
LeMans	2	-264.05164	-292.6291
LeMans	2	-263.50424	-292.9655
LeMans	2	-262.95285	-293.30286
LeMans	2	-262.3978	-293.64178
LeMans	2	-261.8393	-293.98312
LeMans	2	-261.27753	-294.32782
LeMans	2	-260.71274	-294.6766
LeMans	2	-260.1446	-295.03122
LeMans	2	-259.57684	-295.3913
LeMans	2	-259.01038	-295.76004
LeMans	2	-258.44238	-296.1365
LeMans	2	-257.87128	-296.51837
LeMans	2	-257.296	-296.90442
LeMans	2	-256.71613	-297.2941
LeMans	2	-256.13162	-297.68704
LeMans	2	-255.54262	-298.08313
LeMans	2	-254.94965	-298.48215
LeMans	2	-254.35316	-298.88388
LeMans	2	-253.75308	-299.28836
LeMans	2	-253.14946	-299.69547
LeMans	2	-252.54253	-300.10526
LeMans	2	-251.93272	-300.518
LeMans	2	-251.32059	-300.93393
LeMans	2	-250.70636	-301.35324
LeMans	2	-250.09009	-301.77618
LeMans	2	-249.47156	-302.20264
LeMans	2	-248.85028	-302.63205
LeMans	2	-248.2258	-303.064
LeMans	2	-247.59755	-303.49796
LeMans	2	-246.96432	-303.93396
LeMans	2	-246.32579	-304.3714
LeMans	2	-245.68152	-304.80927
LeMans	2	-245.03304	-305.2455
LeMans	2	-244.37967	-305.67764
LeMans	2	-243.71976	-306.10858
LeMans	2	-243.05399	-306.54068
LeMans	2	-242.38306	-306.97504
LeMans	2	-241.70753	-307.41214
LeMans	2	-241.02777	-307.85208
LeMans	2	-240.34377	-308.29486
LeMans	2	-239.65558	-308.7404
LeMans	2	-238.9632	-309.1884
LeMans	2	-238.26678	-309.63885
LeMans	2	-237.5674	-310.09103
LeMans	2	-236.86803	-310.54306
LeMans	2	-236.171	-310.9935
LeMans	2	-235.4775	-311.44208
LeMans	2	-234.78561	-311.8898
LeMans	2	-234.0942	-312.3372
LeMans	2	-233.40332	-312.7843
LeMans	2	-232.71321	-313.2309
LeMans	2	-232.02435	-313.67676
LeMans	2	-231.33707	-314.1216
LeMans	2	-230.65129	-314.56555
LeMans	2	-229.96739	-315.00824
LeMans	2	-229.2853	-315.44986
LeMans	2	-228.60522	-315.8901
LeMans	2	-227.9273	-316.32904
LeMans	2	-227.25154	-316.76657
LeMans	2	-226.57802	-317.20264
LeMans	2	-225.90703	-317.63712
LeMans	2	-225.23865	-318.0699
LeMans	2	-224.57275	-318.50098
LeMans	2	-223.90924	-318.93063
LeMans	2	-223.248	-319.35873
LeMans	2	-222.58954	-319.78506
LeMans	2	-221.93642	-320.20798
LeMans	2	-221.28969	-320.62677
LeMans	2	-220.64711	-321.0428
LeMans	2	-220.01031	-321.45505
LeMans	2	-219.37825	-321.8642
LeMans	2	-218.75076	-322.27036
LeMans	2	-218.12802	-322.67343
LeMans	2	-217.51012	-323.07336
LeMans	2	-216.89734	-323.46997
LeMans	2	-216.29005	-323.863
LeMans	2	-215.68843	-324.2523
LeMans	2	-215.09279	-324.63763
LeMans	2	-214.50322	-325.01904
LeMans	2	-213.91998	-325.39633
LeMans	2	-213.34328	-325.76926
LeMans	2	-212.77303	-326.13797
LeMans	2	-212.20923	-326.50238
LeMans	2	-211.65192	-326.86264
LeMans	2	-211.10109	-327.21857
LeMans	2	-210.55682	-327.57022
LeMans	2	-210.01907	-327.91766
LeMans	2	-209.48788	-328.26068
LeMans	2	-208.96324	-328.59952
LeMans	2	-208.44493	-328.9342
LeMans	2	-207.93317	-329.26465
LeMans	2	-207.42784	-329.59088
LeMans	2	-206.92885	-329.913
LeMans	2	-206.4361	-330.23108
LeMans	2	-205.94954	-330.5451
LeMans	2	-205.46902	-330.85526
LeMans	2	-204.99442	-331.16156
LeMans	2	-204.52603	-331.4638
LeMans	2	-204.06367	-331.7623
LeMans	2	-203.60732	-332.05685
LeMans	2	-203.15694	-332.34756
LeMans	2	-202.71254	-332.63446
LeMans	2	-202.2741	-332.91745
LeMans	2	-201.84174	-333.1966
LeMans	2	-201.4155	-333.4718
LeMans	2	-200.99533	-333.7431
LeMans	2	-200.5812	-334.01053
LeMans	2	-200.17296	-334.2742
LeMans	2	-199.77087	-334.5339
LeMans	2	-199.37473	-334.7898
LeMans	2	-198.98462	-335.04184
LeMans	2	-198.60054	-335.28995
LeMans	2	-198.22238	-335.5343
LeMans	2	-197.8502	-335.7748
LeMans	2	-197.48398	-336.01147
LeMans	2	-197.12376	-336.24426
LeMans	2	-196.769	-336.47354
LeMans	2	-196.42064	-336.69873
LeMans	2	-196.07832	-336.91998
LeMans	2	-195.74202	-337.13733
LeMans	2	-195.4117	-337.35086
LeMans	2	-195.08737	-337.5605
LeMans	2	-194.769	-337.76624
LeMans	2	-194.45656	-337.96817
LeMans	2	-194.15007	-338.16623
LeMans	2	-193.84947	-338.3604
LeMans	2	-193.55475	-338.55084
LeMans	2	-193.26591	-338.73743
LeMans	2	-192.98137	-338.9211
LeMans	2	-192.69806	-339.10397
LeMans	2	-192.41742	-339.2851
LeMans	2	-192.13979	-339.46436
LeMans	2	-191.86476	-339.6419
LeMans	2	-191.5919	-339.818
LeMans	2	-191.32101	-339.99286
LeMans	2	-191.05183	-340.16656
LeMans	2	-190.7842	-340.3392
LeMans	2	-190.51808	-340.51093
LeMans	2	-190.25345	-340.68167
LeMans	2	-189.99019	-340.85156
LeMans	2	-189.72757	-341.01965
LeMans	2	-189.4643	-341.18442
LeMans	2	-189.20015	-341.34564
LeMans	2	-188.93521	-341.50446
LeMans	2	-188.66861	-341.66226
LeMans	2	-188.39874	-341.82065
LeMans	2	-188.12497	-341.98047
LeMans	2	-187.84789	-342.1425
LeMans	2	-187.56851	-342.3074
LeMans	2	-187.28824	-342.47565
LeMans	2	-187.00972	-342.64682
LeMans	2	-186.73497	-342.82077
LeMans	2	-186.46402	-342.9985
LeMans	2	-186.19531	-343.1784
LeMans	2	-185.92854	-343.36026
LeMans	2	-185.6631	-343.54315
LeMans	2	-185.39873	-343.72632
LeMans	2	-185.13535	-343.9095
LeMans	2	-184.87302	-344.0924
LeMans	2	-184.61179	-344.275
LeMans	2	-184.35178	-344.45715
LeMans	2	-184.09299	-344.63873
LeMans	2	-183.83545	-344.8196
LeMans	2	-183.57913	-344.9998
LeMans	2	-183.32332	-345.1801
LeMans	2	-183.06557	-345.36176
LeMans	2	-182.80354	-345.5437
LeMans	2	-182.53592	-345.7238
LeMans	2	-182.2631	-345.90164
LeMans	2	-181.98611	-346.077
LeMans	2	-181.70775	-346.24918
LeMans	2	-181.43031	-346.41873
LeMans	2	-181.15436	-346.58734
LeMans	2	-180.88016	-346.75656
LeMans	2	-180.60805	-346.92758
LeMans	2	-180.33835	-347.10126
LeMans	2	-180.07164	-347.27832
LeMans	2	-179.80894	-347.4603
LeMans	2	-179.55061	-347.64752
LeMans	2	-179.29552	-347.83765
LeMans	2	-179.04286	-348.02924
LeMans	2	-178.79231	-348.2216
LeMans	2	-178.5437	-348.41418
LeMans	2	-178.29694	-348.60666
LeMans	2	-178.05183	-348.799
LeMans	2	-177.80748	-348.9917
LeMans	2	-177.56146	-349.18668
LeMans	2	-177.31209	-349.38492
LeMans	2	-177.05904	-349.5866
LeMans	2	-176.80289	-349.79163
LeMans	2	-176.544	-349.9999
LeMans	2	-176.28218	-350.21136
LeMans	2	-176.01677	-350.42514
LeMans	2	-175.7466	-350.6388
LeMans	2	-175.47366	-350.84976
LeMans	2	-175.19978	-351.05655
LeMans	2	-174.92451	-351.25964
LeMans	2	-174.64801	-351.46057
LeMans	2	-174.37085	-351.66043
LeMans	2	-174.09404	-351.86023
LeMans	2	-173.81851	-352.06113
LeMans	2	-173.54515	-352.26395
LeMans	2	-173.27464	-352.46948
LeMans	2	-173.00768	-352.67847
LeMans	2	-172.7458	-352.8927
LeMans	2	-172.48988	-353.11285
LeMans	2	-172.23814	-353.33606
LeMans	2	-171.98961	-353.56082
LeMans	2	-171.74385	-353.7864
LeMans	2	-171.5006	-354.01227
LeMans	2	-171.25972	-354.23816
LeMans	2	-171.02092	-354.46402
LeMans	2	-170.78305	-354.6907
LeMans	2	-170.5446	-354.9194
LeMans	2	-170.30449	-355.15097
LeMans	2	-170.06226	-355.3856
LeMans	2	-169.81795	-355.62317
LeMans	2	-169.57162	-355.8635
LeMans	2	-169.32327	-356.1065
LeMans	2	-169.073	-356.35196
LeMans	2	-168.82193	-356.59848
LeMans	2	-168.57193	-356.8442
LeMans	2	-168.32327	-357.08878
LeMans	2	-168.07536	-357.33273
LeMans	2	-167.82785	-357.57645
LeMans	2	-167.58066	-357.81992
LeMans	2	-167.33386	-358.063
LeMans	2	-167.08748	-358.30554
LeMans	2	-166.84161	-358.5475
LeMans	2	-166.59634	-358.78864
LeMans	2	-166.35178	-359.0289
LeMans	2	-166.10797	-359.26816
LeMans	2	-165.86502	-359.5063
LeMans	2	-165.62273	-359.7431
LeMans	2	-165.37936	-359.97656
LeMans	2	-165.1333	-360.20502
LeMans	2	-164.88501	-360.429
LeMans	2	-164.63553	-360.64944
LeMans	2	-164.38542	-360.86703
LeMans	2	-164.13525	-361.0822
LeMans	2	-163.8858	-361.29605
LeMans	2	-163.63805	-361.50952
LeMans	2	-163.39275	-361.72363
LeMans	2	-163.15056	-361.93912
LeMans	2	-162.91193	-362.1566
LeMans	2	-162.67743	-362.3768
LeMans	2	-162.44865	-362.60162
LeMans	2	-162.22517	-362.8305
LeMans	2	-162.00523	-363.0613
LeMans	2	-161.78795	-363.29297
LeMans	2	-161.57259	-363.5249
LeMans	2	-161.35777	-363.75784
LeMans	2	-161.14182	-363.9936
LeMans	2	-160.92386	-364.23312
LeMans	2	-160.70361	-364.47656
LeMans	2	-160.48119	-364.7235
LeMans	2	-160.25688	-364.97406
LeMans	2	-160.03087	-365.22784
LeMans	2	-159.80453	-365.4836
LeMans	2	-159.57875	-365.7392
LeMans	2	-159.354	-365.99356
LeMans	2	-159.1301	-366.24698
LeMans	2	-158.90659	-366.49988
LeMans	2	-158.68343	-366.75253
LeMans	2	-158.46014	-367.00446
LeMans	2	-158.23376	-367.25284
LeMans	2	-158.00336	-367.49683
LeMans	2	-157.77013	-367.73715
LeMans	2	-157.53531	-367.97473
LeMans	2	-157.2997	-368.21002
LeMans	2	-157.0639	-368.4434
LeMans	2	-156.82886	-368.67538
LeMans	2	-156.59563	-368.90714
LeMans	2	-156.36511	-369.13937
LeMans	2	-156.13805	-369.37283
LeMans	2	-155.91504	-369.6082
LeMans	2	-155.69724	-369.84674
LeMans	2	-155.48615	-370.09018
LeMans	2	-155.27917	-370.33676
LeMans	2	-155.07323	-370.5868
LeMans	2	-154.86665	-370.84198
LeMans	2	-154.65892	-371.10257
LeMans	2	-154.4497	-371.36792
LeMans	2	-154.239	-371.63757
LeMans	2	-154.02663	-371.9112
LeMans	2	-153.81303	-372.1885
LeMans	2	-153.5998	-372.46768
LeMans	2	-153.38779	-372.74637
LeMans	2	-153.17711	-373.0237
LeMans	2	-152.96715	-373.30038
LeMans	2	-152.75761	-373.5768
LeMans	2	-152.54857	-373.85312
LeMans	2	-152.34006	-374.1292
LeMans	2	-152.13206	-374.40494
LeMans	2	-151.92465	-374.68024
LeMans	2	-151.7178	-374.95483
LeMans	2	-151.51166	-375.22867
LeMans	2	-151.30708	-375.50217
LeMans	2	-151.10547	-375.77628
LeMans	2	-150.9074	-376.05142
LeMans	2	-150.713	-376.32718
LeMans	2	-150.5219	-376.60336
LeMans	2	-150.33345	-376.8795
LeMans	2	-150.14662	-377.1548
LeMans	2	-149.96037	-377.42856
LeMans	2	-149.77374	-377.70023
LeMans	2	-149.58603	-377.96933
LeMans	2	-149.39667	-378.23557
LeMans	2	-149.20522	-378.49875
LeMans	2	-149.01125	-378.75854
LeMans	2	-148.8139	-379.01443
LeMans	2	-148.61224	-379.26694
LeMans	2	-148.40868	-379.51523
LeMans	2	-148.20395	-379.76108
LeMans	2	-147.99889	-380.00494
LeMans	2	-147.79398	-380.24713
LeMans	2	-147.58939	-380.48785
LeMans	2	-147.38525	-380.72705
LeMans	2	-147.18163	-380.96484
LeMans	2	-146.97858	-381.20132
LeMans	2	-146.7762	-381.43665
LeMans	2	-146.57452	-381.6707
LeMans	2	-146.37357	-381.90366
LeMans	2	-146.17337	-382.13553
LeMans	2	-145.97395	-382.36633
LeMans	2	-145.77435	-382.5953
LeMans	2	-145.57327	-382.82135
LeMans	2	-145.3698	-383.04535
LeMans	2	-145.16263	-383.2692
LeMans	2	-144.95099	-383.4937
LeMans	2	-144.73534	-383.71866
LeMans	2	-144.51659	-383.9445
LeMans	2	-144.29579	-384.1716
LeMans	2	-144.07535	-384.39932
LeMans	2	-143.85783	-384.62686
LeMans	2	-143.64351	-384.8551
LeMans	2	-143.43246	-385.08514
LeMans	2	-143.22502	-385.31787
LeMans	2	-143.02188	-385.5539
LeMans	2	-142.82396	-385.794
LeMans	2	-142.63014	-386.03696
LeMans	2	-142.43875	-386.28073
LeMans	2	-142.24742	-386.52332
LeMans	2	-142.05367	-386.76215
LeMans	2	-141.8568	-386.99643
LeMans	2	-141.6581	-387.22754
LeMans	2	-141.4587	-387.45624
LeMans	2	-141.25972	-387.68344
LeMans	2	-141.05919	-387.91397
LeMans	2	-140.86469	-388.14136
LeMans	2	-140.67381	-388.37018
LeMans	2	-140.488	-388.6019
LeMans	2	-140.309	-388.83807
LeMans	2	-140.13518	-389.07693
LeMans	2	-139.96483	-389.31714
LeMans	2	-139.79723	-389.55795
LeMans	2	-139.632	-389.79886
LeMans	2	-139.46883	-390.03967
LeMans	2	-139.30754	-390.28015
LeMans	2	-139.14801	-390.52026
LeMans	2	-138.99011	-390.7599
LeMans	2	-138.83376	-390.99887
LeMans	2	-138.67839	-391.23813
LeMans	2	-138.52293	-391.47897
LeMans	2	-138.3663	-391.72272
LeMans	2	-138.20767	-391.97
LeMans	2	-138.04675	-392.22116
LeMans	2	-137.88373	-392.4763
LeMans	2	-137.7187	-392.73526
LeMans	2	-137.55177	-392.9978
LeMans	2	-137.38315	-393.26355
LeMans	2	-137.21388	-393.53082
LeMans	2	-137.04477	-393.79803
LeMans	2	-136.876	-394.0644
LeMans	2	-136.7076	-394.33023
LeMans	2	-136.53925	-394.59583
LeMans	2	-136.37155	-394.86148
LeMans	2	-136.20604	-395.12823
LeMans	2	-136.04361	-395.39655
LeMans	2	-135.8843	-395.6663
LeMans	2	-135.72774	-395.93674
LeMans	2	-135.57286	-396.20724
LeMans	2	-135.41858	-396.477
LeMans	2	-135.26405	-396.74506
LeMans	2	-135.1086	-397.01114
LeMans	2	-134.95169	-397.27472
LeMans	2	-134.79295	-397.5356
LeMans	2	-134.63203	-397.79352
LeMans	2	-134.46819	-398.04807
LeMans	2	-134.30069	-398.29877
LeMans	2	-134.13127	-398.54672
LeMans	2	-133.96045	-398.7921
LeMans	2	-133.78912	-399.03555
LeMans	2	-133.61778	-399.2774
LeMans	2	-133.44669	-399.51785
LeMans	2	-133.27599	-399.75696
LeMans	2	-133.1057	-399.99478
LeMans	2	-132.93594	-400.23145
LeMans	2	-132.76675	-400.46695
LeMans	2	-132.59813	-400.70132
LeMans	2	-132.43013	-400.9347
LeMans	2	-132.26279	-401.167
LeMans	2	-132.09608	-401.39832
LeMans	2	-131.9301	-401.6287
LeMans	2	-131.76482	-401.85815
LeMans	2	-131.60022	-402.08676
LeMans	2	-131.43637	-402.31445
LeMans	2	-131.27321	-402.5413
LeMans	2	-131.11081	-402.7673
LeMans	2	-130.94914	-402.9925
LeMans	2	-130.78822	-403.21683
LeMans	2	-130.62807	-403.4403
LeMans	2	-130.46866	-403.66287
LeMans	2	-130.31	-403.88467
LeMans	2	-130.15205	-404.10553
LeMans	2	-129.99484	-404.3256
LeMans	2	-129.83833	-404.5447
LeMans	2	-129.68246	-404.763
LeMans	2	-129.5273	-404.9804
LeMans	2	-129.3732	-405.1964
LeMans	2	-129.21991	-405.41116
LeMans	2	-129.0674	-405.6249
LeMans	2	-128.9156	-405.83768
LeMans	2	-128.76454	-406.04944
LeMans	2	-128.61421	-406.26016
LeMans	2	-128.4646	-406.46988
LeMans	2	-128.31573	-406.6786
LeMans	2	-128.16757	-406.8863
LeMans	2	-128.02013	-407.09293
LeMans	2	-127.8734	-407.2986
LeMans	2	-127.7274	-407.50327
LeMans	2	-127.582085	-407.70694
LeMans	2	-127.43751	-407.90958
LeMans	2	-127.29362	-408.11127
LeMans	2	-127.15043	-408.31192
LeMans	2	-127.00793	-408.51163
LeMans	2	-126.86613	-408.71036
LeMans	2	-126.72504	-408.90808
LeMans	2	-126.58465	-409.10477
LeMans	2	-126.44496	-409.30045
LeMans	2	-126.30599	-409.49515
LeMans	2	-126.16773	-409.68884
LeMans	2	-126.03017	-409.8815
LeMans	2	-125.89328	-410.07324
LeMans	2	-125.75709	-410.26398
LeMans	2	-125.62159	-410.45374
LeMans	2	-125.486786	-410.64252
LeMans	2	-125.35263	-410.83038
LeMans	2	-125.219154	-411.0172
LeMans	2	-125.086365	-411.20316
LeMans	2	-124.954216	-411.38812
LeMans	2	-124.822716	-411.5722
LeMans	2	-124.69187	-411.75534
LeMans	2	-124.56171	-411.93753
LeMans	2	-124.43218	-412.11877
LeMans	2	-124.30329	-412.2991
LeMans	2	-124.17507	-412.47845
LeMans	2	-124.047485	-412.65686
LeMans	2	-123.92053	-412.83444
LeMans	2	-123.79421	-413.01108
LeMans	2	-123.668526	-413.18683
LeMans	2	-123.54346	-413.36166
LeMans	2	-123.41793	-413.53717
LeMans	2	-123.28992	-413.7162
LeMans	2	-123.15863	-413.89975
LeMans	2	-123.02415	-414.08777
LeMans	2	-122.88698	-414.27948
LeMans	2	-122.747154	-414.4748
LeMans	2	-122.60471	-414.67377
LeMans	2	-122.45982	-414.87613
LeMans	2	-122.312904	-415.08127
LeMans	2	-122.16607	-415.28644
LeMans	2	-122.0202	-415.49
LeMans	2	-121.8747	-415.69302
LeMans	2	-121.729324	-415.89597
LeMans	2	-121.583984	-416.0988
LeMans	2	-121.43869	-416.3016
LeMans	2	-121.29357	-416.50418
LeMans	2	-121.14869	-416.7064
LeMans	2	-121.00415	-416.90814
LeMans	2	-120.86	-417.10938
LeMans	2	-120.71636	-417.30988
LeMans	2	-120.57338	-417.5095
LeMans	2	-120.43107	-417.70816
LeMans	2	-120.28953	-417.90573
LeMans	2	-120.14877	-418.1023
LeMans	2	-120.00758	-418.29947
LeMans	2	-119.863815	-418.5002
LeMans	2	-119.71715	-418.70596
LeMans	2	-119.56705	-418.91568
LeMans	2	-119.4141	-419.12927
LeMans	2	-119.25835	-419.3468
LeMans	2	-119.09986	-419.56802
LeMans	2	-118.938866	-419.79288
LeMans	2	-118.775986	-420.02045
LeMans	2	-118.613594	-420.24738
LeMans	2	-118.4526	-420.4723
LeMans	2	-118.291756	-420.69702
LeMans	2	-118.13101	-420.92163
LeMans	2	-117.97001	-421.14655
LeMans	2	-117.80816	-421.37268
LeMans	2	-117.64556	-421.59995
LeMans	2	-117.48238	-421.828
LeMans	2	-117.31872	-422.05664
LeMans	2	-117.15475	-422.28577
LeMans	2	-116.9907	-422.51526
LeMans	2	-116.826454	-422.74475
LeMans	2	-116.66242	-422.9739
LeMans	2	-116.49927	-423.20187
LeMans	2	-116.337105	-423.42847
LeMans	2	-116.17593	-423.65366
LeMans	2	-116.015816	-423.8777
LeMans	2	-115.85641	-424.10037
LeMans	2	-115.69779	-424.322
LeMans	2	-115.539955	-424.54248
LeMans	2	-115.38289	-424.7619
LeMans	2	-115.226524	-424.98038
LeMans	2	-115.070915	-425.1979
LeMans	2	-114.917114	-425.41525
LeMans	2	-114.7677	-425.63428
LeMans	2	-114.62235	-425.85477
LeMans	2	-114.47933	-426.07654
LeMans	2	-114.33732	-426.3011
LeMans	2	-114.19583	-426.52896
LeMans	2	-114.05413	-426.75934
LeMans	2	-113.911385	-426.99106
LeMans	2	-113.767456	-427.2221
LeMans	2	-113.62228	-427.45035
LeMans	2	-113.475174	-427.6754
LeMans	2	-113.325134	-427.89725
LeMans	2	-113.17048	-428.1151
LeMans	2	-113.010414	-428.32846
LeMans	2	-112.84736	-428.53882
LeMans	2	-112.682755	-428.7471
LeMans	2	-112.51739	-428.9536
LeMans	2	-112.351814	-429.15848
LeMans	2	-112.18624	-429.3618
LeMans	2	-112.02087	-429.56363
LeMans	2	-111.855865	-429.76398
LeMans	2	-111.69128	-429.9629
LeMans	2	-111.52715	-430.16046
LeMans	2	-111.36357	-430.3568
LeMans	2	-111.200584	-430.55188
LeMans	2	-111.0382	-430.74573
LeMans	2	-110.87653	-430.9386
LeMans	2	-110.71757	-431.13196
LeMans	2	-110.562836	-431.32843
LeMans	2	-110.41	-431.52917
LeMans	2	-110.258	-431.73468
LeMans	2	-110.1069	-431.94455
LeMans	2	-109.95657	-432.15756
LeMans	2	-109.806786	-432.37073
LeMans	2	-109.65685	-432.5815
LeMans	2	-109.50559	-432.78934
LeMans	2	-109.35181	-432.99377
LeMans	2	-109.19399	-433.19427
LeMans	2	-109.03015	-433.38943
LeMans	2	-108.86186	-433.58057
LeMans	2	-108.691864	-433.769
LeMans	2	-108.52083	-433.95535
LeMans	2	-108.34916	-434.13986
LeMans	2	-108.177284	-434.32263
LeMans	2	-108.005455	-434.50385
LeMans	2	-107.83386	-434.6835
LeMans	2	-107.662605	-434.86166
LeMans	2	-107.491776	-435.0384
LeMans	2	-107.3214	-435.21378
LeMans	2	-107.15157	-435.38782
LeMans	2	-106.98234	-435.56073
LeMans	2	-106.813774	-435.73242
LeMans	2	-106.64591	-435.90305
LeMans	2	-106.4788	-436.07263
LeMans	2	-106.312416	-436.24127
LeMans	2	-106.14682	-436.40903
LeMans	2	-105.98148	-436.5761
LeMans	2	-105.814606	-436.74457
LeMans	2	-105.64502	-436.91605
LeMans	2	-105.47224	-437.09116
LeMans	2	-105.295906	-437.27026
LeMans	2	-105.11612	-437.45297
LeMans	2	-104.932846	-437.639
LeMans	2	-104.74624	-437.82843
LeMans	2	-104.55739	-438.02026
LeMans	2	-104.36907	-438.2118
LeMans	2	-104.182106	-438.4022
LeMans	2	-103.99588	-438.59195
LeMans	2	-103.80994	-438.7816
LeMans	2	-103.624214	-438.9712
LeMans	2	-103.43873	-439.1607
LeMans	2	-103.25356	-439.35004
LeMans	2	-103.06879	-439.53918
LeMans	2	-102.88449	-439.72784
LeMans	2	-102.700775	-439.91602
LeMans	2	-102.51776	-440.10345
LeMans	2	-102.33555	-440.29016
LeMans	2	-102.1542	-440.47595
LeMans	2	-101.97379	-440.6608
LeMans	2	-101.793945	-440.8451
LeMans	2	-101.61263	-441.03088
LeMans	2	-101.42841	-441.21964
LeMans	2	-101.24112	-441.41156
LeMans	2	-101.05108	-441.60635
LeMans	2	-100.85856	-441.8037
LeMans	2	-100.66458	-442.00256
LeMans	2	-100.471535	-442.2004
LeMans	2	-100.28004	-442.39664
LeMans	2	-100.08944	-442.59195
LeMans	2	-99.899345	-442.78668
LeMans	2	-99.709625	-442.98105
LeMans	2	-99.52023	-443.17508
LeMans	2	-99.33124	-443.36865
LeMans	2	-99.142715	-443.56174
LeMans	2	-98.954735	-443.75427
LeMans	2	-98.76743	-443.94614
LeMans	2	-98.58086	-444.13718
LeMans	2	-98.39512	-444.32736
LeMans	2	-98.2092	-444.51776
LeMans	2	-98.020836	-444.71066
LeMans	2	-97.828995	-444.90714
LeMans	2	-97.63451	-445.108
LeMans	2	-97.43925	-445.31433
LeMans	2	-97.24246	-445.52484
LeMans	2	-97.04619	-445.73694
LeMans	2	-96.852325	-445.94846
LeMans	2	-96.66043	-446.1593
LeMans	2	-96.46891	-446.36905
LeMans	2	-96.27216	-446.5821
LeMans	2	-96.07844	-446.78812
LeMans	2	-95.882675	-446.99158
LeMans	2	-95.68408	-447.19156
LeMans	2	-95.48313	-447.3883
LeMans	2	-95.28091	-447.58267
LeMans	2	-95.07789	-447.77484
LeMans	2	-94.87484	-447.9654
LeMans	2	-94.6724	-448.15466
LeMans	2	-94.47244	-448.34457
LeMans	2	-94.27561	-448.5356
LeMans	2	-94.082344	-448.72818
LeMans	2	-93.8917	-448.9214
LeMans	2	-93.702896	-449.11444
LeMans	2	-93.51529	-449.30682
LeMans	2	-93.32806	-449.49765
LeMans	2	-93.14036	-449.68613
LeMans	2	-92.951294	-449.8714
LeMans	2	-92.759186	-450.05182
LeMans	2	-92.565445	-450.22885
LeMans	2	-92.370346	-450.4027
LeMans	2	-92.1747	-450.57425
LeMans	2	-91.979034	-450.74393
LeMans	2	-91.78362	-450.91214
LeMans	2	-91.58867	-451.07895
LeMans	2	-91.39426	-451.24445
LeMans	2	-91.200455	-451.40878
LeMans	2	-91.00733	-451.57205
LeMans	2	-90.81494	-451.73422
LeMans	2	-90.6233	-451.89542
LeMans	2	-90.43247	-452.05566
LeMans	2	-90.24246	-452.215
LeMans	2	-90.05331	-452.3735
LeMans	2	-89.86503	-452.5312
LeMans	2	-89.677666	-452.6881
LeMans	2	-89.491196	-452.84433
LeMans	2	-89.30567	-452.99985
LeMans	2	-89.1211	-453.1546
LeMans	2	-88.93745	-453.30875
LeMans	2	-88.754745	-453.46225
LeMans	2	-88.573	-453.6151
LeMans	2	-88.39221	-453.76736
LeMans	2	-88.212364	-453.919
LeMans	2	-88.03345	-454.07007
LeMans	2	-87.8555	-454.22046
LeMans	2	-87.678474	-454.37024
LeMans	2	-87.502335	-454.5194
LeMans	2	-87.32709	-454.6679
LeMans	2	-87.15276	-454.8158
LeMans	2	-86.979324	-454.96295
LeMans	2	-86.80675	-455.1095
LeMans	2	-86.635025	-455.2553
LeMans	2	-86.46418	-455.4004
LeMans	2	-86.294136	-455.54486
LeMans	2	-86.12492	-455.68863
LeMans	2	-85.95652	-455.83176
LeMans	2	-85.788956	-455.9741
LeMans	2	-85.62217	-456.11584
LeMans	2	-85.45621	-456.25684
LeMans	2	-85.29107	-456.39713
LeMans	2	-85.12676	-456.53674
LeMans	2	-84.96315	-456.67572
LeMans	2	-84.80039	-456.81403
LeMans	2	-84.638435	-456.95166
LeMans	2	-84.47726	-457.08853
LeMans	2	-84.31683	-457.2248
LeMans	2	-84.15721	-457.36038
LeMans	2	-83.998405	-457.49524
LeMans	2	-83.8404	-457.6295
LeMans	2	-83.68312	-457.763
LeMans	2	-83.52663	-457.89584
LeMans	2	-83.37096	-458.02805
LeMans	2	-83.216034	-458.15964
LeMans	2	-83.0618	-458.29047
LeMans	2	-82.90855	-458.42093
LeMans	2	-82.75845	-458.55356
LeMans	2	-82.612305	-458.68924
LeMans	2	-82.469376	-458.82727
LeMans	2	-82.329185	-458.96695
LeMans	2	-82.191376	-459.10773
LeMans	2	-82.05561	-459.24918
LeMans	2	-81.92107	-459.39053
LeMans	2	-81.786865	-459.53082
LeMans	2	-81.65222	-459.66907
LeMans	2	-81.51647	-459.80453
LeMans	2	-81.37897	-459.93668
LeMans	2	-81.23908	-460.06494
LeMans	2	-81.09561	-460.18854
LeMans	2	-80.94786	-460.30685
LeMans	2	-80.79671	-460.42084
LeMans	2	-80.64287	-460.5313
LeMans	2	-80.49055	-460.64276
LeMans	2	-80.34179	-460.75757
LeMans	2	-80.19674	-460.87543
LeMans	2	-80.054146	-460.99512
LeMans	2	-79.91315	-461.11566
LeMans	2	-79.77268	-461.23633
LeMans	2	-79.6304	-461.35693
LeMans	2	-79.484695	-461.47818
LeMans	2	-79.33471	-461.5999
LeMans	2	-79.17972	-461.72076
LeMans	2	-79.0184	-461.83936
LeMans	2	-78.85081	-461.9559
LeMans	2	-78.67748	-462.07092
LeMans	2	-78.498604	-462.1846
LeMans	2	-78.31428	-462.29666
LeMans	2	-78.12457	-462.4061
LeMans	2	-77.93581	-462.51627
LeMans	2	-77.752914	-462.6317
LeMans	2	-77.573326	-462.75012
LeMans	2	-77.395035	-462.86984
LeMans	2	-77.216774	-462.98944
LeMans	2	-77.03763	-463.10736
LeMans	2	-76.85658	-463.2221
LeMans	2	-76.67179	-463.33066
LeMans	2	-76.4821	-463.43082
LeMans	2	-76.28966	-463.52487
LeMans	2	-76.09599	-463.61456
LeMans	2	-75.90179	-463.70068
LeMans	2	-75.70735	-463.78354
LeMans	2	-75.51304	-463.8634
LeMans	2	-75.31911	-463.94028
LeMans	2	-75.125694	-464.01437
LeMans	2	-74.93289	-464.086
LeMans	2	-74.74087	-464.15543
LeMans	2	-74.549736	-464.22266
LeMans	2	-74.3596	-464.28796
LeMans	2	-74.17039	-464.35147
LeMans	2	-73.98188	-464.41284
LeMans	2	-73.79373	-464.47107
LeMans	2	-73.60575	-464.52573
LeMans	2	-73.417755	-464.57666
LeMans	2	-73.22973	-464.6241
LeMans	2	-73.04186	-464.66843
LeMans	2	-72.85447	-464.71042
LeMans	2	-72.66795	-464.75116
LeMans	2	-72.48259	-464.79166
LeMans	2	-72.29866	-464.8329
LeMans	2	-72.11637	-464.8755
LeMans	2	-71.935844	-464.92
LeMans	2	-71.75664	-464.96655
LeMans	2	-71.576706	-465.01514
LeMans	2	-71.39336	-465.06662
LeMans	2	-71.20549	-465.1225
LeMans	2	-71.01336	-465.18256
LeMans	2	-70.817345	-465.24664
LeMans	2	-70.61802	-465.315
LeMans	2	-70.415504	-465.38757
LeMans	2	-70.209854	-465.46365
LeMans	2	-70.00227	-465.54276
LeMans	2	-69.79525	-465.62576
LeMans	2	-69.59028	-465.7142
LeMans	2	-69.3861	-465.80273
LeMans	2	-69.18151	-465.8887
LeMans	2	-68.97602	-465.97217
LeMans	2	-68.770836	-466.05182
LeMans	2	-68.56641	-466.1361
LeMans	2	-68.36198	-466.21967
LeMans	2	-68.15725	-466.30176
LeMans	2	-67.95515	-466.38367
LeMans	2	-67.7514	-466.46506
LeMans	2	-67.54816	-466.54663
LeMans	2	-67.34835	-466.6267
LeMans	2	-67.14995	-466.708
LeMans	2	-66.9489	-466.79147
LeMans	2	-66.746574	-466.87543
LeMans	2	-66.53703	-466.96228
LeMans	2	-66.32305	-467.05072
LeMans	2	-66.105774	-467.1407
LeMans	2	-65.88614	-467.23178
LeMans	2	-65.65984	-467.32565
LeMans	2	-65.433174	-467.41977
LeMans	2	-65.207886	-467.51346
LeMans	2	-64.98892	-467.60455
LeMans	2	-64.767395	-467.69742
LeMans	2	-64.54472	-467.79095
LeMans	2	-64.32674	-467.88272
LeMans	2	-64.10877	-467.97427
LeMans	2	-63.88805	-468.0669
LeMans	2	-63.665707	-468.16037
LeMans	2	-63.449974	-468.2514
LeMans	2	-63.229607	-468.34396
LeMans	2	-63.007973	-468.43784
LeMans	2	-62.795567	-468.5288
LeMans	2	-62.58122	-468.62338
LeMans	2	-62.36749	-468.7232
LeMans	2	-62.15779	-468.8248
LeMans	2	-61.949814	-468.9247
LeMans	2	-61.744335	-469.0282
LeMans	2	-61.538216	-469.13486
LeMans	2	-61.32621	-469.24045
LeMans	2	-61.11238	-469.3471
LeMans	2	-60.896408	-469.45438
LeMans	2	-60.677284	-469.55902
LeMans	2	-60.45936	-469.66217
LeMans	2	-60.242245	-469.7628
LeMans	2	-60.026947	-469.85632
LeMans	2	-59.809258	-469.94562
LeMans	2	-59.58911	-470.02744
LeMans	2	-59.367313	-470.1036
LeMans	2	-59.145775	-470.18076
LeMans	2	-58.923298	-470.2563
LeMans	2	-58.69806	-470.33063
LeMans	2	-58.47432	-470.40414
LeMans	2	-58.25158	-470.47614
LeMans	2	-58.029392	-470.5472
LeMans	2	-57.810566	-470.61728
LeMans	2	-57.591103	-470.69037
LeMans	2	-57.372177	-470.7667
LeMans	2	-57.149998	-470.8463
LeMans	2	-56.92393	-470.928
LeMans	2	-56.69534	-471.01367
LeMans	2	-56.463753	-471.10068
LeMans	2	-56.22891	-471.18768
LeMans	2	-55.99489	-471.27386
LeMans	2	-55.763084	-471.35757
LeMans	2	-55.532547	-471.43906
LeMans	2	-55.300854	-471.51807
LeMans	2	-55.068184	-471.59146
LeMans	2	-54.83339	-471.65756
LeMans	2	-54.595238	-471.71616
LeMans	2	-54.35499	-471.76706
LeMans	2	-54.114582	-471.81006
LeMans	2	-53.872562	-471.8487
LeMans	2	-53.630886	-471.88513
LeMans	2	-53.390057	-471.92035
LeMans	2	-53.149628	-471.95312
LeMans	2	-52.910854	-471.98367
LeMans	2	-52.673386	-472.01254
LeMans	2	-52.437294	-472.0392
LeMans	2	-52.20162	-472.0628
LeMans	2	-51.967495	-472.08472
LeMans	2	-51.736008	-472.10568
LeMans	2	-51.503963	-472.12463
LeMans	2	-51.272015	-472.14178
LeMans	2	-51.041138	-472.15836
LeMans	2	-50.81531	-472.17404
LeMans	2	-50.584736	-472.18787
LeMans	2	-50.350647	-472.20346
LeMans	2	-50.111458	-472.21906
LeMans	2	-49.86604	-472.23444
LeMans	2	-49.616722	-472.2496
LeMans	2	-49.36433	-472.26492
LeMans	2	-49.10496	-472.27972
LeMans	2	-48.84118	-472.29453
LeMans	2	-48.57474	-472.30984
LeMans	2	-48.31189	-472.32407
LeMans	2	-48.052673	-472.33817
LeMans	2	-47.793587	-472.3523
LeMans	2	-47.537846	-472.36612
LeMans	2	-47.2804	-472.37955
LeMans	2	-47.017952	-472.3943
LeMans	2	-46.75704	-472.40894
LeMans	2	-46.499146	-472.42273
LeMans	2	-46.237236	-472.4374
LeMans	2	-45.977642	-472.4523
LeMans	2	-45.721027	-472.46643
LeMans	2	-45.462532	-472.4812
LeMans	2	-45.20718	-472.49625
LeMans	2	-44.957047	-472.51077
LeMans	2	-44.70458	-472.52603
LeMans	2	-44.452885	-472.5416
LeMans	2	-44.209053	-472.55637
LeMans	2	-43.96266	-472.5708
LeMans	2	-43.71629	-472.58588
LeMans	2	-43.477715	-472.60034
LeMans	2	-43.23589	-472.61432
LeMans	2	-42.993275	-472.62897
LeMans	2	-42.75914	-472.64316
LeMans	2	-42.52239	-472.65784
LeMans	2	-42.284473	-472.67313
LeMans	2	-42.049477	-472.68808
LeMans	2	-41.8182	-472.7028
LeMans	2	-41.585728	-472.7182
LeMans	2	-41.35303	-472.73373
LeMans	2	-41.126167	-472.74875
LeMans	2	-40.898	-472.76416
LeMans	2	-40.669144	-472.78
LeMans	2	-40.447903	-472.79514
LeMans	2	-40.227257	-472.81128
LeMans	2	-40.004223	-472.83188
LeMans	2	-39.781467	-472.85788
LeMans	2	-39.56492	-472.8837
LeMans	2	-39.348396	-472.9109
LeMans	2	-39.13093	-472.94247
LeMans	2	-38.91255	-472.97504
LeMans	2	-38.699608	-473.0028
LeMans	2	-38.489433	-473.03256
LeMans	2	-38.279675	-473.06287
LeMans	2	-38.069828	-473.0917
LeMans	2	-37.860233	-473.11707
LeMans	2	-37.651154	-473.13776
LeMans	2	-37.44418	-473.15222
LeMans	2	-37.23676	-473.16046
LeMans	2	-37.029774	-473.1614
LeMans	2	-36.823475	-473.1561
LeMans	2	-36.61798	-473.14517
LeMans	2	-36.413364	-473.12906
LeMans	2	-36.209743	-473.10956
LeMans	2	-36.007233	-473.08875
LeMans	2	-35.805954	-473.06726
LeMans	2	-35.605946	-473.04538
LeMans	2	-35.407215	-473.02322
LeMans	2	-35.209682	-473.00076
LeMans	2	-35.013256	-472.97784
LeMans	2	-34.81783	-472.95453
LeMans	2	-34.623283	-472.9312
LeMans	2	-34.429474	-472.90955
LeMans	2	-34.235954	-472.8946
LeMans	2	-34.042645	-472.8854
LeMans	2	-33.84977	-472.87973
LeMans	2	-33.657505	-472.8764
LeMans	2	-33.46595	-472.87476
LeMans	2	-33.275146	-472.87433
LeMans	2	-33.08516	-472.87473
LeMans	2	-32.896046	-472.87518
LeMans	2	-32.707855	-472.87466
LeMans	2	-32.52067	-472.87173
LeMans	2	-32.33457	-472.86514
LeMans	2	-32.14954	-472.85367
LeMans	2	-31.965527	-472.8349
LeMans	2	-31.782545	-472.80847
LeMans	2	-31.600658	-472.77573
LeMans	2	-31.419817	-472.73752
LeMans	2	-31.240143	-472.6942
LeMans	2	-31.061771	-472.64606
LeMans	2	-30.884752	-472.59418
LeMans	2	-30.70899	-472.54077
LeMans	2	-30.534548	-472.48642
LeMans	2	-30.361557	-472.43152
LeMans	2	-30.19007	-472.37613
LeMans	2	-30.02019	-472.32034
LeMans	2	-29.851847	-472.26425
LeMans	2	-29.684774	-472.20874
LeMans	2	-29.517956	-472.15756
LeMans	2	-29.350319	-472.11392
LeMans	2	-29.182302	-472.07553
LeMans	2	-29.014677	-472.03952
LeMans	2	-28.84797	-472.00385
LeMans	2	-28.682587	-471.96695
LeMans	2	-28.518816	-471.9275
LeMans	2	-28.357138	-471.88275
LeMans	2	-28.197954	-471.8312
LeMans	2	-28.040741	-471.77448
LeMans	2	-27.884989	-471.71448
LeMans	2	-27.730595	-471.65213
LeMans	2	-27.577307	-471.58826
LeMans	2	-27.422485	-471.5233
LeMans	2	-27.263756	-471.45514
LeMans	2	-27.101347	-471.38394
LeMans	2	-26.935	-471.3107
LeMans	2	-26.765205	-471.2351
LeMans	2	-26.592218	-471.1569
LeMans	2	-26.416252	-471.0769
LeMans	2	-26.236965	-470.99457
LeMans	2	-26.05566	-470.9106
LeMans	2	-25.875336	-470.82654
LeMans	2	-25.69925	-470.74158
LeMans	2	-25.523844	-470.65414
LeMans	2	-25.347404	-470.5631
LeMans	2	-25.17198	-470.46924
LeMans	2	-24.998226	-470.3739
LeMans	2	-24.828484	-470.28
LeMans	2	-24.6553	-470.1829
LeMans	2	-24.481855	-470.08414
LeMans	2	-24.30954	-469.9879
LeMans	2	-24.141996	-469.89697
LeMans	2	-23.972065	-469.8047
LeMans	2	-23.798386	-469.71417
LeMans	2	-23.620058	-469.6278
LeMans	2	-23.448832	-469.548
LeMans	2	-23.280964	-469.47098
LeMans	2	-23.108158	-469.39288
LeMans	2	-22.927666	-469.3241
LeMans	2	-22.752977	-469.25784
LeMans	2	-22.584803	-469.19162
LeMans	2	-22.413776	-469.12585
LeMans	2	-22.237556	-469.06308
LeMans	2	-22.060602	-469.00082
LeMans	2	-21.894213	-468.94003
LeMans	2	-21.729218	-468.87946
LeMans	2	-21.560156	-468.8183
LeMans	2	-21.38894	-468.758
LeMans	2	-21.223597	-468.6994
LeMans	2	-21.06243	-468.6422
LeMans	2	-20.89871	-468.58417
LeMans	2	-20.733227	-468.52576
LeMans	2	-20.566084	-468.46683
LeMans	2	-20.411451	-468.4123
LeMans	2	-20.255878	-468.35815
LeMans	2	-20.098072	-468.3018
LeMans	2	-19.9385	-468.2456
LeMans	2	-19.785072	-468.1921
LeMans	2	-19.635418	-468.14053
LeMans	2	-19.483385	-468.08862
LeMans	2	-19.33028	-468.03616
LeMans	2	-19.176151	-467.98306
LeMans	2	-19.030996	-467.93347
LeMans	2	-18.88576	-467.88437
LeMans	2	-18.739788	-467.83362
LeMans	2	-18.593046	-467.78305
LeMans	2	-18.446028	-467.73264
LeMans	2	-18.306273	-467.685
LeMans	2	-18.165518	-467.63803
LeMans	2	-18.022987	-467.5904
LeMans	2	-17.880152	-467.5429
LeMans	2	-17.735134	-467.4943
LeMans	2	-17.595432	-467.44748
LeMans	2	-17.457268	-467.4018
LeMans	2	-17.318033	-467.35504
LeMans	2	-17.179274	-467.30914
LeMans	2	-17.038761	-467.26248
LeMans	2	-16.90297	-467.21768
LeMans	2	-16.769495	-467.17444
LeMans	2	-16.633385	-467.1335
LeMans	2	-16.498775	-467.09464
LeMans	2	-16.362823	-467.05768
LeMans	2	-16.226265	-467.02164
LeMans	2	-16.096766	-466.98386
LeMans	2	-15.966307	-466.94614
LeMans	2	-15.836616	-466.90878
LeMans	2	-15.708457	-466.8718
LeMans	2	-15.579202	-466.83585
LeMans	2	-15.453036	-466.79944
LeMans	2	-15.329443	-466.7633
LeMans	2	-15.205475	-466.72754
LeMans	2	-15.082661	-466.69098
LeMans	2	-14.961578	-466.6529
LeMans	2	-14.840827	-466.61304
LeMans	2	-14.723375	-466.56998
LeMans	2	-14.608016	-466.5237
LeMans	2	-14.493958	-466.4725
LeMans	2	-14.38175	-466.4179
LeMans	2	-14.271151	-466.3608
LeMans	2	-14.161655	-466.30267
LeMans	2	-14.053041	-466.24408
LeMans	2	-13.946389	-466.18585
LeMans	2	-13.839942	-466.1264
LeMans	2	-13.734739	-466.06738
LeMans	2	-13.630825	-466.00858
LeMans	2	-13.526347	-465.94894
LeMans	2	-13.418978	-465.88736
LeMans	2	-13.306707	-465.82248
LeMans	2	-13.193033	-465.7563
LeMans	2	-13.076082	-465.68823
LeMans	2	-12.955334	-465.61752
LeMans	2	-12.8312645	-465.54465
LeMans	2	-12.704238	-465.4707
LeMans	2	-12.571948	-465.3935
LeMans	2	-12.436807	-465.3146
LeMans	2	-12.2990465	-465.2337
LeMans	2	-12.159975	-465.1522
LeMans	2	-12.019	-465.07504
LeMans	2	-11.87773	-465.00375
LeMans	2	-11.734943	-464.93292
LeMans	2	-11.589902	-464.86514
LeMans	2	-11.443644	-464.79913
LeMans	2	-11.295537	-464.73468
LeMans	2	-11.149511	-464.66998
LeMans	2	-11.001911	-464.60602
LeMans	2	-10.854924	-464.54086
LeMans	2	-10.709587	-464.4735
LeMans	2	-10.56694	-464.40305
LeMans	2	-10.427246	-464.32916
LeMans	2	-10.291164	-464.2493
LeMans	2	-10.159474	-464.1631
LeMans	2	-10.031541	-464.0722
LeMans	2	-9.906812	-463.97842
LeMans	2	-9.784633	-463.88266
LeMans	2	-9.663556	-463.7862
LeMans	2	-9.543949	-463.68906
LeMans	2	-9.42579	-463.59152
LeMans	2	-9.308815	-463.4938
LeMans	2	-9.1942835	-463.39633
LeMans	2	-9.080529	-463.29868
LeMans	2	-8.9671545	-463.20172
LeMans	2	-8.854878	-463.10483
LeMans	2	-8.741968	-463.0067
LeMans	2	-8.625372	-462.90518
LeMans	2	-8.505364	-462.80066
LeMans	2	-8.382965	-462.69354
LeMans	2	-8.257693	-462.58313
LeMans	2	-8.129072	-462.4703
LeMans	2	-7.997038	-462.35486
LeMans	2	-7.8622007	-462.23703
LeMans	2	-7.7264733	-462.11823
LeMans	2	-7.592291	-461.99963
LeMans	2	-7.458507	-461.8813
LeMans	2	-7.326046	-461.76456
LeMans	2	-7.194664	-461.64774
LeMans	2	-7.0616727	-461.52777
LeMans	2	-6.9289365	-461.40897
LeMans	2	-6.794622	-461.2894
LeMans	2	-6.6637864	-461.17334
LeMans	2	-6.532267	-461.05527
LeMans	2	-6.399583	-460.9375
LeMans	2	-6.267479	-460.82022
LeMans	2	-6.134653	-460.70135
LeMans	2	-6.0027957	-460.58105
LeMans	2	-5.8687067	-460.45676
LeMans	2	-5.733223	-460.328
LeMans	2	-5.5971856	-460.19684
LeMans	2	-5.455929	-460.06152
LeMans	2	-5.3134274	-459.92444
LeMans	2	-5.1685147	-459.78586
LeMans	2	-5.0229816	-459.64746
LeMans	2	-4.878877	-459.51355
LeMans	2	-4.7345943	-459.38077
LeMans	2	-4.586476	-459.24918
LeMans	2	-4.4331594	-459.12082
LeMans	2	-4.282441	-459.0003
LeMans	2	-4.130962	-458.87894
LeMans	2	-3.974501	-458.75726
LeMans	2	-3.8138988	-458.63638
LeMans	2	-3.6588302	-458.51855
LeMans	2	-3.5047796	-458.40097
LeMans	2	-3.3485277	-458.28357
LeMans	2	-3.1901186	-458.16666
LeMans	2	-3.036874	-458.0524
LeMans	2	-2.8844512	-457.9392
LeMans	2	-2.731839	-457.82538
LeMans	2	-2.5782197	-457.71237
LeMans	2	-2.4212527	-457.59738
LeMans	2	-2.2624233	-457.48227
LeMans	2	-2.1004045	-457.36783
LeMans	2	-1.9355705	-457.2542
LeMans	2	-1.7680571	-457.1404
LeMans	2	-1.6018335	-457.02924
LeMans	2	-1.4371291	-456.91983
LeMans	2	-1.2719893	-456.81146
LeMans	2	-1.1116108	-456.7036
LeMans	2	-0.95090747	-456.59506
LeMans	2	-0.79194754	-456.48428
LeMans	2	-0.634602	-456.36975
LeMans	2	-0.48339722	-456.25357
LeMans	2	-0.33376524	-456.1308
LeMans	2	-0.18735588	-456.00293
LeMans	2	-0.044327803	-455.87042
LeMans	2	0.095058426	-455.7389
LeMans	2	0.23261163	-455.60443
LeMans	2	0.3689638	-455.4701
LeMans	2	0.503746	-455.33612
LeMans	2	0.63766086	-455.20258
LeMans	2	0.77200806	-455.06784
LeMans	2	0.9086337	-454.9315
LeMans	2	1.0479245	-454.79233
LeMans	2	1.1914147	-454.65076
LeMans	2	1.3407516	-454.5083
LeMans	2	1.4943031	-454.36438
LeMans	2	1.6513193	-454.2187
LeMans	2	1.8103763	-454.0724
LeMans	2	1.9682426	-453.92712
LeMans	2	2.1249912	-453.7832
LeMans	2	2.2805915	-453.63895
LeMans	2	2.434208	-453.49283
LeMans	2	2.5846896	-453.34348
LeMans	2	2.7302797	-453.18893
LeMans	2	2.8706653	-453.0292
LeMans	2	3.0078723	-452.86658
LeMans	2	3.1429198	-452.7025
LeMans	2	3.2761645	-452.5377
LeMans	2	3.4076998	-452.37256
LeMans	2	3.537614	-452.20746
LeMans	2	3.66599	-452.04254
LeMans	2	3.7929072	-451.87805
LeMans	2	3.9183981	-451.71408
LeMans	2	4.042579	-451.55066
LeMans	2	4.1655407	-451.38788
LeMans	2	4.2873645	-451.22577
LeMans	2	4.4081144	-451.0644
LeMans	2	4.527888	-450.90393
LeMans	2	4.646751	-450.74414
LeMans	2	4.765373	-450.584
LeMans	2	4.8852887	-450.42175
LeMans	2	5.007734	-450.25644
LeMans	2	5.1330004	-450.08792
LeMans	2	5.261173	-449.9159
LeMans	2	5.3920197	-449.74026
LeMans	2	5.52514	-449.5611
LeMans	2	5.6605234	-449.37854
LeMans	2	5.798122	-449.19275
LeMans	2	5.9378543	-449.00427
LeMans	2	6.077919	-448.81592
LeMans	2	6.2170486	-448.62918
LeMans	2	6.3568053	-448.44357
LeMans	2	6.4995866	-448.26038
LeMans	2	6.646487	-448.0803
LeMans	2	6.7963037	-447.90265
LeMans	2	6.948371	-447.727
LeMans	2	7.102007	-447.5531
LeMans	2	7.256654	-447.3808
LeMans	2	7.411833	-447.20996
LeMans	2	7.566859	-447.0402
LeMans	2	7.720649	-446.87082
LeMans	2	7.8721013	-446.7012
LeMans	2	8.020462	-446.53055
LeMans	2	8.164972	-446.35834
LeMans	2	8.304861	-446.18393
LeMans	2	8.438807	-446.00613
LeMans	2	8.566319	-445.8245
LeMans	2	8.688236	-445.63992
LeMans	2	8.8049555	-445.4528
LeMans	2	8.917668	-445.26416
LeMans	2	9.028113	-445.07547
LeMans	2	9.136826	-444.8872
LeMans	2	9.243905	-444.69968
LeMans	2	9.34946	-444.51297
LeMans	2	9.453549	-444.32706
LeMans	2	9.5562105	-444.1421
LeMans	2	9.657512	-443.95804
LeMans	2	9.757584	-443.77487
LeMans	2	9.856532	-443.59265
LeMans	2	9.954482	-443.41132
LeMans	2	10.052009	-443.2311
LeMans	2	10.152601	-443.05417
LeMans	2	10.25832	-442.8809
LeMans	2	10.367681	-442.70883
LeMans	2	10.479079	-442.53506
LeMans	2	10.593329	-442.35797
LeMans	2	10.711261	-442.1769
LeMans	2	10.831935	-441.99197
LeMans	2	10.953467	-441.8025
LeMans	2	11.075361	-441.6097
LeMans	2	11.195885	-441.41672
LeMans	2	11.312947	-441.22394
LeMans	2	11.425419	-441.02948
LeMans	2	11.531087	-440.83133
LeMans	2	11.630909	-440.62982
LeMans	2	11.727317	-440.42654
LeMans	2	11.821181	-440.22223
LeMans	2	11.913093	-440.01746
LeMans	2	12.003237	-439.81268
LeMans	2	12.091745	-439.60806
LeMans	2	12.178731	-439.40393
LeMans	2	12.264275	-439.20053
LeMans	2	12.348414	-438.99808
LeMans	2	12.431268	-438.7966
LeMans	2	12.513221	-438.59628
LeMans	2	12.595601	-438.39783
LeMans	2	12.68141	-438.2027
LeMans	2	12.770953	-438.0108
LeMans	2	12.862383	-437.8212
LeMans	2	12.9549265	-437.63364
LeMans	2	13.048551	-437.4478
LeMans	2	13.143097	-437.26373
LeMans	2	13.238314	-437.08127
LeMans	2	13.333884	-436.90027
LeMans	2	13.4292965	-436.72037
LeMans	2	13.523497	-436.54102
LeMans	2	13.615261	-436.3616
LeMans	2	13.70337	-436.18152
LeMans	2	13.786687	-436.00015
LeMans	2	13.863091	-435.8163
LeMans	2	13.932273	-435.62994
LeMans	2	13.995381	-435.44174
LeMans	2	14.05312	-435.25217
LeMans	2	14.105689	-435.06137
LeMans	2	14.153959	-434.86984
LeMans	2	14.199874	-434.67877
LeMans	2	14.244071	-434.48843
LeMans	2	14.286778	-434.29904
LeMans	2	14.328143	-434.11084
LeMans	2	14.368249	-433.92386
LeMans	2	14.407119	-433.7382
LeMans	2	14.444835	-433.55377
LeMans	2	14.481503	-433.37054
LeMans	2	14.517212	-433.18863
LeMans	2	14.551958	-433.00677
LeMans	2	14.586466	-432.8227
LeMans	2	14.621648	-432.63535
LeMans	2	14.65753	-432.4449
LeMans	2	14.69391	-432.25162
LeMans	2	14.730672	-432.05582
LeMans	2	14.767883	-431.85764
LeMans	2	14.805417	-431.65836
LeMans	2	14.842833	-431.46014
LeMans	2	14.87982	-431.2634
LeMans	2	14.91669	-431.06754
LeMans	2	14.95353	-430.87213
LeMans	2	14.990367	-430.6772
LeMans	2	15.027233	-430.48264
LeMans	2	15.064207	-430.28857
LeMans	2	15.101271	-430.09515
LeMans	2	15.138421	-429.90256
LeMans	2	15.175655	-429.71085
LeMans	2	15.2128935	-429.51996
LeMans	2	15.250381	-429.32806
LeMans	2	15.288711	-429.13318
LeMans	2	15.328142	-428.93506
LeMans	2	15.368457	-428.73425
LeMans	2	15.4094515	-428.53104
LeMans	2	15.450948	-428.3261
LeMans	2	15.492467	-428.12158
LeMans	2	15.53361	-427.9191
LeMans	2	15.574482	-427.71793
LeMans	2	15.615178	-427.5176
LeMans	2	15.655751	-427.31787
LeMans	2	15.69622	-427.11862
LeMans	2	15.737035	-426.9201
LeMans	2	15.78079	-426.72168
LeMans	2	15.828905	-426.5214
LeMans	2	15.8812275	-426.31787
LeMans	2	15.937513	-426.11148
LeMans	2	15.997507	-425.90298
LeMans	2	16.061127	-425.69394
LeMans	2	16.126747	-425.4868
LeMans	2	16.19229	-425.28183
LeMans	2	16.256422	-425.07806
LeMans	2	16.31806	-424.8746
LeMans	2	16.376173	-424.67084
LeMans	2	16.429878	-424.46652
LeMans	2	16.478214	-424.26123
LeMans	2	16.519732	-424.05472
LeMans	2	16.554705	-423.84714
LeMans	2	16.584053	-423.63898
LeMans	2	16.60823	-423.4307
LeMans	2	16.627754	-423.22244
LeMans	2	16.644993	-423.01498
LeMans	2	16.66115	-422.80872
LeMans	2	16.676376	-422.60382
LeMans	2	16.690779	-422.4004
LeMans	2	16.704494	-422.19836
LeMans	2	16.717585	-421.9978
LeMans	2	16.730053	-421.7987
LeMans	2	16.741926	-421.60107
LeMans	2	16.753292	-421.40488
LeMans	2	16.764015	-421.20944
LeMans	2	16.774427	-421.01227
LeMans	2	16.787342	-420.81186
LeMans	2	16.80533	-420.6084
LeMans	2	16.827206	-420.40207
LeMans	2	16.852234	-420.19327
LeMans	2	16.881277	-419.9829
LeMans	2	16.915253	-419.77417
LeMans	2	16.953543	-419.56808
LeMans	2	16.99194	-419.36334
LeMans	2	17.02786	-419.15897
LeMans	2	17.059729	-418.95447
LeMans	2	17.08588	-418.74966
LeMans	2	17.104065	-418.5441
LeMans	2	17.11468	-418.338
LeMans	2	17.118986	-418.13184
LeMans	2	17.117798	-417.92593
LeMans	2	17.11256	-417.72064
LeMans	2	17.105583	-417.5164
LeMans	2	17.097345	-417.31323
LeMans	2	17.088171	-417.1114
LeMans	2	17.078186	-416.91116
LeMans	2	17.06749	-416.71228
LeMans	2	17.0562	-416.51495
LeMans	2	17.044401	-416.31912
LeMans	2	17.032135	-416.12488
LeMans	2	17.019468	-415.93207
LeMans	2	17.006495	-415.7407
LeMans	2	16.993301	-415.55072
LeMans	2	16.97995	-415.36206
LeMans	2	16.966265	-415.17416
LeMans	2	16.952	-414.98474
LeMans	2	16.93749	-414.79138
LeMans	2	16.923134	-414.5934
LeMans	2	16.908894	-414.391
LeMans	2	16.89445	-414.18445
LeMans	2	16.87944	-413.97382
LeMans	2	16.864092	-413.75992
LeMans	2	16.848635	-413.5445
LeMans	2	16.833273	-413.32965
LeMans	2	16.818136	-413.11606
LeMans	2	16.803198	-412.9038
LeMans	2	16.788376	-412.6913
LeMans	2	16.773743	-412.47894
LeMans	2	16.759394	-412.2668
LeMans	2	16.745026	-412.05505
LeMans	2	16.730822	-411.8436
LeMans	2	16.71684	-411.6328
LeMans	2	16.703106	-411.42276
LeMans	2	16.689554	-411.21353
LeMans	2	16.676167	-411.00534
LeMans	2	16.662933	-410.7985
LeMans	2	16.6498	-410.59253
LeMans	2	16.636557	-410.3851
LeMans	2	16.623056	-410.1736
LeMans	2	16.609312	-409.9575
LeMans	2	16.595268	-409.73605
LeMans	2	16.581213	-409.51114
LeMans	2	16.568125	-409.28235
LeMans	2	16.557734	-409.05078
LeMans	2	16.549955	-408.81927
LeMans	2	16.545908	-408.5893
LeMans	2	16.544899	-408.36127
LeMans	2	16.546396	-408.13315
LeMans	2	16.548052	-407.90533
LeMans	2	16.548534	-407.67807
LeMans	2	16.54671	-407.45145
LeMans	2	16.541723	-407.22546
LeMans	2	16.53275	-407.0002
LeMans	2	16.519003	-406.77603
LeMans	2	16.49828	-406.55304
LeMans	2	16.471521	-406.3314
LeMans	2	16.441494	-406.11118
LeMans	2	16.409311	-405.89236
LeMans	2	16.375605	-405.6751
LeMans	2	16.340809	-405.4594
LeMans	2	16.305191	-405.24518
LeMans	2	16.269012	-405.03262
LeMans	2	16.233318	-404.82144
LeMans	2	16.202665	-404.61136
LeMans	2	16.178728	-404.40195
LeMans	2	16.159227	-404.19342
LeMans	2	16.142033	-403.98575
LeMans	2	16.125702	-403.77737
LeMans	2	16.110147	-403.5666
LeMans	2	16.094828	-403.35297
LeMans	2	16.078566	-403.13663
LeMans	2	16.060196	-402.91818
LeMans	2	16.038364	-402.69867
LeMans	2	16.011173	-402.48074
LeMans	2	15.976519	-402.2653
LeMans	2	15.935142	-402.05164
LeMans	2	15.887656	-401.83932
LeMans	2	15.834657	-401.62836
LeMans	2	15.778707	-401.41858
LeMans	2	15.722728	-401.20987
LeMans	2	15.671563	-401.00153
LeMans	2	15.627971	-400.79324
LeMans	2	15.58871	-400.58554
LeMans	2	15.550655	-400.37906
LeMans	2	15.511555	-400.17426
LeMans	2	15.469519	-399.97128
LeMans	2	15.421253	-399.77084
LeMans	2	15.366041	-399.57303
LeMans	2	15.305995	-399.37744
LeMans	2	15.242716	-399.1839
LeMans	2	15.177029	-398.99207
LeMans	2	15.109543	-398.8021
LeMans	2	15.040576	-398.61386
LeMans	2	14.970483	-398.4274
LeMans	2	14.899516	-398.24277
LeMans	2	14.827857	-398.05978
LeMans	2	14.755694	-397.87854
LeMans	2	14.68316	-397.69897
LeMans	2	14.610385	-397.52097
LeMans	2	14.537496	-397.3446
LeMans	2	14.464605	-397.16977
LeMans	2	14.39181	-396.9963
LeMans	2	14.319205	-396.82434
LeMans	2	14.246871	-396.65372
LeMans	2	14.17484	-396.48428
LeMans	2	14.103191	-396.31613
LeMans	2	14.031952	-396.14917
LeMans	2	13.961161	-395.98343
LeMans	2	13.89081	-395.81882
LeMans	2	13.820366	-395.65448
LeMans	2	13.748998	-395.4884
LeMans	2	13.676361	-395.3188
LeMans	2	13.602454	-395.14474
LeMans	2	13.527372	-394.96652
LeMans	2	13.450865	-394.7844
LeMans	2	13.37262	-394.59882
LeMans	2	13.292986	-394.41016
LeMans	2	13.212139	-394.2185
LeMans	2	13.130436	-394.02432
LeMans	2	13.04896	-393.82996
LeMans	2	12.9682455	-393.63684
LeMans	2	12.88799	-393.4445
LeMans	2	12.807894	-393.25217
LeMans	2	12.728056	-393.06015
LeMans	2	12.648416	-392.86835
LeMans	2	12.568985	-392.67688
LeMans	2	12.489817	-392.48578
LeMans	2	12.41096	-392.29535
LeMans	2	12.3324585	-392.10565
LeMans	2	12.254332	-391.91687
LeMans	2	12.1766405	-391.72916
LeMans	2	12.099341	-391.5423
LeMans	2	12.021886	-391.35434
LeMans	2	11.944868	-391.1626
LeMans	2	11.8704195	-390.966
LeMans	2	11.798436	-390.76505
LeMans	2	11.728522	-390.56033
LeMans	2	11.660765	-390.35266
LeMans	2	11.595117	-390.14395
LeMans	2	11.53046	-389.937
LeMans	2	11.4652195	-389.73236
LeMans	2	11.398051	-389.52972
LeMans	2	11.327813	-389.329
LeMans	2	11.25354	-389.13037
LeMans	2	11.173551	-388.93445
LeMans	2	11.087203	-388.7414
LeMans	2	10.996987	-388.55057
LeMans	2	10.905	-388.3615
LeMans	2	10.8119	-388.17404
LeMans	2	10.718177	-387.9882
LeMans	2	10.624155	-387.80392
LeMans	2	10.530116	-387.6213
LeMans	2	10.436242	-387.44022
LeMans	2	10.342657	-387.26068
LeMans	2	10.249463	-387.08267
LeMans	2	10.156712	-386.90613
LeMans	2	10.0644455	-386.73093
LeMans	2	9.97262	-386.55698
LeMans	2	9.881782	-386.38245
LeMans	2	9.794117	-386.20413
LeMans	2	9.709241	-386.02164
LeMans	2	9.626367	-385.83566
LeMans	2	9.545305	-385.6466
LeMans	2	9.466192	-385.45465
LeMans	2	9.390456	-385.2604
LeMans	2	9.317638	-385.06644
LeMans	2	9.244521	-384.8745
LeMans	2	9.16928	-384.68484
LeMans	2	9.09051	-384.49765
LeMans	2	9.006737	-384.31326
LeMans	2	8.915948	-384.13242
LeMans	2	8.819106	-383.95493
LeMans	2	8.717347	-383.78055
LeMans	2	8.611363	-383.60913
LeMans	2	8.5018215	-383.4406
LeMans	2	8.391033	-383.27414
LeMans	2	8.280057	-383.1093
LeMans	2	8.16923	-382.94617
LeMans	2	8.058711	-382.78464
LeMans	2	7.9486628	-382.62473
LeMans	2	7.839169	-382.4664
LeMans	2	7.730265	-382.30972
LeMans	2	7.621943	-382.15457
LeMans	2	7.5142345	-382.0009
LeMans	2	7.4071703	-381.8487
LeMans	2	7.3007803	-381.69775
LeMans	2	7.194803	-381.5479
LeMans	2	7.0880876	-381.39786
LeMans	2	6.9796	-381.24542
LeMans	2	6.8694205	-381.08987
LeMans	2	6.7575083	-380.93112
LeMans	2	6.643893	-380.76953
LeMans	2	6.5286007	-380.6051
LeMans	2	6.411567	-380.4381
LeMans	2	6.292716	-380.26834
LeMans	2	6.1720047	-380.09583
LeMans	2	6.0493426	-379.92026
LeMans	2	5.924698	-379.74176
LeMans	2	5.798075	-379.56003
LeMans	2	5.669476	-379.37515
LeMans	2	5.538821	-379.18695
LeMans	2	5.405972	-378.9954
LeMans	2	5.270835	-378.80026
LeMans	2	5.1333594	-378.60156
LeMans	2	4.9934797	-378.39917
LeMans	2	4.8511677	-378.1932
LeMans	2	4.7064247	-377.98355
LeMans	2	4.559234	-377.77026
LeMans	2	4.409585	-377.55338
LeMans	2	4.257498	-377.33295
LeMans	2	4.1029797	-377.10898
LeMans	2	3.9460177	-376.8815
LeMans	2	3.786615	-376.6505
LeMans	2	3.6247873	-376.41602
LeMans	2	3.4605353	-376.17795
LeMans	2	3.2938542	-375.93646
LeMans	2	3.1247466	-375.69144
LeMans	2	2.9532025	-375.44284
LeMans	2	2.7793612	-375.1906
LeMans	2	2.604503	-374.93378
LeMans	2	2.430833	-374.67078
LeMans	2	2.258007	-374.40186
LeMans	2	2.0854862	-374.1274
LeMans	2	1.9127659	-373.84787
LeMans	2	1.7391254	-373.5636
LeMans	2	1.5634902	-373.27524
LeMans	2	1.3847958	-372.98343
LeMans	2	1.20213	-372.68875
LeMans	2	1.0145957	-372.39163
LeMans	2	0.82141656	-372.0927
LeMans	2	0.62152654	-371.79263
LeMans	2	0.4139492	-371.4921
LeMans	2	0.19894671	-371.19098
LeMans	2	-0.02315237	-370.88834
LeMans	2	-0.25041506	-370.5832
LeMans	2	-0.48184356	-370.275
LeMans	2	-0.71696234	-369.96353
LeMans	2	-0.9555377	-369.64874
LeMans	2	-1.1974776	-369.3305
LeMans	2	-1.4427258	-369.00873
LeMans	2	-1.6912539	-368.68344
LeMans	2	-1.9430196	-368.35443
LeMans	2	-2.1979923	-368.02167
LeMans	2	-2.4559882	-367.68527
LeMans	2	-2.7162137	-367.3464
LeMans	2	-2.9782937	-367.00543
LeMans	2	-3.2420664	-366.66232
LeMans	2	-3.507583	-366.31616
LeMans	2	-3.7750905	-365.96622
LeMans	2	-4.0449824	-365.61218
LeMans	2	-4.317556	-365.25385
LeMans	2	-4.5929246	-364.8915
LeMans	2	-4.871127	-364.52527
LeMans	2	-5.152113	-364.1553
LeMans	2	-5.435697	-363.78152
LeMans	2	-5.719942	-363.4032
LeMans	2	-6.002299	-363.01843
LeMans	2	-6.2825904	-362.62668
LeMans	2	-6.5614805	-362.22855
LeMans	2	-6.838367	-361.82492
LeMans	2	-7.112097	-361.41983
LeMans	2	-7.3834753	-361.01605
LeMans	2	-7.65549	-360.61426
LeMans	2	-7.9301443	-360.2154
LeMans	2	-8.209422	-359.82065
LeMans	2	-8.496141	-359.43234
LeMans	2	-8.790562	-359.05106
LeMans	2	-9.091892	-358.67682
LeMans	2	-9.396848	-358.30765
LeMans	2	-9.701842	-357.94128
LeMans	2	-10.005887	-357.57706
LeMans	2	-10.308861	-357.215
LeMans	2	-10.610718	-356.8551
LeMans	2	-10.9113865	-356.49747
LeMans	2	-11.210732	-356.1419
LeMans	2	-11.508689	-355.7884
LeMans	2	-11.805064	-355.43692
LeMans	2	-12.099843	-355.0873
LeMans	2	-12.392957	-354.7394
LeMans	2	-12.684389	-354.3932
LeMans	2	-12.974135	-354.0486
LeMans	2	-13.262214	-353.70557
LeMans	2	-13.548607	-353.36404
LeMans	2	-13.833347	-353.02402
LeMans	2	-14.116447	-352.6855
LeMans	2	-14.397991	-352.34842
LeMans	2	-14.678048	-352.01297
LeMans	2	-14.957397	-351.67828
LeMans	2	-15.23854	-351.34116
LeMans	2	-15.522701	-351.00006
LeMans	2	-15.81025	-350.65393
LeMans	2	-16.09955	-350.301
LeMans	2	-16.387985	-349.93994
LeMans	2	-16.676046	-349.57175
LeMans	2	-16.96452	-349.1978
LeMans	2	-17.25296	-348.81927
LeMans	2	-17.539864	-348.4392
LeMans	2	-17.82427	-348.06067
LeMans	2	-18.108145	-347.68417
LeMans	2	-18.394587	-347.31088
LeMans	2	-18.686176	-346.9426
LeMans	2	-18.985416	-346.5816
LeMans	2	-19.291979	-346.22803
LeMans	2	-19.605019	-345.88174
LeMans	2	-19.92076	-345.54025
LeMans	2	-20.236078	-345.2014
LeMans	2	-20.550262	-344.8647
LeMans	2	-20.86322	-344.53
LeMans	2	-21.174961	-344.1974
LeMans	2	-21.485378	-343.86682
LeMans	2	-21.794394	-343.5382
LeMans	2	-22.10191	-343.21143
LeMans	2	-22.407866	-342.88635
LeMans	2	-22.712215	-342.56296
LeMans	2	-23.014889	-342.24112
LeMans	2	-23.315868	-341.92078
LeMans	2	-23.615143	-341.60184
LeMans	2	-23.91271	-341.2843
LeMans	2	-24.208591	-340.968
LeMans	2	-24.502785	-340.65308
LeMans	2	-24.795454	-340.33942
LeMans	2	-25.086332	-340.02753
LeMans	2	-25.380686	-339.7117
LeMans	2	-25.675608	-339.39487
LeMans	2	-25.974741	-339.07318
LeMans	2	-26.277998	-338.74667
LeMans	2	-26.585188	-338.4156
LeMans	2	-26.895885	-338.08014
LeMans	2	-27.209341	-337.74136
LeMans	2	-27.523628	-337.40143
LeMans	2	-27.836987	-337.06268
LeMans	2	-28.149178	-336.72546
LeMans	2	-28.46095	-336.3902
LeMans	2	-28.77426	-336.05838
LeMans	2	-29.090092	-335.73114
LeMans	2	-29.408714	-335.40823
LeMans	2	-29.72987	-335.08917
LeMans	2	-30.052544	-334.77338
LeMans	2	-30.374994	-334.45972
LeMans	2	-30.695099	-334.14706
LeMans	2	-31.011877	-333.83398
LeMans	2	-31.324203	-333.51898
LeMans	2	-31.630138	-333.19965
LeMans	2	-31.92719	-332.8746
LeMans	2	-32.215965	-332.54507
LeMans	2	-32.500114	-332.2147
LeMans	2	-32.781284	-331.8853
LeMans	2	-33.060085	-331.55737
LeMans	2	-33.33682	-331.2312
LeMans	2	-33.61179	-330.90668
LeMans	2	-33.885735	-330.58322
LeMans	2	-34.158394	-330.2614
LeMans	2	-34.429844	-329.941
LeMans	2	-34.699318	-329.62177
LeMans	2	-34.966454	-329.30203
LeMans	2	-35.23275	-328.97867
LeMans	2	-35.498714	-328.65002
LeMans	2	-35.764687	-328.31586
LeMans	2	-36.030758	-327.97644
LeMans	2	-36.297066	-327.63177
LeMans	2	-36.562603	-327.2835
LeMans	2	-36.825977	-326.9345
LeMans	2	-37.086742	-326.5866
LeMans	2	-37.34615	-326.24036
LeMans	2	-37.606243	-325.89688
LeMans	2	-37.868973	-325.55655
LeMans	2	-38.135918	-325.2212
LeMans	2	-38.409546	-324.89288
LeMans	2	-38.689915	-324.57187
LeMans	2	-38.97635	-324.258
LeMans	2	-39.26819	-323.95126
LeMans	2	-39.56441	-323.65137
LeMans	2	-39.860954	-323.3553
LeMans	2	-40.155605	-323.06104
LeMans	2	-40.448143	-322.7684
LeMans	2	-40.73878	-322.47733
LeMans	2	-41.02769	-322.1877
LeMans	2	-41.314964	-321.89963
LeMans	2	-41.600662	-321.61307
LeMans	2	-41.8848	-321.32803
LeMans	2	-42.16738	-321.04437
LeMans	2	-42.448437	-320.76215
LeMans	2	-42.728172	-320.4813
LeMans	2	-43.00632	-320.2022
LeMans	2	-43.28477	-319.92273
LeMans	2	-43.56542	-319.64066
LeMans	2	-43.849346	-319.35498
LeMans	2	-44.137135	-319.06543
LeMans	2	-44.42901	-318.7719
LeMans	2	-44.72489	-318.47443
LeMans	2	-45.02465	-318.173
LeMans	2	-45.32788	-317.86765
LeMans	2	-45.633965	-317.5589
LeMans	2	-45.94098	-317.24854
LeMans	2	-46.246605	-316.9389
LeMans	2	-46.550484	-316.63083
LeMans	2	-46.853306	-316.32385
LeMans	2	-47.155262	-316.0177
LeMans	2	-47.456406	-315.7123
LeMans	2	-47.75664	-315.40784
LeMans	2	-48.055965	-315.1043
LeMans	2	-48.354267	-314.80176
LeMans	2	-48.651478	-314.5003
LeMans	2	-48.947475	-314.2001
LeMans	2	-49.242146	-313.90115
LeMans	2	-49.535393	-313.6037
LeMans	2	-49.827164	-313.3077
LeMans	2	-50.117416	-313.01324
LeMans	2	-50.405727	-312.72073
LeMans	2	-50.692486	-312.4298
LeMans	2	-50.981243	-312.1369
LeMans	2	-51.273594	-311.84036
LeMans	2	-51.569847	-311.53986
LeMans	2	-51.87	-311.23538
LeMans	2	-52.173897	-310.92703
LeMans	2	-52.48134	-310.61514
LeMans	2	-52.79202	-310.3
LeMans	2	-53.105606	-309.98184
LeMans	2	-53.421616	-309.66132
LeMans	2	-53.737778	-309.3406
LeMans	2	-54.05208	-309.0218
LeMans	2	-54.36499	-308.7044
LeMans	2	-54.677055	-308.38794
LeMans	2	-54.98843	-308.0722
LeMans	2	-55.29897	-307.7573
LeMans	2	-55.608685	-307.44327
LeMans	2	-55.917526	-307.1301
LeMans	2	-56.22526	-306.81808
LeMans	2	-56.53183	-306.50726
LeMans	2	-56.83711	-306.19778
LeMans	2	-57.141018	-305.8897
LeMans	2	-57.44348	-305.58313
LeMans	2	-57.74442	-305.2781
LeMans	2	-58.043808	-304.97464
LeMans	2	-58.341778	-304.67267
LeMans	2	-58.638073	-304.3724
LeMans	2	-58.934784	-304.07172
LeMans	2	-59.234043	-303.76843
LeMans	2	-59.536587	-303.46182
LeMans	2	-59.842518	-303.15176
LeMans	2	-60.15158	-302.83856
LeMans	2	-60.463314	-302.5227
LeMans	2	-60.77714	-302.2047
LeMans	2	-61.091003	-301.88675
LeMans	2	-61.403496	-301.57016
LeMans	2	-61.714912	-301.2547
LeMans	2	-62.02538	-300.94022
LeMans	2	-62.33486	-300.6267
LeMans	2	-62.642635	-300.31354
LeMans	2	-62.944862	-299.9971
LeMans	2	-63.241264	-299.67725
LeMans	2	-63.532787	-299.35516
LeMans	2	-63.82019	-299.03183
LeMans	2	-64.10442	-298.70847
LeMans	2	-64.38707	-298.38657
LeMans	2	-64.66978	-298.0675
LeMans	2	-64.95399	-297.75275
LeMans	2	-65.24206	-297.44357
LeMans	2	-65.53557	-297.14206
LeMans	2	-65.83118	-296.8465
LeMans	2	-66.131676	-296.55835
LeMans	2	-66.43373	-296.27475
LeMans	2	-66.73523	-295.99374
LeMans	2	-67.035576	-295.71475
LeMans	2	-67.33458	-295.43756
LeMans	2	-67.63221	-295.16208
LeMans	2	-67.928444	-294.88815
LeMans	2	-68.22324	-294.61572
LeMans	2	-68.5166	-294.3447
LeMans	2	-68.80849	-294.07498
LeMans	2	-69.09887	-293.80664
LeMans	2	-69.38799	-293.5395
LeMans	2	-69.67555	-293.2739
LeMans	2	-69.96361	-293.00772
LeMans	2	-70.25428	-292.73877
LeMans	2	-70.54853	-292.46634
LeMans	2	-70.8466	-292.19037
LeMans	2	-71.14849	-291.91098
LeMans	2	-71.45408	-291.62823
LeMans	2	-71.76252	-291.34268
LeMans	2	-72.07199	-291.0558
LeMans	2	-72.380165	-290.76968
LeMans	2	-72.68662	-290.4847
LeMans	2	-72.99182	-290.20068
LeMans	2	-73.29597	-289.91745
LeMans	2	-73.59909	-289.6351
LeMans	2	-73.90098	-289.3534
LeMans	2	-74.20033	-289.07117
LeMans	2	-74.49454	-288.78583
LeMans	2	-74.78353	-288.49747
LeMans	2	-75.06823	-288.20724
LeMans	2	-75.34947	-287.91632
LeMans	2	-75.62853	-287.626
LeMans	2	-75.90679	-287.33786
LeMans	2	-76.18541	-287.053
LeMans	2	-76.465385	-286.77243
LeMans	2	-76.748055	-286.4974
LeMans	2	-77.0357	-286.23013
LeMans	2	-77.32723	-285.96964
LeMans	2	-77.61981	-285.71317
LeMans	2	-77.91225	-285.45956
LeMans	2	-78.20401	-285.2082
LeMans	2	-78.4948	-284.95883
LeMans	2	-78.78452	-284.71124
LeMans	2	-79.07306	-284.46533
LeMans	2	-79.36038	-284.221
LeMans	2	-79.64641	-283.9782
LeMans	2	-79.93113	-283.73688
LeMans	2	-80.21452	-283.4969
LeMans	2	-80.49656	-283.25842
LeMans	2	-80.77975	-283.0193
LeMans	2	-81.06486	-282.77856
LeMans	2	-81.35245	-282.53568
LeMans	2	-81.64337	-282.29016
LeMans	2	-81.93784	-282.04205
LeMans	2	-82.23581	-281.79126
LeMans	2	-82.53725	-281.53778
LeMans	2	-82.84197	-281.2816
LeMans	2	-83.14889	-281.02335
LeMans	2	-83.45516	-280.76523
LeMans	2	-83.759575	-280.5082
LeMans	2	-84.062706	-280.25174
LeMans	2	-84.364815	-279.99573
LeMans	2	-84.665924	-279.74023
LeMans	2	-84.966034	-279.48535
LeMans	2	-85.26511	-279.23114
LeMans	2	-85.563126	-278.97775
LeMans	2	-85.85992	-278.72537
LeMans	2	-86.15513	-278.4743
LeMans	2	-86.44913	-278.2243
LeMans	2	-86.74539	-277.97235
LeMans	2	-87.0456	-277.7171
LeMans	2	-87.35004	-277.45825
LeMans	2	-87.65855	-277.19592
LeMans	2	-87.971	-276.93018
LeMans	2	-88.28735	-276.66113
LeMans	2	-88.60744	-276.3889
LeMans	2	-88.93042	-276.11417
LeMans	2	-89.25462	-275.83844
LeMans	2	-89.577736	-275.5636
LeMans	2	-89.89906	-275.2903
LeMans	2	-90.21936	-275.01797
LeMans	2	-90.538826	-274.74637
LeMans	2	-90.857475	-274.47543
LeMans	2	-91.17517	-274.20532
LeMans	2	-91.49192	-273.936
LeMans	2	-91.80766	-273.6676
LeMans	2	-92.12238	-273.4004
LeMans	2	-92.43574	-273.13428
LeMans	2	-92.74757	-272.86923
LeMans	2	-93.05746	-272.60574
LeMans	2	-93.365166	-272.34415
LeMans	2	-93.670906	-272.0842
LeMans	2	-93.97486	-271.82584
LeMans	2	-94.277176	-271.56885
LeMans	2	-94.577995	-271.31317
LeMans	2	-94.877174	-271.05887
LeMans	2	-95.17502	-270.80573
LeMans	2	-95.471245	-270.55405
LeMans	2	-95.76598	-270.30362
LeMans	2	-96.05907	-270.05457
LeMans	2	-96.35062	-269.80682
LeMans	2	-96.64054	-269.56046
LeMans	2	-96.92872	-269.31564
LeMans	2	-97.21517	-269.0723
LeMans	2	-97.500206	-268.83014
LeMans	2	-97.7839	-268.58917
LeMans	2	-98.066475	-268.34912
LeMans	2	-98.34763	-268.11032
LeMans	2	-98.62737	-267.8727
LeMans	2	-98.90598	-267.63608
LeMans	2	-99.18282	-267.401
LeMans	2	-99.458855	-267.16663
LeMans	2	-99.73389	-266.93314
LeMans	2	-100.00761	-266.70074
LeMans	2	-100.27994	-266.46957
LeMans	2	-100.5509	-266.2396
LeMans	2	-100.820465	-266.0108
LeMans	2	-101.08865	-265.7832
LeMans	2	-101.35547	-265.5568
LeMans	2	-101.62096	-265.3315
LeMans	2	-101.885124	-265.10736
LeMans	2	-102.14799	-264.88434
LeMans	2	-102.40956	-264.66245
LeMans	2	-102.66982	-264.44168
LeMans	2	-102.92879	-264.22202
LeMans	2	-103.18647	-264.00345
LeMans	2	-103.44284	-263.786
LeMans	2	-103.697914	-263.56967
LeMans	2	-103.9517	-263.35446
LeMans	2	-104.20419	-263.14035
LeMans	2	-104.4554	-262.92737
LeMans	2	-104.70534	-262.71545
LeMans	2	-104.954506	-262.50424
LeMans	2	-105.20512	-262.29184
LeMans	2	-105.458916	-262.07672
LeMans	2	-105.716415	-261.85843
LeMans	2	-105.976166	-261.6358
LeMans	2	-106.236404	-261.40723
LeMans	2	-106.496414	-261.17377
LeMans	2	-106.75497	-260.93918
LeMans	2	-107.010254	-260.7047
LeMans	2	-107.263374	-260.47113
LeMans	2	-107.51602	-260.23898
LeMans	2	-107.769295	-260.0089
LeMans	2	-108.02371	-259.78156
LeMans	2	-108.279724	-259.55725
LeMans	2	-108.53783	-259.3368
LeMans	2	-108.79869	-259.1211
LeMans	2	-109.06091	-258.9089
LeMans	2	-109.323906	-258.69977
LeMans	2	-109.58676	-258.49295
LeMans	2	-109.84893	-258.2881
LeMans	2	-110.110115	-258.085
LeMans	2	-110.37019	-257.88342
LeMans	2	-110.6291	-257.68338
LeMans	2	-110.88679	-257.4847
LeMans	2	-111.143555	-257.2872
LeMans	2	-111.401054	-257.08957
LeMans	2	-111.660866	-256.89032
LeMans	2	-111.92394	-256.68854
LeMans	2	-112.19088	-256.4838
LeMans	2	-112.46196	-256.27594
LeMans	2	-112.73721	-256.06522
LeMans	2	-113.01657	-255.85161
LeMans	2	-113.299995	-255.63507
LeMans	2	-113.58686	-255.41591
LeMans	2	-113.87489	-255.19588
LeMans	2	-114.16089	-254.97726
LeMans	2	-114.445496	-254.75964
LeMans	2	-114.7296	-254.54253
LeMans	2	-115.01362	-254.32639
LeMans	2	-115.297646	-254.1113
LeMans	2	-115.5816	-253.8969
LeMans	2	-115.86393	-253.68349
LeMans	2	-116.14443	-253.47067
LeMans	2	-116.42322	-253.25809
LeMans	2	-116.70023	-253.04565
LeMans	2	-116.975365	-252.8335
LeMans	2	-117.2488	-252.62201
LeMans	2	-117.52074	-252.4115
LeMans	2	-117.79111	-252.20218
LeMans	2	-118.06	-251.99403
LeMans	2	-118.32733	-251.78712
LeMans	2	-118.59311	-251.58142
LeMans	2	-118.85741	-251.37683
LeMans	2	-119.12013	-251.17345
LeMans	2	-119.381386	-250.97119
LeMans	2	-119.64117	-250.77005
LeMans	2	-119.89928	-250.5702
LeMans	2	-120.15603	-250.3714
LeMans	2	-120.41345	-250.17209
LeMans	2	-120.67301	-249.97112
LeMans	2	-120.93527	-249.76807
LeMans	2	-121.20069	-249.56258
LeMans	2	-121.46939	-249.35576
LeMans	2	-121.74123	-249.14923
LeMans	2	-122.014244	-248.94426
LeMans	2	-122.285545	-248.74199
LeMans	2	-122.55515	-248.54152
LeMans	2	-122.82316	-248.34172
LeMans	2	-123.08937	-248.14171
LeMans	2	-123.353485	-247.94087
LeMans	2	-123.615135	-247.73863
LeMans	2	-123.87489	-247.53589
LeMans	2	-124.13346	-247.33374
LeMans	2	-124.390625	-247.13197
LeMans	2	-124.64732	-246.93214
LeMans	2	-124.90492	-246.73602
LeMans	2	-125.16338	-246.54376
LeMans	2	-125.42161	-246.3543
LeMans	2	-125.678825	-246.16643
LeMans	2	-125.93408	-245.97911
LeMans	2	-126.18659	-245.79164
LeMans	2	-126.43612	-245.60316
LeMans	2	-126.68171	-245.4127
LeMans	2	-126.92322	-245.22015
LeMans	2	-127.16194	-245.02646
LeMans	2	-127.39802	-244.8319
LeMans	2	-127.632065	-244.63722
LeMans	2	-127.8644	-244.44292
LeMans	2	-128.09515	-244.2493
LeMans	2	-128.32443	-244.05646
LeMans	2	-128.55237	-243.86444
LeMans	2	-128.7808	-243.67166
LeMans	2	-129.0121	-243.47618
LeMans	2	-129.24695	-243.27788
LeMans	2	-129.4858	-243.07605
LeMans	2	-129.72807	-242.87079
LeMans	2	-129.9737	-242.6623
LeMans	2	-130.22281	-242.4506
LeMans	2	-130.47446	-242.2366
LeMans	2	-130.72617	-242.02254
LeMans	2	-130.97495	-241.81099
LeMans	2	-131.22266	-241.60027
LeMans	2	-131.4699	-241.39027
LeMans	2	-131.71661	-241.18088
LeMans	2	-131.96277	-240.972
LeMans	2	-132.20833	-240.76375
LeMans	2	-132.45326	-240.55608
LeMans	2	-132.69743	-240.34908
LeMans	2	-132.94069	-240.14294
LeMans	2	-133.18285	-239.93779
LeMans	2	-133.42383	-239.73369
LeMans	2	-133.66364	-239.5306
LeMans	2	-133.90285	-239.32802
LeMans	2	-134.14415	-239.12367
LeMans	2	-134.38887	-238.91643
LeMans	2	-134.63766	-238.70572
LeMans	2	-134.89043	-238.4917
LeMans	2	-135.14688	-238.2746
LeMans	2	-135.40724	-238.05428
LeMans	2	-135.67177	-237.83046
LeMans	2	-135.94054	-237.603
LeMans	2	-136.21332	-237.3721
LeMans	2	-136.4883	-237.13927
LeMans	2	-136.76392	-236.9059
LeMans	2	-137.03833	-236.67337
LeMans	2	-137.31068	-236.4426
LeMans	2	-137.58133	-236.2133
LeMans	2	-137.8527	-235.98318
LeMans	2	-138.12425	-235.75296
LeMans	2	-138.39578	-235.52281
LeMans	2	-138.66647	-235.29332
LeMans	2	-138.93626	-235.06456
LeMans	2	-139.20517	-234.83658
LeMans	2	-139.47318	-234.60933
LeMans	2	-139.74017	-234.38292
LeMans	2	-140.00616	-234.15738
LeMans	2	-140.27092	-233.93285
LeMans	2	-140.53426	-233.7095
LeMans	2	-140.796	-233.48747
LeMans	2	-141.05618	-233.26677
LeMans	2	-141.31482	-233.04736
LeMans	2	-141.57193	-232.82924
LeMans	2	-141.82693	-232.61163
LeMans	2	-142.07831	-232.39276
LeMans	2	-142.32565	-232.1721
LeMans	2	-142.56924	-231.94992
LeMans	2	-142.80971	-231.72691
LeMans	2	-143.04802	-231.50409
LeMans	2	-143.28522	-231.28268
LeMans	2	-143.52208	-231.06343
LeMans	2	-143.75923	-230.84703
LeMans	2	-143.99712	-230.63388
LeMans	2	-144.23618	-230.42445
LeMans	2	-144.47736	-230.21965
LeMans	2	-144.72026	-230.01913
LeMans	2	-144.9643	-229.82224
LeMans	2	-145.20857	-229.62802
LeMans	2	-145.45245	-229.43584
LeMans	2	-145.69583	-229.24512
LeMans	2	-145.93805	-229.05605
LeMans	2	-146.17928	-228.86832
LeMans	2	-146.41943	-228.68187
LeMans	2	-146.65851	-228.49667
LeMans	2	-146.89644	-228.31264
LeMans	2	-147.1332	-228.12975
LeMans	2	-147.36877	-227.9479
LeMans	2	-147.6031	-227.76712
LeMans	2	-147.83618	-227.58733
LeMans	2	-148.06801	-227.4085
LeMans	2	-148.29857	-227.23058
LeMans	2	-148.52847	-227.05328
LeMans	2	-148.75916	-226.8753
LeMans	2	-148.99182	-226.69562
LeMans	2	-149.22743	-226.51341
LeMans	2	-149.46637	-226.3284
LeMans	2	-149.70865	-226.14062
LeMans	2	-149.95407	-225.95023
LeMans	2	-150.20251	-225.75735
LeMans	2	-150.45427	-225.56189
LeMans	2	-150.70923	-225.36388
LeMans	2	-150.96631	-225.16412
LeMans	2	-151.22343	-224.96422
LeMans	2	-151.4792	-224.76529
LeMans	2	-151.73405	-224.56708
LeMans	2	-151.98842	-224.3693
LeMans	2	-152.24231	-224.17183
LeMans	2	-152.49567	-223.97478
LeMans	2	-152.74835	-223.77824
LeMans	2	-153.00027	-223.58226
LeMans	2	-153.25133	-223.38693
LeMans	2	-153.50142	-223.19238
LeMans	2	-153.75041	-222.99864
LeMans	2	-153.99821	-222.8059
LeMans	2	-154.24472	-222.61412
LeMans	2	-154.48988	-222.4234
LeMans	2	-154.73363	-222.23376
LeMans	2	-154.97597	-222.04523
LeMans	2	-155.2169	-221.8578
LeMans	2	-155.45647	-221.67145
LeMans	2	-155.69467	-221.48615
LeMans	2	-155.93156	-221.3019
LeMans	2	-156.16713	-221.11867
LeMans	2	-156.40143	-220.93646
LeMans	2	-156.63448	-220.75519
LeMans	2	-156.86629	-220.57494
LeMans	2	-157.09686	-220.39561
LeMans	2	-157.32626	-220.21724
LeMans	2	-157.55446	-220.03976
LeMans	2	-157.78146	-219.86324
LeMans	2	-158.00732	-219.6876
LeMans	2	-158.23198	-219.51292
LeMans	2	-158.45547	-219.33919
LeMans	2	-158.67778	-219.16638
LeMans	2	-158.89893	-218.9945
LeMans	2	-159.1192	-218.82332
LeMans	2	-159.34047	-218.65137
LeMans	2	-159.5646	-218.4772
LeMans	2	-159.79208	-218.30045
LeMans	2	-160.02277	-218.12119
LeMans	2	-160.25644	-217.93962
LeMans	2	-160.49297	-217.75586
LeMans	2	-160.73235	-217.56989
LeMans	2	-160.97455	-217.38176
LeMans	2	-161.21901	-217.19186
LeMans	2	-161.46373	-217.00182
LeMans	2	-161.70714	-216.81279
LeMans	2	-161.9495	-216.6246
LeMans	2	-162.1913	-216.43681
LeMans	2	-162.43268	-216.2494
LeMans	2	-162.67355	-216.06242
LeMans	2	-162.91385	-215.87587
LeMans	2	-163.15349	-215.68983
LeMans	2	-163.3923	-215.50447
LeMans	2	-163.63023	-215.31978
LeMans	2	-163.86713	-215.13591
LeMans	2	-164.10289	-214.95294
LeMans	2	-164.3374	-214.77092
LeMans	2	-164.57062	-214.58994
LeMans	2	-164.80249	-214.41002
LeMans	2	-165.033	-214.23114
LeMans	2	-165.2622	-214.05333
LeMans	2	-165.4901	-213.87657
LeMans	2	-165.71666	-213.70082
LeMans	2	-165.94193	-213.52605
LeMans	2	-166.16599	-213.35226
LeMans	2	-166.38882	-213.17947
LeMans	2	-166.61044	-213.00763
LeMans	2	-166.83087	-212.83667
LeMans	2	-167.05014	-212.66666
LeMans	2	-167.26823	-212.49757
LeMans	2	-167.48515	-212.32939
LeMans	2	-167.70096	-212.16211
LeMans	2	-167.91562	-211.9957
LeMans	2	-168.12935	-211.83002
LeMans	2	-168.34279	-211.66461
LeMans	2	-168.5568	-211.49876
LeMans	2	-168.77243	-211.33165
LeMans	2	-168.99072	-211.16252
LeMans	2	-169.2122	-210.9909
LeMans	2	-169.43709	-210.8167
LeMans	2	-169.66528	-210.63992
LeMans	2	-169.89671	-210.46063
LeMans	2	-170.13129	-210.27895
LeMans	2	-170.36757	-210.09593
LeMans	2	-170.60309	-209.91353
LeMans	2	-170.83698	-209.73242
LeMans	2	-171.07053	-209.55266
LeMans	2	-171.30556	-209.37584
LeMans	2	-171.54265	-209.20253
LeMans	2	-171.78142	-209.03253
LeMans	2	-172.02145	-208.8654
LeMans	2	-172.26215	-208.7007
LeMans	2	-172.50266	-208.53755
LeMans	2	-172.74211	-208.3749
LeMans	2	-172.9796	-208.21187
LeMans	2	-173.2145	-208.04773
LeMans	2	-173.44635	-207.88191
LeMans	2	-173.67467	-207.7139
LeMans	2	-173.89885	-207.54279
LeMans	2	-174.11792	-207.36728
LeMans	2	-174.33286	-207.18883
LeMans	2	-174.54471	-207.00897
LeMans	2	-174.75415	-206.82867
LeMans	2	-174.96156	-206.64832
LeMans	2	-175.16707	-206.46826
LeMans	2	-175.37091	-206.28865
LeMans	2	-175.57312	-206.10962
LeMans	2	-175.7738	-205.93124
LeMans	2	-175.97299	-205.75356
LeMans	2	-176.17079	-205.57663
LeMans	2	-176.3673	-205.4005
LeMans	2	-176.56252	-205.22523
LeMans	2	-176.75652	-205.05074
LeMans	2	-176.95021	-204.87616
LeMans	2	-177.14551	-204.69986
LeMans	2	-177.3443	-204.52068
LeMans	2	-177.54701	-204.3384
LeMans	2	-177.75334	-204.1528
LeMans	2	-177.96227	-203.96333
LeMans	2	-178.17334	-203.7696
LeMans	2	-178.3863	-203.57156
LeMans	2	-178.6002	-203.37001
LeMans	2	-178.8135	-203.16634
LeMans	2	-179.025	-202.96173
LeMans	2	-179.23425	-202.75664
LeMans	2	-179.4429	-202.55182
LeMans	2	-179.65227	-202.34837
LeMans	2	-179.86295	-202.14713
LeMans	2	-180.07562	-201.94855
LeMans	2	-180.29063	-201.75328
LeMans	2	-180.50816	-201.56203
LeMans	2	-180.72928	-201.37587
LeMans	2	-180.95381	-201.1949
LeMans	2	-181.17972	-201.01752
LeMans	2	-181.40598	-200.84267
LeMans	2	-181.63199	-200.66998
LeMans	2	-181.8573	-200.49922
LeMans	2	-182.08176	-200.33028
LeMans	2	-182.30527	-200.16298
LeMans	2	-182.52765	-199.9973
LeMans	2	-182.74898	-199.83315
LeMans	2	-182.96918	-199.67033
LeMans	2	-183.1882	-199.50879
LeMans	2	-183.40599	-199.34845
LeMans	2	-183.62257	-199.1892
LeMans	2	-183.8382	-199.03127
LeMans	2	-184.054	-198.87581
LeMans	2	-184.27148	-198.72302
LeMans	2	-184.49211	-198.57187
LeMans	2	-184.71655	-198.42175
LeMans	2	-184.94466	-198.27269
LeMans	2	-185.17589	-198.12454
LeMans	2	-185.40974	-197.97679
LeMans	2	-185.64436	-197.82925
LeMans	2	-185.87746	-197.68164
LeMans	2	-186.1078	-197.5335
LeMans	2	-186.33531	-197.38367
LeMans	2	-186.55986	-197.23126
LeMans	2	-186.7812	-197.07549
LeMans	2	-186.99876	-196.91554
LeMans	2	-187.21152	-196.74997
LeMans	2	-187.41992	-196.57982
LeMans	2	-187.62558	-196.40778
LeMans	2	-187.82927	-196.23483
LeMans	2	-188.03079	-196.06187
LeMans	2	-188.23048	-195.88905
LeMans	2	-188.42836	-195.71663
LeMans	2	-188.62454	-195.54474
LeMans	2	-188.81909	-195.37346
LeMans	2	-189.01213	-195.2028
LeMans	2	-189.20369	-195.0328
LeMans	2	-189.39404	-194.86328
LeMans	2	-189.58464	-194.69289
LeMans	2	-189.77724	-194.5206
LeMans	2	-189.97322	-194.34691
LeMans	2	-190.17474	-194.17462
LeMans	2	-190.38185	-194.00414
LeMans	2	-190.59386	-193.83507
LeMans	2	-190.81001	-193.66779
LeMans	2	-191.02748	-193.50171
LeMans	2	-191.24313	-193.33621
LeMans	2	-191.45615	-193.16995
LeMans	2	-191.66612	-193.00156
LeMans	2	-191.87231	-192.82956
LeMans	2	-192.07346	-192.65224
LeMans	2	-192.2706	-192.47116
LeMans	2	-192.46506	-192.28828
LeMans	2	-192.65747	-192.1046
LeMans	2	-192.8481	-191.92056
LeMans	2	-193.03711	-191.73653
LeMans	2	-193.22444	-191.55289
LeMans	2	-193.41022	-191.36977
LeMans	2	-193.59444	-191.18724
LeMans	2	-193.77715	-191.00545
LeMans	2	-193.9585	-190.82431
LeMans	2	-194.13945	-190.643
LeMans	2	-194.32164	-190.45998
LeMans	2	-194.50613	-190.27444
LeMans	2	-194.69298	-190.08643
LeMans	2	-194.88206	-189.89607
LeMans	2	-195.07327	-189.70355
LeMans	2	-195.26662	-189.50888
LeMans	2	-195.46214	-189.31207
LeMans	2	-195.65977	-189.11325
LeMans	2	-195.8584	-188.91371
LeMans	2	-196.05635	-188.71492
LeMans	2	-196.25336	-188.51724
LeMans	2	-196.44978	-188.32027
LeMans	2	-196.64587	-188.12378
LeMans	2	-196.84167	-187.9278
LeMans	2	-197.03712	-187.73232
LeMans	2	-197.23218	-187.53754
LeMans	2	-197.42668	-187.34349
LeMans	2	-197.6205	-187.15031
LeMans	2	-197.81361	-186.95804
LeMans	2	-198.00587	-186.76675
LeMans	2	-198.19719	-186.57654
LeMans	2	-198.38751	-186.38744
LeMans	2	-198.57764	-186.19856
LeMans	2	-198.76926	-186.00824
LeMans	2	-198.96368	-185.81514
LeMans	2	-199.16107	-185.61914
LeMans	2	-199.36116	-185.4205
LeMans	2	-199.56377	-185.21938
LeMans	2	-199.76872	-185.01593
LeMans	2	-199.97556	-184.81061
LeMans	2	-200.1829	-184.60477
LeMans	2	-200.38908	-184.40005
LeMans	2	-200.59404	-184.19652
LeMans	2	-200.79826	-183.99367
LeMans	2	-201.00203	-183.79126
LeMans	2	-201.20543	-183.58923
LeMans	2	-201.40828	-183.38773
LeMans	2	-201.61057	-183.18677
LeMans	2	-201.81223	-182.98642
LeMans	2	-202.0131	-182.78683
LeMans	2	-202.21309	-182.58812
LeMans	2	-202.41212	-182.3903
LeMans	2	-202.6101	-182.19351
LeMans	2	-202.80702	-181.99783
LeMans	2	-203.00279	-181.80322
LeMans	2	-203.19743	-181.6097
LeMans	2	-203.39095	-181.4173
LeMans	2	-203.58336	-181.22601
LeMans	2	-203.77466	-181.03575
LeMans	2	-203.9649	-180.84656
LeMans	2	-204.15405	-180.65842
LeMans	2	-204.34218	-180.47125
LeMans	2	-204.5295	-180.2849
LeMans	2	-204.71744	-180.09796
LeMans	2	-204.90747	-179.90892
LeMans	2	-205.10017	-179.71722
LeMans	2	-205.2957	-179.52274
LeMans	2	-205.49316	-179.32626
LeMans	2	-205.69269	-179.12772
LeMans	2	-205.89359	-178.92776
LeMans	2	-206.09386	-178.72845
LeMans	2	-206.29245	-178.53082
LeMans	2	-206.4901	-178.33409
LeMans	2	-206.68707	-178.138
LeMans	2	-206.88358	-177.94238
LeMans	2	-207.07965	-177.74721
LeMans	2	-207.27513	-177.5526
LeMans	2	-207.47	-177.35857
LeMans	2	-207.66415	-177.1652
LeMans	2	-207.8575	-176.97269
LeMans	2	-208.04991	-176.78107
LeMans	2	-208.24138	-176.59042
LeMans	2	-208.4318	-176.40077
LeMans	2	-208.62111	-176.21225
LeMans	2	-208.80937	-176.02475
LeMans	2	-208.9966	-175.83833
LeMans	2	-209.18314	-175.65335
LeMans	2	-209.37123	-175.47162
LeMans	2	-209.56055	-175.2936
LeMans	2	-209.7506	-175.11812
LeMans	2	-209.94191	-174.94328
LeMans	2	-210.13602	-174.76765
LeMans	2	-210.33336	-174.59076
LeMans	2	-210.53355	-174.4127
LeMans	2	-210.73602	-174.23369
LeMans	2	-210.93996	-174.05414
LeMans	2	-211.14366	-173.87479
LeMans	2	-211.34523	-173.6961
LeMans	2	-211.54431	-173.51718
LeMans	2	-211.74059	-173.33676
LeMans	2	-211.93356	-173.15392
LeMans	2	-212.12248	-172.96758
LeMans	2	-212.30568	-172.77608
LeMans	2	-212.4846	-172.58134
LeMans	2	-212.66064	-172.38512
LeMans	2	-212.8344	-172.1882
LeMans	2	-213.00607	-171.99109
LeMans	2	-213.17592	-171.79424
LeMans	2	-213.34515	-171.59897
LeMans	2	-213.51726	-171.40857
LeMans	2	-213.69296	-171.22371
LeMans	2	-213.8704	-171.04254
LeMans	2	-214.04842	-170.86392
LeMans	2	-214.22607	-170.68695
LeMans	2	-214.40222	-170.51048
LeMans	2	-214.57584	-170.3335
LeMans	2	-214.74605	-170.15512
LeMans	2	-214.91159	-169.97401
LeMans	2	-215.07027	-169.78798
LeMans	2	-215.22314	-169.59811
LeMans	2	-215.37221	-169.40646
LeMans	2	-215.51971	-169.21518
LeMans	2	-215.66957	-169.0279
LeMans	2	-215.82195	-168.84468
LeMans	2	-215.9756	-168.66437
LeMans	2	-216.12816	-168.4849
LeMans	2	-216.27783	-168.30469
LeMans	2	-216.42206	-168.12155
LeMans	2	-216.56013	-167.93474
LeMans	2	-216.69342	-167.7456
LeMans	2	-216.8231	-167.55518
LeMans	2	-216.94987	-167.36407
LeMans	2	-217.07411	-167.1727
LeMans	2	-217.19603	-166.98137
LeMans	2	-217.31613	-166.79012
LeMans	2	-217.43538	-166.59775
LeMans	2	-217.55484	-166.40271
LeMans	2	-217.67513	-166.20432
LeMans	2	-217.79642	-166.00252
LeMans	2	-217.91867	-165.79756
LeMans	2	-218.04189	-165.58963
LeMans	2	-218.16618	-165.37875
LeMans	2	-218.29173	-165.16498
LeMans	2	-218.4181	-164.94916
LeMans	2	-218.54424	-164.73343
LeMans	2	-218.66924	-164.51912
LeMans	2	-218.79352	-164.30577
LeMans	2	-218.91743	-164.09294
LeMans	2	-219.04099	-163.88045
LeMans	2	-219.16434	-163.66835
LeMans	2	-219.2874	-163.45677
LeMans	2	-219.41019	-163.24591
LeMans	2	-219.53508	-163.0372
LeMans	2	-219.66519	-162.83263
LeMans	2	-219.79924	-162.63168
LeMans	2	-219.93562	-162.43358
LeMans	2	-220.07347	-162.23795
LeMans	2	-220.2123	-162.04456
LeMans	2	-220.35129	-161.85309
LeMans	2	-220.48953	-161.66287
LeMans	2	-220.62585	-161.47318
LeMans	2	-220.75923	-161.28325
LeMans	2	-220.88878	-161.09254
LeMans	2	-221.01373	-160.90048
LeMans	2	-221.13248	-160.70575
LeMans	2	-221.24408	-160.50772
LeMans	2	-221.35146	-160.30821
LeMans	2	-221.45976	-160.11005
LeMans	2	-221.57117	-159.9143
LeMans	2	-221.68509	-159.72064
LeMans	2	-221.80046	-159.52838
LeMans	2	-221.9164	-159.33711
LeMans	2	-222.03212	-159.14687
LeMans	2	-222.14642	-158.95782
LeMans	2	-222.25787	-158.76955
LeMans	2	-222.36511	-158.58136
LeMans	2	-222.46663	-158.39235
LeMans	2	-222.5596	-158.20091
LeMans	2	-222.64302	-158.00679
LeMans	2	-222.7193	-157.81155
LeMans	2	-222.79063	-157.61624
LeMans	2	-222.85805	-157.4212
LeMans	2	-222.9221	-157.22655
LeMans	2	-222.98328	-157.03227
LeMans	2	-223.0418	-156.83876
LeMans	2	-223.09811	-156.64604
LeMans	2	-223.15343	-156.45454
LeMans	2	-223.21115	-156.26535
LeMans	2	-223.27576	-156.07973
LeMans	2	-223.34518	-155.89694
LeMans	2	-223.41588	-155.71591
LeMans	2	-223.48544	-155.53586
LeMans	2	-223.55197	-155.35606
LeMans	2	-223.61237	-155.17532
LeMans	2	-223.66559	-154.99329
LeMans	2	-223.71272	-154.81017
LeMans	2	-223.75604	-154.6263
LeMans	2	-223.79683	-154.4408
LeMans	2	-223.83589	-154.25255
LeMans	2	-223.87346	-154.06042
LeMans	2	-223.90967	-153.86366
LeMans	2	-223.9447	-153.66217
LeMans	2	-223.97896	-153.45636
LeMans	2	-224.01253	-153.24646
LeMans	2	-224.0457	-153.03249
LeMans	2	-224.07872	-152.81416
LeMans	2	-224.1114	-152.59196
LeMans	2	-224.14331	-152.36784
LeMans	2	-224.17447	-152.14418
LeMans	2	-224.20517	-151.92159
LeMans	2	-224.2357	-151.69966
LeMans	2	-224.26604	-151.47812
LeMans	2	-224.29613	-151.2568
LeMans	2	-224.3261	-151.03578
LeMans	2	-224.35583	-150.81525
LeMans	2	-224.38542	-150.59528
LeMans	2	-224.415	-150.37598
LeMans	2	-224.44443	-150.1575
LeMans	2	-224.47388	-149.94
LeMans	2	-224.50328	-149.72372
LeMans	2	-224.53261	-149.50868
LeMans	2	-224.56198	-149.29492
LeMans	2	-224.59137	-149.08257
LeMans	2	-224.62077	-148.87169
LeMans	2	-224.65019	-148.6623
LeMans	2	-224.67966	-148.45427
LeMans	2	-224.7092	-148.24753
LeMans	2	-224.73877	-148.04219
LeMans	2	-224.76842	-147.83818
LeMans	2	-224.7981	-147.63548
LeMans	2	-224.82785	-147.43396
LeMans	2	-224.8576	-147.2336
LeMans	2	-224.88739	-147.03445
LeMans	2	-224.91734	-146.83656
LeMans	2	-224.94904	-146.63998
LeMans	2	-224.98495	-146.44351
LeMans	2	-225.0247	-146.2449
LeMans	2	-225.0678	-146.04335
LeMans	2	-225.11426	-145.83937
LeMans	2	-225.16386	-145.63332
LeMans	2	-225.21658	-145.42532
LeMans	2	-225.2718	-145.21529
LeMans	2	-225.32826	-145.00406
LeMans	2	-225.38365	-144.79327
LeMans	2	-225.43634	-144.58377
LeMans	2	-225.48543	-144.3745
LeMans	2	-225.52962	-144.16458
LeMans	2	-225.56749	-143.9537
LeMans	2	-225.59808	-143.7416
LeMans	2	-225.62245	-143.52864
LeMans	2	-225.64119	-143.31506
LeMans	2	-225.65457	-143.10124
LeMans	2	-225.66327	-142.8876
LeMans	2	-225.67	-142.67473
LeMans	2	-225.6758	-142.46297
LeMans	2	-225.68091	-142.25253
LeMans	2	-225.68555	-142.0436
LeMans	2	-225.68956	-141.83627
LeMans	2	-225.69304	-141.63048
LeMans	2	-225.69598	-141.42621
LeMans	2	-225.69843	-141.22348
LeMans	2	-225.70042	-141.02222
LeMans	2	-225.70201	-140.82237
LeMans	2	-225.70331	-140.62384
LeMans	2	-225.70442	-140.42654
LeMans	2	-225.7054	-140.23051
LeMans	2	-225.70628	-140.0357
LeMans	2	-225.70709	-139.84213
LeMans	2	-225.70793	-139.64964
LeMans	2	-225.70882	-139.4582
LeMans	2	-225.70982	-139.26797
LeMans	2	-225.71095	-139.07886
LeMans	2	-225.7122	-138.89088
LeMans	2	-225.71362	-138.70396
LeMans	2	-225.71526	-138.51804
LeMans	2	-225.71698	-138.3331
LeMans	2	-225.71863	-138.14754
LeMans	2	-225.72049	-137.95892
LeMans	2	-225.72289	-137.76656
LeMans	2	-225.72568	-137.5707
LeMans	2	-225.72874	-137.37157
LeMans	2	-225.732	-137.16939
LeMans	2	-225.73538	-136.96422
LeMans	2	-225.73894	-136.75708
LeMans	2	-225.74254	-136.55063
LeMans	2	-225.74615	-136.34593
LeMans	2	-225.75021	-136.14217
LeMans	2	-225.75665	-135.93892
LeMans	2	-225.76799	-135.73604
LeMans	2	-225.78351	-135.53348
LeMans	2	-225.80228	-135.33133
LeMans	2	-225.82347	-135.12984
LeMans	2	-225.84665	-134.92917
LeMans	2	-225.8714	-134.72946
LeMans	2	-225.89714	-134.5308
LeMans	2	-225.92285	-134.33327
LeMans	2	-225.94719	-134.13689
LeMans	2	-225.96898	-133.94162
LeMans	2	-225.98724	-133.74734
LeMans	2	-226.001	-133.55397
LeMans	2	-226.00922	-133.3613
LeMans	2	-226.01013	-133.16916
LeMans	2	-226.00458	-132.9776
LeMans	2	-225.99362	-132.78673
LeMans	2	-225.97755	-132.59656
LeMans	2	-225.9566	-132.40726
LeMans	2	-225.93164	-132.219
LeMans	2	-225.90636	-132.03189
LeMans	2	-225.88602	-131.84601
LeMans	2	-225.87419	-131.6614
LeMans	2	-225.86726	-131.47809
LeMans	2	-225.86273	-131.29604
LeMans	2	-225.85951	-131.11526
LeMans	2	-225.85623	-130.93575
LeMans	2	-225.8513	-130.75746
LeMans	2	-225.84343	-130.58035
LeMans	2	-225.83081	-130.40439
LeMans	2	-225.81024	-130.22952
LeMans	2	-225.78195	-130.05576
LeMans	2	-225.74734	-129.88318
LeMans	2	-225.70844	-129.71178
LeMans	2	-225.66736	-129.54117
LeMans	2	-225.62482	-129.36943
LeMans	2	-225.57974	-129.19472
LeMans	2	-225.5318	-129.01648
LeMans	2	-225.48119	-128.83456
LeMans	2	-225.42833	-128.64912
LeMans	2	-225.3734	-128.46034
LeMans	2	-225.31656	-128.26816
LeMans	2	-225.25789	-128.07265
LeMans	2	-225.19724	-127.87421
LeMans	2	-225.1347	-127.67269
LeMans	2	-225.0706	-127.467026
LeMans	2	-225.00502	-127.256805
LeMans	2	-224.93808	-127.04193
LeMans	2	-224.87027	-126.82391
LeMans	2	-224.80226	-126.60596
LeMans	2	-224.7344	-126.388954
LeMans	2	-224.66673	-126.17233
LeMans	2	-224.59908	-125.955925
LeMans	2	-224.53139	-125.73968
LeMans	2	-224.46368	-125.523705
LeMans	2	-224.39621	-125.30821
LeMans	2	-224.32898	-125.09319
LeMans	2	-224.26208	-124.87874
LeMans	2	-224.19562	-124.66502
LeMans	2	-224.12962	-124.45222
LeMans	2	-224.06418	-124.24042
LeMans	2	-223.99927	-124.02972
LeMans	2	-223.93555	-123.81996
LeMans	2	-223.8757	-123.61042
LeMans	2	-223.82115	-123.40073
LeMans	2	-223.77116	-123.19114
LeMans	2	-223.72475	-122.98202
LeMans	2	-223.68124	-122.77352
LeMans	2	-223.64008	-122.565956
LeMans	2	-223.60086	-122.35934
LeMans	2	-223.56268	-122.15388
LeMans	2	-223.52435	-121.94988
LeMans	2	-223.48454	-121.747604
LeMans	2	-223.44212	-121.54735
LeMans	2	-223.39616	-121.349236
LeMans	2	-223.34578	-121.15332
LeMans	2	-223.28899	-120.95987
LeMans	2	-223.22551	-120.76898
LeMans	2	-223.1565	-120.58044
LeMans	2	-223.08258	-120.39415
LeMans	2	-223.00441	-120.21004
LeMans	2	-222.92494	-120.02693
LeMans	2	-222.84448	-119.8428
LeMans	2	-222.76193	-119.65583
LeMans	2	-222.67651	-119.46514
LeMans	2	-222.58835	-119.270546
LeMans	2	-222.49757	-119.07228
LeMans	2	-222.40468	-118.87037
LeMans	2	-222.30936	-118.66519
LeMans	2	-222.2116	-118.45691
LeMans	2	-222.11176	-118.24609
LeMans	2	-222.01088	-118.03536
LeMans	2	-221.91078	-117.82605
LeMans	2	-221.81161	-117.617584
LeMans	2	-221.71478	-117.4085
LeMans	2	-221.62256	-117.197556
LeMans	2	-221.53369	-116.98535
LeMans	2	-221.44638	-116.77286
LeMans	2	-221.35881	-116.560974
LeMans	2	-221.26898	-116.35064
LeMans	2	-221.17572	-116.142685
LeMans	2	-221.08035	-115.9367
LeMans	2	-220.98285	-115.73276
LeMans	2	-220.8843	-115.53059
LeMans	2	-220.78711	-115.329185
LeMans	2	-220.69444	-115.127266
LeMans	2	-220.60735	-114.92439
LeMans	2	-220.52415	-114.721306
LeMans	2	-220.4438	-114.5185
LeMans	2	-220.36551	-114.31638
LeMans	2	-220.28798	-114.11548
LeMans	2	-220.20988	-113.91627
LeMans	2	-220.13011	-113.71922
LeMans	2	-220.04755	-113.524765
LeMans	2	-219.96088	-113.33327
LeMans	2	-219.86754	-113.14572
LeMans	2	-219.77043	-112.96102
LeMans	2	-219.67464	-112.77693
LeMans	2	-219.58246	-112.5924
LeMans	2	-219.49323	-112.40773
LeMans	2	-219.40605	-112.223335
LeMans	2	-219.32024	-112.03955
LeMans	2	-219.23479	-111.856766
LeMans	2	-219.14836	-111.67558
LeMans	2	-219.05959	-111.49666
LeMans	2	-218.96703	-111.32063
LeMans	2	-218.8675	-111.14887
LeMans	2	-218.76006	-110.982056
LeMans	2	-218.64687	-110.81954
LeMans	2	-218.5309	-110.660095
LeMans	2	-218.41315	-110.503365
LeMans	2	-218.29408	-110.349335
LeMans	2	-218.17398	-110.19791
LeMans	2	-218.05324	-110.048965
LeMans	2	-217.9328	-109.90193
LeMans	2	-217.81581	-109.75465
LeMans	2	-217.7058	-109.60443
LeMans	2	-217.60054	-109.4525
LeMans	2	-217.49788	-109.30029
LeMans	2	-217.39677	-109.148544
LeMans	2	-217.29585	-108.99813
LeMans	2	-217.19366	-108.85004
LeMans	2	-217.08873	-108.70526
LeMans	2	-216.97784	-108.56575
LeMans	2	-216.86028	-108.43204
LeMans	2	-216.73863	-108.30233
LeMans	2	-216.6144	-108.175644
LeMans	2	-216.48828	-108.05163
LeMans	2	-216.3608	-107.930115
LeMans	2	-216.23238	-107.81097
LeMans	2	-216.10335	-107.69408
LeMans	2	-215.9739	-107.57946
LeMans	2	-215.84367	-107.46744
LeMans	2	-215.7121	-107.35855
LeMans	2	-215.57893	-107.25302
LeMans	2	-215.44417	-107.15088
LeMans	2	-215.30789	-107.05196
LeMans	2	-215.17035	-106.956055
LeMans	2	-215.03192	-106.86291
LeMans	2	-214.8929	-106.772285
LeMans	2	-214.7536	-106.68385
LeMans	2	-214.61458	-106.59701
LeMans	2	-214.47658	-106.510895
LeMans	2	-214.34026	-106.424675
LeMans	2	-214.20612	-106.337654
LeMans	2	-214.07454	-106.249146
LeMans	2	-213.94576	-106.158516
LeMans	2	-213.81999	-106.06513
LeMans	2	-213.69756	-105.96842
LeMans	2	-213.57877	-105.86776
LeMans	2	-213.46335	-105.76348
LeMans	2	-213.35088	-105.6563
LeMans	2	-213.24109	-105.54653
LeMans	2	-213.13397	-105.43436
LeMans	2	-213.02948	-105.319916
LeMans	2	-212.92766	-105.20337
LeMans	2	-212.82854	-105.08479
LeMans	2	-212.73218	-104.96436
LeMans	2	-212.63773	-104.84284
LeMans	2	-212.54216	-104.721405
LeMans	2	-212.44394	-104.59844
LeMans	2	-212.34264	-104.47305
LeMans	2	-212.23807	-104.34516
LeMans	2	-212.13026	-104.214806
LeMans	2	-212.01997	-104.0819
LeMans	2	-211.90733	-103.946335
LeMans	2	-211.79367	-103.80753
LeMans	2	-211.68085	-103.66595
LeMans	2	-211.57109	-103.523
LeMans	2	-211.4647	-103.37929
LeMans	2	-211.3608	-103.23436
LeMans	2	-211.25893	-103.08796
LeMans	2	-211.15878	-102.9403
LeMans	2	-211.06012	-102.791794
LeMans	2	-210.96265	-102.64283
LeMans	2	-210.866	-102.49388
LeMans	2	-210.76941	-102.34574
LeMans	2	-210.67198	-102.199196
LeMans	2	-210.57285	-102.05503
LeMans	2	-210.47134	-101.91387
LeMans	2	-210.36676	-101.7762
LeMans	2	-210.25816	-101.64259
LeMans	2	-210.14474	-101.51377
LeMans	2	-210.02736	-101.38914
LeMans	2	-209.90663	-101.26826
LeMans	2	-209.78299	-101.150925
LeMans	2	-209.65657	-101.03708
LeMans	2	-209.52734	-100.9266
LeMans	2	-209.39575	-100.81983
LeMans	2	-209.26178	-100.71673
LeMans	2	-209.12563	-100.617195
LeMans	2	-208.98915	-100.519585
LeMans	2	-208.85368	-100.422676
LeMans	2	-208.71983	-100.32617
LeMans	2	-208.58786	-100.23008
LeMans	2	-208.45758	-100.13451
LeMans	2	-208.32875	-100.03965
LeMans	2	-208.20111	-99.945564
LeMans	2	-208.07463	-99.85226
LeMans	2	-207.94861	-99.759705
LeMans	2	-207.82112	-99.6668
LeMans	2	-207.69043	-99.57188
LeMans	2	-207.5564	-99.473
LeMans	2	-207.41936	-99.37051
LeMans	2	-207.27911	-99.265816
LeMans	2	-207.1355	-99.15951
LeMans	2	-206.98859	-99.05173
LeMans	2	-206.839	-98.942085
LeMans	2	-206.68866	-98.831345
LeMans	2	-206.5391	-98.72093
LeMans	2	-206.39064	-98.6112
LeMans	2	-206.24255	-98.50159
LeMans	2	-206.09459	-98.391945
LeMans	2	-205.94675	-98.282326
LeMans	2	-205.79907	-98.172745
LeMans	2	-205.65175	-98.06324
LeMans	2	-205.50478	-97.953896
LeMans	2	-205.35832	-97.84478
LeMans	2	-205.21243	-97.73599
LeMans	2	-205.06732	-97.627686
LeMans	2	-204.92302	-97.5199
LeMans	2	-204.7796	-97.41271
LeMans	2	-204.63585	-97.30518
LeMans	2	-204.49017	-97.19535
LeMans	2	-204.34392	-97.08086
LeMans	2	-204.19795	-96.96143
LeMans	2	-204.05208	-96.83789
LeMans	2	-203.9067	-96.710464
LeMans	2	-203.76392	-96.57981
LeMans	2	-203.62434	-96.44853
LeMans	2	-203.48671	-96.31739
LeMans	2	-203.34976	-96.18691
LeMans	2	-203.2124	-96.057915
LeMans	2	-203.07362	-95.9313
LeMans	2	-202.93289	-95.80781
LeMans	2	-202.78957	-95.688126
LeMans	2	-202.64288	-95.57312
LeMans	2	-202.49216	-95.46388
LeMans	2	-202.3382	-95.359566
LeMans	2	-202.18164	-95.259705
LeMans	2	-202.02301	-95.16407
LeMans	2	-201.86266	-95.0724
LeMans	2	-201.70226	-94.9817
LeMans	2	-201.54004	-94.89026
LeMans	2	-201.37419	-94.79787
LeMans	2	-201.20432	-94.70431
LeMans	2	-201.03044	-94.60927
LeMans	2	-200.85281	-94.51295
LeMans	2	-200.67162	-94.41497
LeMans	2	-200.48685	-94.31581
LeMans	2	-200.29875	-94.215675
LeMans	2	-200.1086	-94.11533
LeMans	2	-199.91988	-94.0133
LeMans	2	-199.73587	-93.90611
LeMans	2	-199.55559	-93.79393
LeMans	2	-199.37738	-93.67887
LeMans	2	-199.20064	-93.56168
LeMans	2	-199.02493	-93.44315
LeMans	2	-198.84988	-93.324165
LeMans	2	-198.67476	-93.205956
LeMans	2	-198.49913	-93.08968
LeMans	2	-198.32254	-92.97635
LeMans	2	-198.1445	-92.86701
LeMans	2	-197.96402	-92.763466
LeMans	2	-197.78009	-92.66755
LeMans	2	-197.59375	-92.57799
LeMans	2	-197.40681	-92.49201
LeMans	2	-197.22177	-92.4055
LeMans	2	-197.04	-92.315865
LeMans	2	-196.86185	-92.22266
LeMans	2	-196.68634	-92.1276
LeMans	2	-196.51273	-92.03195
LeMans	2	-196.34058	-91.9364
LeMans	2	-196.16925	-91.84199
LeMans	2	-195.99799	-91.750015
LeMans	2	-195.82605	-91.661705
LeMans	2	-195.6523	-91.57872
LeMans	2	-195.47502	-91.504135
LeMans	2	-195.2945	-91.43751
LeMans	2	-195.11223	-91.37689
LeMans	2	-194.92963	-91.32001
LeMans	2	-194.74713	-91.26614
LeMans	2	-194.56516	-91.21496
LeMans	2	-194.38393	-91.16629
LeMans	2	-194.20361	-91.11995
LeMans	2	-194.02437	-91.0758
LeMans	2	-193.84619	-91.03363
LeMans	2	-193.66911	-90.99327
LeMans	2	-193.49316	-90.95449
LeMans	2	-193.31833	-90.91714
LeMans	2	-193.14467	-90.88104
LeMans	2	-192.97217	-90.846085
LeMans	2	-192.79953	-90.81239
LeMans	2	-192.62347	-90.778915
LeMans	2	-192.44267	-90.744125
LeMans	2	-192.25713	-90.70791
LeMans	2	-192.06726	-90.67121
LeMans	2	-191.87349	-90.63467
LeMans	2	-191.67572	-90.59815
LeMans	2	-191.4742	-90.5615
LeMans	2	-191.26999	-90.5248
LeMans	2	-191.06516	-90.48831
LeMans	2	-190.86113	-90.45167
LeMans	2	-190.65817	-90.41501
LeMans	2	-190.45563	-90.37826
LeMans	2	-190.25317	-90.34134
LeMans	2	-190.05093	-90.30432
LeMans	2	-189.84894	-90.26717
LeMans	2	-189.64732	-90.2299
LeMans	2	-189.44624	-90.192505
LeMans	2	-189.24582	-90.15499
LeMans	2	-189.04619	-90.11733
LeMans	2	-188.84752	-90.07963
LeMans	2	-188.64996	-90.04187
LeMans	2	-188.45358	-90.00408
LeMans	2	-188.25847	-89.966286
LeMans	2	-188.06467	-89.92855
LeMans	2	-187.87167	-89.8909
LeMans	2	-187.67722	-89.85288
LeMans	2	-187.47992	-89.81415
LeMans	2	-187.27936	-89.774666
LeMans	2	-187.07588	-89.73453
LeMans	2	-186.86966	-89.693825
LeMans	2	-186.66068	-89.65259
LeMans	2	-186.44882	-89.61082
LeMans	2	-186.23451	-89.56858
LeMans	2	-186.02025	-89.526375
LeMans	2	-185.80772	-89.4845
LeMans	2	-185.59625	-89.44289
LeMans	2	-185.38522	-89.40141
LeMans	2	-185.17467	-89.359764
LeMans	2	-184.96504	-89.315094
LeMans	2	-184.75673	-89.26566
LeMans	2	-184.54973	-89.21241
LeMans	2	-184.34406	-89.15636
LeMans	2	-184.13974	-89.09809
LeMans	2	-183.93683	-89.03817
LeMans	2	-183.73528	-88.97744
LeMans	2	-183.53484	-88.917206
LeMans	2	-183.33534	-88.85863
LeMans	2	-183.13652	-88.802765
LeMans	2	-182.93813	-88.75054
LeMans	2	-182.73988	-88.702774
LeMans	2	-182.54138	-88.66059
LeMans	2	-182.34229	-88.62568
LeMans	2	-182.14278	-88.59708
LeMans	2	-181.94304	-88.573906
LeMans	2	-181.74365	-88.5541
LeMans	2	-181.545	-88.536064
LeMans	2	-181.34724	-88.51926
LeMans	2	-181.14934	-88.50291
LeMans	2	-180.94853	-88.486855
LeMans	2	-180.74312	-88.47115
LeMans	2	-180.53264	-88.45571
LeMans	2	-180.3176	-88.4406
LeMans	2	-180.09834	-88.42568
LeMans	2	-179.87506	-88.41128
LeMans	2	-179.64778	-88.3974
LeMans	2	-179.41748	-88.3841
LeMans	2	-179.18689	-88.37093
LeMans	2	-178.95784	-88.35775
LeMans	2	-178.72993	-88.3445
LeMans	2	-178.5025	-88.331055
LeMans	2	-178.27531	-88.31756
LeMans	2	-178.04836	-88.304
LeMans	2	-177.82172	-88.29039
LeMans	2	-177.5956	-88.27675
LeMans	2	-177.37012	-88.26302
LeMans	2	-177.14539	-88.24921
LeMans	2	-176.92159	-88.23526
LeMans	2	-176.69888	-88.22122
LeMans	2	-176.47739	-88.20705
LeMans	2	-176.25719	-88.19278
LeMans	2	-176.03833	-88.178406
LeMans	2	-175.821	-88.162674
LeMans	2	-175.60533	-88.14279
LeMans	2	-175.3914	-88.11799
LeMans	2	-175.17914	-88.08952
LeMans	2	-174.96841	-88.05821
LeMans	2	-174.7593	-88.02471
LeMans	2	-174.5516	-87.98972
LeMans	2	-174.34521	-87.9545
LeMans	2	-174.13994	-87.920334
LeMans	2	-173.93568	-87.88841
LeMans	2	-173.73222	-87.85979
LeMans	2	-173.52939	-87.83524
LeMans	2	-173.327	-87.81589
LeMans	2	-173.12471	-87.803764
LeMans	2	-172.9226	-87.79828
LeMans	2	-172.72093	-87.79831
LeMans	2	-172.51991	-87.80145
LeMans	2	-172.31976	-87.80632
LeMans	2	-172.12074	-87.81116
LeMans	2	-171.92326	-87.811104
LeMans	2	-171.72742	-87.80469
LeMans	2	-171.53305	-87.79427
LeMans	2	-171.34004	-87.78175
LeMans	2	-171.1483	-87.76864
LeMans	2	-170.95772	-87.75652
LeMans	2	-170.76814	-87.7467
LeMans	2	-170.57944	-87.74051
LeMans	2	-170.39133	-87.740524
LeMans	2	-170.20375	-87.74872
LeMans	2	-170.01683	-87.763374
LeMans	2	-169.83076	-87.781784
LeMans	2	-169.64517	-87.80205
LeMans	2	-169.45726	-87.82363
LeMans	2	-169.26515	-87.8478
LeMans	2	-169.06859	-87.874664
LeMans	2	-168.86792	-87.90375
LeMans	2	-168.66351	-87.934715
LeMans	2	-168.45541	-87.96707
LeMans	2	-168.24373	-88.00096
LeMans	2	-168.02866	-88.03659
LeMans	2	-167.8104	-88.07315
LeMans	2	-167.59097	-88.11004
LeMans	2	-167.37236	-88.147095
LeMans	2	-167.15506	-88.184166
LeMans	2	-166.93834	-88.221016
LeMans	2	-166.72202	-88.25792
LeMans	2	-166.50613	-88.295685
LeMans	2	-166.29094	-88.335526
LeMans	2	-166.07668	-88.37823
LeMans	2	-165.86351	-88.42397
LeMans	2	-165.65161	-88.47251
LeMans	2	-165.44102	-88.52347
LeMans	2	-165.23193	-88.576324
LeMans	2	-165.02426	-88.630066
LeMans	2	-164.81783	-88.683495
LeMans	2	-164.61247	-88.73546
LeMans	2	-164.408	-88.78503
LeMans	2	-164.20421	-88.831406
LeMans	2	-164.00093	-88.87396
LeMans	2	-163.79793	-88.912094
LeMans	2	-163.59497	-88.94498
LeMans	2	-163.39175	-88.971535
LeMans	2	-163.18845	-88.99243
LeMans	2	-162.98444	-89.00828
LeMans	2	-162.78152	-89.02042
LeMans	2	-162.57953	-89.031075
LeMans	2	-162.37863	-89.04079
LeMans	2	-162.17899	-89.04982
LeMans	2	-161.98065	-89.05831
LeMans	2	-161.78368	-89.066284
LeMans	2	-161.5881	-89.07377
LeMans	2	-161.39389	-89.08082
LeMans	2	-161.20099	-89.08748
LeMans	2	-161.00938	-89.093864
LeMans	2	-160.81905	-89.100006
LeMans	2	-160.62999	-89.105995
LeMans	2	-160.44164	-89.11159
LeMans	2	-160.25142	-89.11661
LeMans	2	-160.0572	-89.120636
LeMans	2	-159.85805	-89.122696
LeMans	2	-159.65402	-89.12211
LeMans	2	-159.44566	-89.1191
LeMans	2	-159.23329	-89.11487
LeMans	2	-159.01775	-89.10917
LeMans	2	-158.8018	-89.10209
LeMans	2	-158.58762	-89.09421
LeMans	2	-158.37486	-89.08664
LeMans	2	-158.16272	-89.08079
LeMans	2	-157.95079	-89.07782
LeMans	2	-157.73898	-89.07861
LeMans	2	-157.52734	-89.08399
LeMans	2	-157.316	-89.094955
LeMans	2	-157.10506	-89.11266
LeMans	2	-156.89476	-89.13631
LeMans	2	-156.6853	-89.164986
LeMans	2	-156.47685	-89.196205
LeMans	2	-156.26956	-89.22862
LeMans	2	-156.06364	-89.26193
LeMans	2	-155.85918	-89.29588
LeMans	2	-155.65538	-89.33029
LeMans	2	-155.45006	-89.36545
LeMans	2	-155.24184	-89.40157
LeMans	2	-155.03014	-89.43867
LeMans	2	-154.81493	-89.47678
LeMans	2	-154.5963	-89.51577
LeMans	2	-154.3743	-89.55557
LeMans	2	-154.14896	-89.59611
LeMans	2	-153.92075	-89.637276
LeMans	2	-153.69165	-89.6784
LeMans	2	-153.46407	-89.71928
LeMans	2	-153.23796	-89.75982
LeMans	2	-153.01253	-89.80002
LeMans	2	-152.78738	-89.840004
LeMans	2	-152.5626	-89.87986
LeMans	2	-152.33824	-89.91952
LeMans	2	-152.11435	-89.95897
LeMans	2	-151.89104	-89.99817
LeMans	2	-151.66846	-90.03707
LeMans	2	-151.4468	-90.07562
LeMans	2	-151.22615	-90.113846
LeMans	2	-151.0066	-90.15169
LeMans	2	-150.7883	-90.18917
LeMans	2	-150.57059	-90.22661
LeMans	2	-150.35048	-90.26439
LeMans	2	-150.12617	-90.302666
LeMans	2	-149.89732	-90.34149
LeMans	2	-149.66412	-90.380974
LeMans	2	-149.42686	-90.42122
LeMans	2	-149.18582	-90.4621
LeMans	2	-148.94168	-90.503296
LeMans	2	-148.69632	-90.54448
LeMans	2	-148.4507	-90.58575
LeMans	2	-148.20576	-90.62703
LeMans	2	-147.96184	-90.668175
LeMans	2	-147.71843	-90.70928
LeMans	2	-147.47537	-90.75034
LeMans	2	-147.23271	-90.791336
LeMans	2	-146.99059	-90.83224
LeMans	2	-146.74907	-90.87302
LeMans	2	-146.50829	-90.91369
LeMans	2	-146.26837	-90.95422
LeMans	2	-146.02954	-90.9946
LeMans	2	-145.7919	-91.03475
LeMans	2	-145.55556	-91.074715
LeMans	2	-145.32056	-91.11445
LeMans	2	-145.087	-91.15392
LeMans	2	-144.8547	-91.19247
LeMans	2	-144.62323	-91.227104
LeMans	2	-144.39243	-91.2574
LeMans	2	-144.16246	-91.28428
LeMans	2	-143.93347	-91.30854
LeMans	2	-143.70561	-91.331085
LeMans	2	-143.479	-91.353004
LeMans	2	-143.2538	-91.3755
LeMans	2	-143.03008	-91.39962
LeMans	2	-142.80795	-91.42621
LeMans	2	-142.5875	-91.456024
LeMans	2	-142.36876	-91.4901
LeMans	2	-142.15195	-91.52989
LeMans	2	-141.93689	-91.574196
LeMans	2	-141.72336	-91.621025
LeMans	2	-141.51118	-91.6694
LeMans	2	-141.3004	-91.71873
LeMans	2	-141.09093	-91.7687
LeMans	2	-140.88277	-91.81903
LeMans	2	-140.67589	-91.86956
LeMans	2	-140.4703	-91.920166
LeMans	2	-140.26588	-91.97079
LeMans	2	-140.06128	-92.02177
LeMans	2	-139.85406	-92.07365
LeMans	2	-139.64275	-92.126495
LeMans	2	-139.42674	-92.18039
LeMans	2	-139.20619	-92.235405
LeMans	2	-138.98145	-92.291695
LeMans	2	-138.75291	-92.34934
LeMans	2	-138.5207	-92.40819
LeMans	2	-138.28586	-92.46795
LeMans	2	-138.05011	-92.52784
LeMans	2	-137.81549	-92.587166
LeMans	2	-137.58192	-92.646034
LeMans	2	-137.3487	-92.70462
LeMans	2	-137.11562	-92.76305
LeMans	2	-136.88277	-92.82133
LeMans	2	-136.65025	-92.8794
LeMans	2	-136.41818	-92.937294
LeMans	2	-136.1867	-92.99493
LeMans	2	-135.95598	-93.0523
LeMans	2	-135.72614	-93.10935
LeMans	2	-135.49736	-93.16609
LeMans	2	-135.26979	-93.222496
LeMans	2	-135.04349	-93.27855
LeMans	2	-134.81853	-93.334236
LeMans	2	-134.595	-93.38956
LeMans	2	-134.37288	-93.44451
LeMans	2	-134.15215	-93.4991
LeMans	2	-133.93282	-93.553345
LeMans	2	-133.7148	-93.607254
LeMans	2	-133.49814	-93.66086
LeMans	2	-133.28275	-93.71413
LeMans	2	-133.06792	-93.76725
LeMans	2	-132.8516	-93.82076
LeMans	2	-132.63242	-93.875
LeMans	2	-132.41	-93.93004
LeMans	2	-132.18465	-93.9858
LeMans	2	-131.9566	-94.04222
LeMans	2	-131.72614	-94.09924
LeMans	2	-131.49469	-94.15653
LeMans	2	-131.26482	-94.213425
LeMans	2	-131.0366	-94.26993
LeMans	2	-130.80937	-94.3262
LeMans	2	-130.58275	-94.38234
LeMans	2	-130.35664	-94.43834
LeMans	2	-130.13109	-94.494194
LeMans	2	-129.90588	-94.548874
LeMans	2	-129.68027	-94.59875
LeMans	2	-129.45444	-94.64398
LeMans	2	-129.2288	-94.68555
LeMans	2	-129.0037	-94.72417
LeMans	2	-128.77943	-94.76072
LeMans	2	-128.55638	-94.796455
LeMans	2	-128.33481	-94.83266
LeMans	2	-128.11493	-94.870346
LeMans	2	-127.89691	-94.91051
LeMans	2	-127.680885	-94.953926
LeMans	2	-127.46697	-95.0014
LeMans	2	-127.255486	-95.05492
LeMans	2	-127.04651	-95.11487
LeMans	2	-126.83948	-95.17837
LeMans	2	-126.63407	-95.243904
LeMans	2	-126.4302	-95.31079
LeMans	2	-126.22776	-95.37849
LeMans	2	-126.025536	-95.44671
LeMans	2	-125.821434	-95.51623
LeMans	2	-125.6143	-95.58754
LeMans	2	-125.40379	-95.66066
LeMans	2	-125.18995	-95.735435
LeMans	2	-124.97294	-95.811676
LeMans	2	-124.75279	-95.88927
LeMans	2	-124.52945	-95.96812
LeMans	2	-124.30309	-96.0481
LeMans	2	-124.07491	-96.128624
LeMans	2	-123.84714	-96.20893
LeMans	2	-123.62083	-96.288795
LeMans	2	-123.39532	-96.3682
LeMans	2	-123.17017	-96.447334
LeMans	2	-122.945366	-96.526306
LeMans	2	-122.72095	-96.60509
LeMans	2	-122.49696	-96.68358
LeMans	2	-122.273544	-96.761734
LeMans	2	-122.050865	-96.83953
LeMans	2	-121.82802	-96.91753
LeMans	2	-121.60233	-96.996346
LeMans	2	-121.372185	-97.07631
LeMans	2	-121.13732	-97.157455
LeMans	2	-120.89824	-97.2399
LeMans	2	-120.65533	-97.32367
LeMans	2	-120.408775	-97.40876
LeMans	2	-120.15903	-97.49471
LeMans	2	-119.90775	-97.58091
LeMans	2	-119.65796	-97.66652
LeMans	2	-119.409775	-97.75168
LeMans	2	-119.1624	-97.83664
LeMans	2	-118.915405	-97.92149
LeMans	2	-118.66882	-98.00621
LeMans	2	-118.422676	-98.09075
LeMans	2	-118.17698	-98.17502
LeMans	2	-117.93154	-98.25789
LeMans	2	-117.68542	-98.33615
LeMans	2	-117.43876	-98.40968
LeMans	2	-117.19207	-98.4795
LeMans	2	-116.94581	-98.54632
LeMans	2	-116.70037	-98.61094
LeMans	2	-116.45623	-98.67464
LeMans	2	-116.21378	-98.73866
LeMans	2	-115.97335	-98.8041
LeMans	2	-115.735176	-98.87183
LeMans	2	-115.49943	-98.94259
LeMans	2	-115.26633	-99.01719
LeMans	2	-115.036385	-99.09767
LeMans	2	-114.809586	-99.18394
LeMans	2	-114.58514	-99.273346
LeMans	2	-114.36263	-99.36458
LeMans	2	-114.14192	-99.45693
LeMans	2	-113.92239	-99.54979
LeMans	2	-113.7022	-99.6437
LeMans	2	-113.47933	-99.739555
LeMans	2	-113.25237	-99.83793
LeMans	2	-113.020805	-99.938934
LeMans	2	-112.785095	-100.04259
LeMans	2	-112.54553	-100.1489
LeMans	2	-112.30202	-100.257744
LeMans	2	-112.05469	-100.36888
LeMans	2	-111.803856	-100.48207
LeMans	2	-111.55078	-100.59664
LeMans	2	-111.297104	-100.71007
LeMans	2	-111.04228	-100.81767
LeMans	2	-110.785866	-100.91965
LeMans	2	-110.52821	-101.01798
LeMans	2	-110.269745	-101.11381
LeMans	2	-110.01097	-101.20794
LeMans	2	-109.75249	-101.30152
LeMans	2	-109.49498	-101.39583
LeMans	2	-109.238976	-101.49194
LeMans	2	-108.985	-101.59079
LeMans	2	-108.73356	-101.693146
LeMans	2	-108.485435	-101.800606
LeMans	2	-108.24139	-101.9147
LeMans	2	-108.000626	-102.03303
LeMans	2	-107.76248	-102.15363
LeMans	2	-107.52675	-102.27558
LeMans	2	-107.29323	-102.398384
LeMans	2	-107.061806	-102.52174
LeMans	2	-106.83241	-102.6454
LeMans	2	-106.60494	-102.76918
LeMans	2	-106.37929	-102.892944
LeMans	2	-106.15538	-103.01661
LeMans	2	-105.93312	-103.14008
LeMans	2	-105.71241	-103.263374
LeMans	2	-105.49157	-103.3874
LeMans	2	-105.268326	-103.51323
LeMans	2	-105.04126	-103.641304
LeMans	2	-104.8096	-103.77191
LeMans	2	-104.57361	-103.90527
LeMans	2	-104.3336	-104.04142
LeMans	2	-104.08954	-104.18027
LeMans	2	-103.84157	-104.321625
LeMans	2	-103.590454	-104.46493
LeMans	2	-103.338135	-104.60897
LeMans	2	-103.08623	-104.752846
LeMans	2	-102.835075	-104.89619
LeMans	2	-102.58435	-105.03901
LeMans	2	-102.33382	-105.18154
LeMans	2	-102.083466	-105.323784
LeMans	2	-101.833435	-105.46568
LeMans	2	-101.58384	-105.607155
LeMans	2	-101.33475	-105.74815
LeMans	2	-101.08633	-105.88858
LeMans	2	-100.83876	-106.02835
LeMans	2	-100.592186	-106.16739
LeMans	2	-100.34671	-106.30567
LeMans	2	-100.10248	-106.443146
LeMans	2	-99.859566	-106.579765
LeMans	2	-99.61803	-106.715546
LeMans	2	-99.37789	-106.85048
LeMans	2	-99.13917	-106.98458
LeMans	2	-98.90182	-107.1179
LeMans	2	-98.665245	-107.25077
LeMans	2	-98.42681	-107.38468
LeMans	2	-98.18479	-107.52068
LeMans	2	-97.9389	-107.65883
LeMans	2	-97.68947	-107.79894
LeMans	2	-97.436775	-107.94088
LeMans	2	-97.18087	-108.08458
LeMans	2	-96.92188	-108.230034
LeMans	2	-96.660934	-108.3766
LeMans	2	-96.400444	-108.522934
LeMans	2	-96.14175	-108.66828
LeMans	2	-95.88408	-108.81307
LeMans	2	-95.6269	-108.95763
LeMans	2	-95.37016	-109.10193
LeMans	2	-95.11395	-109.24593
LeMans	2	-94.8583	-109.38962
LeMans	2	-94.6033	-109.53284
LeMans	2	-94.34855	-109.67448
LeMans	2	-94.09253	-109.81161
LeMans	2	-93.835464	-109.94432
LeMans	2	-93.57802	-110.07333
LeMans	2	-93.32067	-110.199356
LeMans	2	-93.06404	-110.32332
LeMans	2	-92.80888	-110.446495
LeMans	2	-92.55574	-110.56996
LeMans	2	-92.30501	-110.694626
LeMans	2	-92.057076	-110.821236
LeMans	2	-91.812195	-110.950424
LeMans	2	-91.5708	-111.083145
LeMans	2	-91.3336	-111.220825
LeMans	2	-91.10001	-111.362274
LeMans	2	-90.86908	-111.50563
LeMans	2	-90.64029	-111.64987
LeMans	2	-90.41341	-111.794464
LeMans	2	-90.18807	-111.93915
LeMans	2	-89.963394	-112.08157
LeMans	2	-89.73711	-112.21837
LeMans	2	-89.50909	-112.349365
LeMans	2	-89.28038	-112.4767
LeMans	2	-89.05191	-112.60184
LeMans	2	-88.82457	-112.72629
LeMans	2	-88.59912	-112.851326
LeMans	2	-88.37507	-112.97902
LeMans	2	-88.15496	-113.10864
LeMans	2	-87.939064	-113.240814
LeMans	2	-87.72822	-113.37833
LeMans	2	-87.51951	-113.51693
LeMans	2	-87.312935	-113.6577
LeMans	2	-87.108154	-113.80093
LeMans	2	-86.90068	-113.94693
LeMans	2	-86.6909	-114.095924
LeMans	2	-86.477684	-114.24876
LeMans	2	-86.26196	-114.4044
LeMans	2	-86.04358	-114.56304
LeMans	2	-85.82213	-114.72469
LeMans	2	-85.597145	-114.89052
LeMans	2	-85.36933	-115.05893
LeMans	2	-85.13958	-115.22925
LeMans	2	-84.90975	-115.39998
LeMans	2	-84.681366	-115.57056
LeMans	2	-84.45384	-115.740265
LeMans	2	-84.22682	-115.909615
LeMans	2	-83.9995	-116.079124
LeMans	2	-83.773026	-116.24817
LeMans	2	-83.54737	-116.41672
LeMans	2	-83.32343	-116.58414
LeMans	2	-83.09952	-116.75109
LeMans	2	-82.876015	-116.91872
LeMans	2	-82.653175	-117.08574
LeMans	2	-82.429596	-117.25325
LeMans	2	-82.203354	-117.42233
LeMans	2	-81.97364	-117.59352
LeMans	2	-81.740265	-117.76736
LeMans	2	-81.50362	-117.943825
LeMans	2	-81.26364	-118.12272
LeMans	2	-81.02	-118.30429
LeMans	2	-80.77264	-118.4886
LeMans	2	-80.52186	-118.67521
LeMans	2	-80.267586	-118.864395
LeMans	2	-80.009636	-119.05633
LeMans	2	-79.74734	-119.251114
LeMans	2	-79.480644	-119.44801
LeMans	2	-79.20804	-119.6445
LeMans	2	-78.930115	-119.8415
LeMans	2	-78.64716	-120.0399
LeMans	2	-78.35935	-120.23854
LeMans	2	-78.06524	-120.439804
LeMans	2	-77.76622	-120.6421
LeMans	2	-77.4629	-120.84907
LeMans	2	-77.155754	-121.0608
LeMans	2	-76.84532	-121.277245
LeMans	2	-76.5318	-121.50045
LeMans	2	-76.216125	-121.731415
LeMans	2	-75.89934	-121.97127
LeMans	2	-75.58006	-122.21713
LeMans	2	-75.257706	-122.46731
LeMans	2	-74.93267	-122.72161
LeMans	2	-74.60454	-122.98013
LeMans	2	-74.27286	-123.243164
LeMans	2	-73.9373	-123.51065
LeMans	2	-73.59805	-123.782234
LeMans	2	-73.25494	-124.05731
LeMans	2	-72.90862	-124.335365
LeMans	2	-72.55902	-124.61615
LeMans	2	-72.20598	-124.89943
LeMans	2	-71.8495	-125.18548
LeMans	2	-71.48852	-125.47466
LeMans	2	-71.12327	-125.7664
LeMans	2	-70.75334	-126.061455
LeMans	2	-70.37912	-126.35986
LeMans	2	-70.00148	-126.66079
LeMans	2	-69.619576	-126.96394
LeMans	2	-69.23579	-127.26369
LeMans	2	-68.84969	-127.55637
LeMans	2	-68.46123	-127.84438
LeMans	2	-68.069954	-128.12758
LeMans	2	-67.67667	-128.4083
LeMans	2	-67.282616	-128.68579
LeMans	2	-66.88931	-128.96109
LeMans	2	-66.498566	-129.23671
LeMans	2	-66.10764	-129.5135
LeMans	2	-65.7177	-129.79532
LeMans	2	-65.33343	-130.08151
LeMans	2	-64.959435	-130.37395
LeMans	2	-64.59028	-130.6725
LeMans	2	-64.22896	-130.97565
LeMans	2	-63.87103	-131.28142
LeMans	2	-63.51667	-131.58696
LeMans	2	-63.165386	-131.89302
LeMans	2	-62.81682	-132.19911
LeMans	2	-62.472248	-132.50499
LeMans	2	-62.129604	-132.80998
LeMans	2	-61.790653	-133.11543
LeMans	2	-61.454647	-133.41887
LeMans	2	-61.120163	-133.72192
LeMans	2	-60.787045	-134.02386
LeMans	2	-60.455364	-134.325
LeMans	2	-60.126823	-134.62442
LeMans	2	-59.799004	-134.92247
LeMans	2	-59.475273	-135.2172
LeMans	2	-59.152626	-135.50941
LeMans	2	-58.83038	-135.79787
LeMans	2	-58.503662	-136.07872
LeMans	2	-58.174553	-136.35483
LeMans	2	-57.844135	-136.6264
LeMans	2	-57.51376	-136.8963
LeMans	2	-57.18539	-137.16281
LeMans	2	-56.856228	-137.42929
LeMans	2	-56.531815	-137.69673
LeMans	2	-56.208477	-137.96777
LeMans	2	-55.89264	-138.24155
LeMans	2	-55.580627	-138.52196
LeMans	2	-55.275917	-138.80649
LeMans	2	-54.97559	-139.09799
LeMans	2	-54.678513	-139.3879
LeMans	2	-54.38306	-139.6771
LeMans	2	-54.083332	-139.97205
LeMans	2	-53.78146	-140.27026
LeMans	2	-53.476223	-140.57411
LeMans	2	-53.168167	-140.88226
LeMans	2	-52.85654	-141.19536
LeMans	2	-52.54146	-141.5123
LeMans	2	-52.222385	-141.83372
LeMans	2	-51.899437	-142.15945
LeMans	2	-51.572548	-142.48936
LeMans	2	-51.242104	-142.82286
LeMans	2	-50.90819	-143.15977
LeMans	2	-50.571064	-143.49937
LeMans	2	-50.229874	-143.84232
LeMans	2	-49.883595	-144.18977
LeMans	2	-49.53223	-144.54195
LeMans	2	-49.176414	-144.89836
LeMans	2	-48.816074	-145.25914
LeMans	2	-48.45131	-145.62437
LeMans	2	-48.08169	-145.9934
LeMans	2	-47.708935	-146.36687
LeMans	2	-47.331844	-146.74529
LeMans	2	-46.95109	-147.12758
LeMans	2	-46.567337	-147.51305
LeMans	2	-46.18097	-147.90129
LeMans	2	-45.792202	-148.2921
LeMans	2	-45.4006	-148.68582
LeMans	2	-45.006893	-149.08182
LeMans	2	-44.61038	-149.48071
LeMans	2	-44.210873	-149.88281
LeMans	2	-43.80907	-150.28857
LeMans	2	-43.405838	-150.69817
LeMans	2	-43.000427	-151.11241
LeMans	2	-42.59272	-151.53152
LeMans	2	-42.181644	-151.95616
LeMans	2	-41.769024	-152.38396
LeMans	2	-41.354336	-152.81631
LeMans	2	-40.935387	-153.2531
LeMans	2	-40.51009	-153.69305
LeMans	2	-40.07644	-154.13452
LeMans	2	-39.6324	-154.57555
LeMans	2	-39.177868	-155.01584
LeMans	2	-38.713314	-155.45558
LeMans	2	-38.240723	-155.89638
LeMans	2	-37.76299	-156.34058
LeMans	2	-37.280945	-156.78844
LeMans	2	-36.794765	-157.23976
LeMans	2	-36.304546	-157.69443
LeMans	2	-35.810337	-158.15237
LeMans	2	-35.3122	-158.61356
LeMans	2	-34.810207	-159.07797
LeMans	2	-34.30438	-159.54562
LeMans	2	-33.79465	-160.01659
LeMans	2	-33.280685	-160.49057
LeMans	2	-32.761967	-160.96703
LeMans	2	-32.23822	-161.44577
LeMans	2	-31.70946	-161.92682
LeMans	2	-31.17588	-162.41046
LeMans	2	-30.63787	-162.89717
LeMans	2	-30.095726	-163.38754
LeMans	2	-29.549936	-163.88187
LeMans	2	-29.00116	-164.38097
LeMans	2	-28.449821	-164.88483
LeMans	2	-27.89645	-165.394
LeMans	2	-27.341005	-165.90878
LeMans	2	-26.783133	-166.42842
LeMans	2	-26.224953	-166.94994
LeMans	2	-25.671345	-167.46918
LeMans	2	-25.123636	-167.98543
LeMans	2	-24.577568	-168.5008
LeMans	2	-24.030993	-169.01634
LeMans	2	-23.484095	-169.53168
LeMans	2	-22.937225	-170.04655
LeMans	2	-22.390774	-170.56065
LeMans	2	-21.845303	-171.07341
LeMans	2	-21.301426	-171.58441
LeMans	2	-20.757372	-172.09492
LeMans	2	-20.21089	-172.6041
LeMans	2	-19.662788	-173.10757
LeMans	2	-19.113472	-173.60359
LeMans	2	-18.563383	-174.09383
LeMans	2	-18.012913	-174.57982
LeMans	2	-17.463064	-175.06279
LeMans	2	-16.915653	-175.54387
LeMans	2	-16.37134	-176.02493
LeMans	2	-15.831721	-176.50699
LeMans	2	-15.2980175	-176.99178
LeMans	2	-14.772646	-177.48215
LeMans	2	-14.255254	-177.97713
LeMans	2	-13.743061	-178.47388
LeMans	2	-13.235061	-178.97066
LeMans	2	-12.729999	-179.46696
LeMans	2	-12.227697	-179.96254
LeMans	2	-11.727941	-180.45703
LeMans	2	-11.2302265	-180.95052
LeMans	2	-10.734855	-181.44267
LeMans	2	-10.241457	-181.93349
LeMans	2	-9.74997	-182.42287
LeMans	2	-9.260329	-182.91072
LeMans	2	-8.772434	-183.39693
LeMans	2	-8.286172	-183.88155
LeMans	2	-7.8015804	-184.36436
LeMans	2	-7.3186197	-184.84538
LeMans	2	-6.8375278	-185.32484
LeMans	2	-6.358319	-185.80302
LeMans	2	-5.8813467	-186.27898
LeMans	2	-5.406218	-186.75255
LeMans	2	-4.9325886	-187.22383
LeMans	2	-4.4605994	-187.6926
LeMans	2	-3.9901428	-188.15904
LeMans	2	-3.5212328	-188.62332
LeMans	2	-3.0539296	-189.08556
LeMans	2	-2.5883048	-189.5459
LeMans	2	-2.1244385	-190.00432
LeMans	2	-1.6623459	-190.4609
LeMans	2	-1.2020121	-190.91573
LeMans	2	-0.74348867	-191.36871
LeMans	2	-0.286758	-191.8199
LeMans	2	0.16820903	-192.26935
LeMans	2	0.6213719	-192.71701
LeMans	2	1.0727615	-193.1629
LeMans	2	1.5223912	-193.60707
LeMans	2	1.9702673	-194.04947
LeMans	2	2.4163804	-194.49013
LeMans	2	2.8607473	-194.9291
LeMans	2	3.303341	-195.36629
LeMans	2	3.7441945	-195.80177
LeMans	2	4.183328	-196.23552
LeMans	2	4.6207333	-196.66759
LeMans	2	5.0564184	-197.09796
LeMans	2	5.4903874	-197.52664
LeMans	2	5.92264	-197.95361
LeMans	2	6.3531938	-198.37892
LeMans	2	6.7820764	-198.80257
LeMans	2	7.2092705	-199.22458
LeMans	2	7.6348057	-199.64496
LeMans	2	8.05865	-200.06364
LeMans	2	8.480956	-200.48053
LeMans	2	8.901749	-200.89587
LeMans	2	9.32081	-201.30984
LeMans	2	9.738206	-201.7223
LeMans	2	10.154497	-202.13367
LeMans	2	10.569995	-202.5443
LeMans	2	10.984202	-202.95363
LeMans	2	11.396978	-203.36157
LeMans	2	11.808255	-203.76802
LeMans	2	12.218013	-204.17299
LeMans	2	12.626279	-204.57648
LeMans	2	13.033065	-204.97853
LeMans	2	13.43838	-205.37912
LeMans	2	13.84225	-205.77827
LeMans	2	14.244688	-206.17606
LeMans	2	14.645692	-206.57242
LeMans	2	15.045281	-206.96739
LeMans	2	15.443435	-207.36098
LeMans	2	15.840163	-207.75314
LeMans	2	16.235477	-208.14394
LeMans	2	16.629377	-208.53334
LeMans	2	17.021893	-208.92139
LeMans	2	17.413097	-209.30814
LeMans	2	17.8028	-209.69344
LeMans	2	18.19107	-210.07732
LeMans	2	18.577915	-210.45982
LeMans	2	18.963387	-210.84097
LeMans	2	19.347424	-211.22072
LeMans	2	19.730043	-211.59908
LeMans	2	20.111282	-211.97609
LeMans	2	20.491041	-212.3517
LeMans	2	20.869488	-212.72594
LeMans	2	21.24649	-213.09877
LeMans	2	21.622156	-213.47032
LeMans	2	21.996464	-213.84055
LeMans	2	22.36943	-214.20944
LeMans	2	22.741024	-214.57698
LeMans	2	23.11125	-214.94319
LeMans	2	23.480114	-215.3081
LeMans	2	23.847612	-215.67166
LeMans	2	24.213758	-216.03387
LeMans	2	24.578608	-216.39484
LeMans	2	24.942053	-216.75443
LeMans	2	25.30415	-217.11272
LeMans	2	25.664892	-217.46968
LeMans	2	26.024303	-217.8253
LeMans	2	26.382343	-218.17961
LeMans	2	26.739113	-218.53267
LeMans	2	27.094528	-218.88438
LeMans	2	27.448744	-219.23492
LeMans	2	27.801493	-219.58406
LeMans	2	28.152832	-219.93181
LeMans	2	28.502907	-220.27829
LeMans	2	28.851826	-220.62369
LeMans	2	29.19943	-220.96779
LeMans	2	29.545639	-221.3105
LeMans	2	29.890608	-221.652
LeMans	2	30.234236	-221.99216
LeMans	2	30.58095	-222.3354
LeMans	2	30.922024	-222.67308
LeMans	2	31.261826	-223.0095
LeMans	2	31.600344	-223.34468
LeMans	2	31.937574	-223.6786
LeMans	2	32.27352	-224.01126
LeMans	2	32.607098	-224.34158
LeMans	2	32.940228	-224.67145
LeMans	2	33.275436	-225.00337
LeMans	2	33.619843	-225.34447
LeMans	2	33.962105	-225.68349
LeMans	2	34.30799	-226.02615
LeMans	2	34.65737	-226.37234
LeMans	2	35.009544	-226.72136
LeMans	2	35.362663	-227.07132
LeMans	2	35.71451	-227.42
LeMans	2	36.065044	-227.76732
LeMans	2	36.414627	-228.11371
LeMans	2	36.763374	-228.45927
LeMans	2	37.111286	-228.8041
LeMans	2	37.458435	-229.14803
LeMans	2	37.80492	-229.49075
LeMans	2	38.1531	-229.82968
LeMans	2	38.503582	-230.16403
LeMans	2	38.855038	-230.49507
LeMans	2	39.205807	-230.82433
LeMans	2	39.554344	-231.15326
LeMans	2	39.89922	-231.48329
LeMans	2	40.238304	-231.8167
LeMans	2	40.57313	-232.15161
LeMans	2	40.904846	-232.48695
LeMans	2	41.234093	-232.82208
LeMans	2	41.56154	-233.15627
LeMans	2	41.887554	-233.4892
LeMans	2	42.212296	-233.82076
LeMans	2	42.535843	-234.15096
LeMans	2	42.858227	-234.47974
LeMans	2	43.17945	-234.8072
LeMans	2	43.499516	-235.13327
LeMans	2	43.81842	-235.4581
LeMans	2	44.136166	-235.7816
LeMans	2	44.452747	-236.1038
LeMans	2	44.768154	-236.42477
LeMans	2	45.082397	-236.74449
LeMans	2	45.39546	-237.06294
LeMans	2	45.707363	-237.38017
LeMans	2	46.01811	-237.69617
LeMans	2	46.327694	-238.01097
LeMans	2	46.635864	-238.32437
LeMans	2	46.942905	-238.63664
LeMans	2	47.25123	-238.95021
LeMans	2	47.562088	-239.26633
LeMans	2	47.87621	-239.58484
LeMans	2	48.196053	-239.90408
LeMans	2	48.52325	-240.22093
LeMans	2	48.85476	-240.53394
LeMans	2	49.18707	-240.84357
LeMans	2	49.51842	-241.15181
LeMans	2	49.847557	-241.46046
LeMans	2	50.17328	-241.77115
LeMans	2	50.49362	-242.08609
LeMans	2	50.80673	-242.40677
LeMans	2	51.112785	-242.73265
LeMans	2	51.415657	-243.05931
LeMans	2	51.717625	-243.38432
LeMans	2	52.018696	-243.70767
LeMans	2	52.318497	-244.02965
LeMans	2	52.616936	-244.35048
LeMans	2	52.91377	-244.66997
LeMans	2	53.209183	-244.98814
LeMans	2	53.50329	-245.30498
LeMans	2	53.796158	-245.62048
LeMans	2	54.087883	-245.93459
LeMans	2	54.37851	-246.24728
LeMans	2	54.668056	-246.55856
LeMans	2	54.956528	-246.86852
LeMans	2	55.243935	-247.17711
LeMans	2	55.530277	-247.48442
LeMans	2	55.81474	-247.79005
LeMans	2	56.100048	-248.09622
LeMans	2	56.38857	-248.40536
LeMans	2	56.680897	-248.71843
LeMans	2	56.976887	-249.03575
LeMans	2	57.276447	-249.35698
LeMans	2	57.579544	-249.68166
LeMans	2	57.88561	-250.00952
LeMans	2	58.193504	-250.33954
LeMans	2	58.500576	-250.66881
LeMans	2	58.806072	-250.99638
LeMans	2	59.11056	-251.323
LeMans	2	59.414413	-251.64903
LeMans	2	59.717674	-251.9744
LeMans	2	60.020317	-252.29907
LeMans	2	60.322285	-252.62302
LeMans	2	60.62346	-252.94612
LeMans	2	60.923767	-253.2683
LeMans	2	61.223095	-253.58943
LeMans	2	61.52135	-253.90941
LeMans	2	61.818466	-254.22816
LeMans	2	62.11438	-254.54562
LeMans	2	62.40903	-254.86176
LeMans	2	62.702393	-255.1765
LeMans	2	62.99446	-255.48988
LeMans	2	63.285248	-255.80185
LeMans	2	63.574776	-256.11252
LeMans	2	63.86307	-256.42184
LeMans	2	64.15016	-256.72995
LeMans	2	64.436066	-257.03674
LeMans	2	64.72081	-257.3423
LeMans	2	65.0041	-257.64633
LeMans	2	65.28646	-257.9494
LeMans	2	65.57102	-258.2548
LeMans	2	65.8592	-258.56415
LeMans	2	66.15127	-258.8776
LeMans	2	66.447136	-259.19516
LeMans	2	66.74645	-259.51645
LeMans	2	67.04801	-259.84015
LeMans	2	67.35003	-260.1644
LeMans	2	67.65111	-260.48767
LeMans	2	67.95108	-260.80975
LeMans	2	68.250275	-261.131
LeMans	2	68.548775	-261.4515
LeMans	2	68.84657	-261.77133
LeMans	2	69.14363	-262.09036
LeMans	2	69.43988	-262.40854
LeMans	2	69.73524	-262.72574
LeMans	2	70.02962	-263.0419
LeMans	2	70.32293	-263.35696
LeMans	2	70.61511	-263.67084
LeMans	2	70.90609	-263.9834
LeMans	2	71.19583	-264.2947
LeMans	2	71.48432	-264.60468
LeMans	2	71.77155	-264.9133
LeMans	2	72.057556	-265.2206
LeMans	2	72.34207	-265.52634
LeMans	2	72.6261	-265.83154
LeMans	2	72.9129	-266.13977
LeMans	2	73.203804	-266.45236
LeMans	2	73.49895	-266.76956
LeMans	2	73.79811	-267.0911
LeMans	2	74.10074	-267.41638
LeMans	2	74.40523	-267.74365
LeMans	2	74.709366	-268.0706
LeMans	2	75.012024	-268.39597
LeMans	2	75.31369	-268.72034
LeMans	2	75.61468	-269.04398
LeMans	2	75.915054	-269.36697
LeMans	2	76.21479	-269.6893
LeMans	2	76.513824	-270.01093
LeMans	2	76.812035	-270.3316
LeMans	2	77.10935	-270.65137
LeMans	2	77.40567	-270.9701
LeMans	2	77.70093	-271.2877
LeMans	2	77.99502	-271.604
LeMans	2	78.287895	-271.9191
LeMans	2	78.57951	-272.23282
LeMans	2	78.86986	-272.5452
LeMans	2	79.158936	-272.85623
LeMans	2	79.44676	-273.16592
LeMans	2	79.73335	-273.47433
LeMans	2	80.01873	-273.78143
LeMans	2	80.302475	-274.08676
LeMans	2	80.58477	-274.3906
LeMans	2	80.86867	-274.69617
LeMans	2	81.15553	-275.00494
LeMans	2	81.44562	-275.31723
LeMans	2	81.73885	-275.63287
LeMans	2	82.03503	-275.95172
LeMans	2	82.334595	-276.27042
LeMans	2	82.63871	-276.58347
LeMans	2	82.945915	-276.89114
LeMans	2	83.2554	-277.1946
LeMans	2	83.5663	-277.49484
LeMans	2	83.877304	-277.79324
LeMans	2	84.18678	-278.09137
LeMans	2	84.49359	-278.391
LeMans	2	84.79573	-278.69287
LeMans	2	85.09115	-278.99963
LeMans	2	85.37838	-279.31247
LeMans	2	85.65783	-279.63065
LeMans	2	85.93249	-279.9508
LeMans	2	86.20568	-280.2716
LeMans	2	86.476105	-280.59024
LeMans	2	86.74487	-280.90775
LeMans	2	87.01208	-281.22406
LeMans	2	87.27784	-281.53918
LeMans	2	87.54225	-281.85303
LeMans	2	87.80542	-282.1656
LeMans	2	88.06744	-282.47702
LeMans	2	88.32851	-282.78745
LeMans	2	88.58874	-283.0969
LeMans	2	88.84972	-283.40872
LeMans	2	89.11005	-283.72485
LeMans	2	89.36828	-284.0456
LeMans	2	89.62357	-284.37033
LeMans	2	89.87514	-284.6972
LeMans	2	90.12323	-285.0244
LeMans	2	90.36937	-285.3509
LeMans	2	90.6152	-285.6757
LeMans	2	90.86201	-285.998
LeMans	2	91.110985	-286.31705
LeMans	2	91.363075	-286.63205
LeMans	2	91.62003	-286.94174
LeMans	2	91.88348	-287.24463
LeMans	2	92.15233	-287.5412
LeMans	2	92.42283	-287.83426
LeMans	2	92.69315	-288.12512
LeMans	2	92.9628	-288.41418
LeMans	2	93.23163	-288.70154
LeMans	2	93.49959	-288.98727
LeMans	2	93.7666	-289.27148
LeMans	2	94.032646	-289.5543
LeMans	2	94.297676	-289.83575
LeMans	2	94.561646	-290.116
LeMans	2	94.82437	-290.3946
LeMans	2	95.08613	-290.6719
LeMans	2	95.349106	-290.9507
LeMans	2	95.6145	-291.23233
LeMans	2	95.882675	-291.51688
LeMans	2	96.15372	-291.80435
LeMans	2	96.427574	-292.0946
LeMans	2	96.70442	-292.38693
LeMans	2	96.9839	-292.67773
LeMans	2	97.265144	-292.96475
LeMans	2	97.547935	-293.24832
LeMans	2	97.83153	-293.52942
LeMans	2	98.114716	-293.8093
LeMans	2	98.39634	-294.08908
LeMans	2	98.675514	-294.3695
LeMans	2	98.95156	-294.65128
LeMans	2	99.2237	-294.93497
LeMans	2	99.490456	-295.22195
LeMans	2	99.75331	-295.51062
LeMans	2	100.01299	-295.80005
LeMans	2	100.27045	-296.08926
LeMans	2	100.52624	-296.37756
LeMans	2	100.78063	-296.66483
LeMans	2	101.033844	-296.95093
LeMans	2	101.285545	-297.23547
LeMans	2	101.537605	-297.52036
LeMans	2	101.79145	-297.80734
LeMans	2	102.04775	-298.0972
LeMans	2	102.30665	-298.39014
LeMans	2	102.56816	-298.68613
LeMans	2	102.83229	-298.98508
LeMans	2	103.098785	-299.28653
LeMans	2	103.3667	-299.58932
LeMans	2	103.63407	-299.89117
LeMans	2	103.900665	-300.19196
LeMans	2	104.16647	-300.49164
LeMans	2	104.43167	-300.79047
LeMans	2	104.69622	-301.08856
LeMans	2	104.960075	-301.3858
LeMans	2	105.22316	-301.6821
LeMans	2	105.48538	-301.97745
LeMans	2	105.74667	-302.27167
LeMans	2	106.006996	-302.5648
LeMans	2	106.26626	-302.85672
LeMans	2	106.52418	-303.1472
LeMans	2	106.78116	-303.43658
LeMans	2	107.03966	-303.72772
LeMans	2	107.30078	-304.02182
LeMans	2	107.56491	-304.31924
LeMans	2	107.83212	-304.62018
LeMans	2	108.10233	-304.92444
LeMans	2	108.37549	-305.23206
LeMans	2	108.65142	-305.54285
LeMans	2	108.928925	-305.85538
LeMans	2	109.205986	-306.16742
LeMans	2	109.48176	-306.47803
LeMans	2	109.75662	-306.7877
LeMans	2	110.03083	-307.0966
LeMans	2	110.30438	-307.4048
LeMans	2	110.57729	-307.71225
LeMans	2	110.84949	-308.01892
LeMans	2	111.120895	-308.3247
LeMans	2	111.391426	-308.62955
LeMans	2	111.660736	-308.93304
LeMans	2	111.929	-309.23535
LeMans	2	112.198204	-309.5387
LeMans	2	112.46903	-309.84393
LeMans	2	112.74159	-310.1511
LeMans	2	113.01585	-310.4602
LeMans	2	113.29183	-310.77133
LeMans	2	113.5691	-311.08386
LeMans	2	113.845924	-311.39594
LeMans	2	114.12184	-311.707
LeMans	2	114.396904	-312.01712
LeMans	2	114.67125	-312.3261
LeMans	2	114.94739	-312.63174
LeMans	2	115.22628	-312.933
LeMans	2	115.50666	-313.23114
LeMans	2	115.78659	-313.5274
LeMans	2	116.06474	-313.82297
LeMans	2	116.34	-314.11896
LeMans	2	116.61107	-314.4164
LeMans	2	116.8765	-314.71686
LeMans	2	117.1389	-315.01752
LeMans	2	117.39852	-315.3184
LeMans	2	117.656006	-315.61887
LeMans	2	117.91194	-315.9184
LeMans	2	118.16668	-316.21677
LeMans	2	118.42034	-316.5139
LeMans	2	118.673096	-316.80997
LeMans	2	118.92489	-317.10498
LeMans	2	119.177635	-317.4009
LeMans	2	119.43277	-317.6995
LeMans	2	119.69057	-318.00122
LeMans	2	119.951035	-318.30606
LeMans	2	120.21422	-318.614
LeMans	2	120.480064	-318.925
LeMans	2	120.747894	-319.23804
LeMans	2	121.01553	-319.55063
LeMans	2	121.28212	-319.86185
LeMans	2	121.54792	-320.1721
LeMans	2	121.81306	-320.48157
LeMans	2	122.07754	-320.79022
LeMans	2	122.34131	-321.09808
LeMans	2	122.60433	-321.405
LeMans	2	122.86653	-321.71094
LeMans	2	123.127846	-322.01584
LeMans	2	123.38818	-322.3196
LeMans	2	123.64748	-322.62213
LeMans	2	123.90569	-322.9234
LeMans	2	124.16277	-323.22333
LeMans	2	124.418755	-323.522
LeMans	2	124.673164	-323.81882
LeMans	2	124.92776	-324.11594
LeMans	2	125.184166	-324.41513
LeMans	2	125.44292	-324.71707
LeMans	2	125.70407	-325.0218
LeMans	2	125.967606	-325.32928
LeMans	2	126.233376	-325.63943
LeMans	2	126.50063	-325.95135
LeMans	2	126.76739	-326.26266
LeMans	2	127.03319	-326.57288
LeMans	2	127.29821	-326.8822
LeMans	2	127.56252	-327.19077
LeMans	2	127.8261	-327.49844
LeMans	2	128.0889	-327.80524
LeMans	2	128.35081	-328.11096
LeMans	2	128.61182	-328.41565
LeMans	2	128.87186	-328.7192
LeMans	2	129.13106	-329.0219
LeMans	2	129.38898	-329.3231
LeMans	2	129.64575	-329.62296
LeMans	2	129.90138	-329.92148
LeMans	2	130.15587	-330.2187
LeMans	2	130.40923	-330.51465
LeMans	2	130.66145	-330.80927
LeMans	2	130.91342	-331.10358
LeMans	2	131.16722	-331.40012
LeMans	2	131.42357	-331.69962
LeMans	2	131.68251	-332.0021
LeMans	2	131.94409	-332.30765
LeMans	2	132.20827	-332.6162
LeMans	2	132.47473	-332.9275
LeMans	2	132.74152	-333.2392
LeMans	2	133.00722	-333.54974
LeMans	2	133.27197	-333.85916
LeMans	2	133.536	-334.16772
LeMans	2	133.79935	-334.4755
LeMans	2	134.062	-334.7825
LeMans	2	134.32387	-335.08865
LeMans	2	134.58496	-335.39386
LeMans	2	134.84515	-335.69803
LeMans	2	135.10439	-336.0011
LeMans	2	135.3626	-336.303
LeMans	2	135.61974	-336.60367
LeMans	2	135.87576	-336.90308
LeMans	2	136.13063	-337.2011
LeMans	2	136.38437	-337.4978
LeMans	2	136.63696	-337.79327
LeMans	2	136.88846	-338.0874
LeMans	2	137.13884	-338.38022
LeMans	2	137.38817	-338.67188
LeMans	2	137.63626	-338.9621
LeMans	2	137.88553	-339.2537
LeMans	2	138.13763	-339.5486
LeMans	2	138.39305	-339.84744
LeMans	2	138.65184	-340.1503
LeMans	2	138.91394	-340.45697
LeMans	2	139.17914	-340.7673
LeMans	2	139.44627	-341.07986
LeMans	2	139.71301	-341.3921
LeMans	2	139.97847	-341.70285
LeMans	2	140.24303	-342.01245
LeMans	2	140.50691	-342.32135
LeMans	2	140.77019	-342.62958
LeMans	2	141.03285	-342.93707
LeMans	2	141.29482	-343.24377
LeMans	2	141.556	-343.5496
LeMans	2	141.81635	-343.85443
LeMans	2	142.07579	-344.15823
LeMans	2	142.33423	-344.46097
LeMans	2	142.59164	-344.76242
LeMans	2	142.84793	-345.06256
LeMans	2	143.10307	-345.36145
LeMans	2	143.35706	-345.65894
LeMans	2	143.60992	-345.9551
LeMans	2	143.86163	-346.25
LeMans	2	144.11221	-346.54364
LeMans	2	144.36171	-346.836
LeMans	2	144.61015	-347.1271
LeMans	2	144.85754	-347.417
LeMans	2	145.10388	-347.70566
LeMans	2	145.34921	-347.9932
LeMans	2	145.5935	-348.2795
LeMans	2	145.83679	-348.56467
LeMans	2	146.07909	-348.84866
LeMans	2	146.32036	-349.13147
LeMans	2	146.56064	-349.41315
LeMans	2	146.79994	-349.6937
LeMans	2	147.03827	-349.9731
LeMans	2	147.27562	-350.25143
LeMans	2	147.51196	-350.52863
LeMans	2	147.74734	-350.80463
LeMans	2	147.98177	-351.07956
LeMans	2	148.2152	-351.3533
LeMans	2	148.44765	-351.626
LeMans	2	148.67914	-351.89752
LeMans	2	148.90965	-352.16797
LeMans	2	149.13919	-352.43726
LeMans	2	149.36778	-352.7054
LeMans	2	149.59543	-352.97253
LeMans	2	149.82211	-353.23856
LeMans	2	150.04784	-353.50342
LeMans	2	150.27261	-353.7672
LeMans	2	150.49644	-354.02988
LeMans	2	150.71931	-354.29144
LeMans	2	150.94124	-354.55194
LeMans	2	151.16222	-354.8113
LeMans	2	151.38225	-355.06964
LeMans	2	151.60135	-355.32687
LeMans	2	151.81952	-355.58304
LeMans	2	152.03679	-355.83817
LeMans	2	152.25313	-356.09213
LeMans	2	152.4685	-356.34506
LeMans	2	152.68298	-356.597
LeMans	2	152.89655	-356.8478
LeMans	2	153.10919	-357.09756
LeMans	2	153.3209	-357.34625
LeMans	2	153.53174	-357.59387
LeMans	2	153.74162	-357.84048
LeMans	2	153.95064	-358.08606
LeMans	2	154.15874	-358.33054
LeMans	2	154.36594	-358.574
LeMans	2	154.57224	-358.81647
LeMans	2	154.77762	-359.05783
LeMans	2	154.98213	-359.2982
LeMans	2	155.18575	-359.5375
LeMans	2	155.38847	-359.7758
LeMans	2	155.59035	-360.0131
LeMans	2	155.79132	-360.24936
LeMans	2	155.99142	-360.4846
LeMans	2	156.19063	-360.7188
LeMans	2	156.38884	-360.9521
LeMans	2	156.58507	-361.1853
LeMans	2	156.77829	-361.41937
LeMans	2	156.96814	-361.65448
LeMans	2	157.15468	-361.89062
LeMans	2	157.33824	-362.12753
LeMans	2	157.51967	-362.36444
LeMans	2	157.70004	-362.60052
LeMans	2	157.88031	-362.83502
LeMans	2	158.0613	-363.06726
LeMans	2	158.24359	-363.29678
LeMans	2	158.4277	-363.52322
LeMans	2	158.6144	-363.74597
LeMans	2	158.80437	-363.9645
LeMans	2	158.99664	-364.1796
LeMans	2	159.1901	-364.39203
LeMans	2	159.38393	-364.60248
LeMans	2	159.57762	-364.8113
LeMans	2	159.77095	-365.0187
LeMans	2	159.96375	-365.22488
LeMans	2	160.15598	-365.42984
LeMans	2	160.34752	-365.63358
LeMans	2	160.53836	-365.83615
LeMans	2	160.72845	-366.0377
LeMans	2	160.91777	-366.23816
LeMans	2	161.10623	-366.43762
LeMans	2	161.29385	-366.63608
LeMans	2	161.48064	-366.8337
LeMans	2	161.6665	-367.0304
LeMans	2	161.85155	-367.2262
LeMans	2	162.0357	-367.42123
LeMans	2	162.21889	-367.61545
LeMans	2	162.40068	-367.80832
LeMans	2	162.58133	-368.00012
LeMans	2	162.76096	-368.191
LeMans	2	162.93954	-368.38098
LeMans	2	163.1172	-368.56995
LeMans	2	163.29437	-368.75754
LeMans	2	163.47125	-368.94348
LeMans	2	163.64752	-369.1281
LeMans	2	163.82274	-369.31186
LeMans	2	163.99655	-369.49515
LeMans	2	164.1688	-369.67804
LeMans	2	164.33939	-369.86053
LeMans	2	164.50853	-370.04248
LeMans	2	164.67656	-370.22366
LeMans	2	164.8444	-370.40317
LeMans	2	165.01431	-370.5789
LeMans	2	165.18633	-370.75064
LeMans	2	165.35994	-370.91907
LeMans	2	165.53468	-371.08447
LeMans	2	165.7099	-371.24722
LeMans	2	165.88425	-371.40854
LeMans	2	166.05693	-371.5695
LeMans	2	166.22728	-371.73068
LeMans	2	166.39523	-371.89313
LeMans	2	166.55984	-372.05756
LeMans	2	166.72032	-372.22476
LeMans	2	166.87537	-372.39612
LeMans	2	167.02582	-372.5706
LeMans	2	167.17326	-372.7463
LeMans	2	167.31844	-372.92252
LeMans	2	167.46173	-373.0989
LeMans	2	167.6034	-373.27484
LeMans	2	167.74353	-373.45013
LeMans	2	167.8823	-373.6248
LeMans	2	168.01984	-373.79868
LeMans	2	168.15622	-373.9716
LeMans	2	168.29121	-374.1437
LeMans	2	168.42432	-374.3156
LeMans	2	168.55534	-374.48746
LeMans	2	168.68422	-374.65918
LeMans	2	168.8112	-374.83038
LeMans	2	168.93675	-375.00104
LeMans	2	169.0609	-375.17093
LeMans	2	169.18307	-375.34067
LeMans	2	169.30289	-375.51065
LeMans	2	169.42015	-375.681
LeMans	2	169.53525	-375.85147
LeMans	2	169.64912	-376.02115
LeMans	2	169.76266	-376.18945
LeMans	2	169.87683	-376.35593
LeMans	2	169.9923	-376.52
LeMans	2	170.10968	-376.68124
LeMans	2	170.2295	-376.8393
LeMans	2	170.35254	-376.99374
LeMans	2	170.48013	-377.1435
LeMans	2	170.61119	-377.28946
LeMans	2	170.74374	-377.43292
LeMans	2	170.87701	-377.57443
LeMans	2	171.01053	-377.71432
LeMans	2	171.14397	-377.85272
LeMans	2	171.27708	-377.98984
LeMans	2	171.41049	-378.1268
LeMans	2	171.5457	-378.26523
LeMans	2	171.68327	-378.4057
LeMans	2	171.8231	-378.5482
LeMans	2	171.96494	-378.69244
LeMans	2	172.10857	-378.83844
LeMans	2	172.25414	-378.98514
LeMans	2	172.39975	-379.13174
LeMans	2	172.54391	-379.27722
LeMans	2	172.68704	-379.42175
LeMans	2	172.82948	-379.56586
LeMans	2	172.97144	-379.70975
LeMans	2	173.11406	-379.8544
LeMans	2	173.25565	-379.99832
LeMans	2	173.39691	-380.14108
LeMans	2	173.53725	-380.28354
LeMans	2	173.67722	-380.42554
LeMans	2	173.81606	-380.56717
LeMans	2	173.95377	-380.70764
LeMans	2	174.08978	-380.84668
LeMans	2	174.22543	-380.98495
LeMans	2	174.36073	-381.1221
LeMans	2	174.49477	-381.25827
LeMans	2	174.62817	-381.3941
LeMans	2	174.7598	-381.52826
LeMans	2	174.89175	-381.66223
LeMans	2	175.02492	-381.79745
LeMans	2	175.1608	-381.9356
LeMans	2	175.29994	-382.07703
LeMans	2	175.4415	-382.22083
LeMans	2	175.58574	-382.36725
LeMans	2	175.73232	-382.51624
LeMans	2	175.87962	-382.6658
LeMans	2	176.0242	-382.8137
LeMans	2	176.16542	-382.96332
LeMans	2	176.30338	-383.11652
LeMans	2	176.43718	-383.26877
LeMans	2	176.57002	-383.42538
LeMans	2	176.70123	-383.58258
LeMans	2	176.8315	-383.7415
LeMans	2	176.96117	-383.89606
LeMans	2	177.09259	-384.05313
LeMans	2	177.22525	-384.20737
LeMans	2	177.35951	-384.3598
LeMans	2	177.49397	-384.50696
LeMans	2	177.6301	-384.6535
LeMans	2	177.76973	-384.79465
LeMans	2	177.91367	-384.9293
LeMans	2	178.06197	-385.05847
LeMans	2	178.21362	-385.1825
LeMans	2	178.36526	-385.30374
LeMans	2	178.51627	-385.42285
LeMans	2	178.66693	-385.5392
LeMans	2	178.8172	-385.65665
LeMans	2	178.96577	-385.77274
LeMans	2	179.11526	-385.8884
LeMans	2	179.2625	-386.0003
LeMans	2	179.4122	-386.1121
LeMans	2	179.5638	-386.22467
LeMans	2	179.7152	-386.34155
LeMans	2	179.86627	-386.46487
LeMans	2	180.01715	-386.59103
LeMans	2	180.16797	-386.7192
LeMans	2	180.3153	-386.85114
LeMans	2	180.4602	-386.98135
LeMans	2	180.60228	-387.11234
LeMans	2	180.74501	-387.24088
LeMans	2	180.88687	-387.36874
LeMans	2	181.02765	-387.49628
LeMans	2	181.1686	-387.62393
LeMans	2	181.31042	-387.7505
LeMans	2	181.45349	-387.87582
LeMans	2	181.598	-388.00012
LeMans	2	181.74367	-388.1225
LeMans	2	181.89058	-388.24207
LeMans	2	182.03937	-388.3577
LeMans	2	182.19066	-388.4682
LeMans	2	182.3457	-388.57214
LeMans	2	182.50562	-388.6673
LeMans	2	182.66925	-388.75476
LeMans	2	182.83553	-388.83514
LeMans	2	183.00365	-388.90866
LeMans	2	183.1733	-388.9758
LeMans	2	183.34402	-389.0371
LeMans	2	183.51556	-389.09222
LeMans	2	183.68771	-389.14148
LeMans	2	183.86017	-389.18503
LeMans	2	184.03229	-389.22406
LeMans	2	184.2035	-389.26086
LeMans	2	184.37337	-389.29623
LeMans	2	184.54181	-389.3302
LeMans	2	184.70886	-389.36258
LeMans	2	184.87437	-389.39355
LeMans	2	185.0383	-389.42334
LeMans	2	185.20091	-389.452
LeMans	2	185.364	-389.47943
LeMans	2	185.52986	-389.50684
LeMans	2	185.69933	-389.53494
LeMans	2	185.87286	-389.56403
LeMans	2	186.05037	-389.5935
LeMans	2	186.23172	-389.62308
LeMans	2	186.41653	-389.65234
LeMans	2	186.60297	-389.68143
LeMans	2	186.78722	-389.7145
LeMans	2	186.96869	-389.7539
LeMans	2	187.14868	-389.79843
LeMans	2	187.32787	-389.8475
LeMans	2	187.50684	-389.89944
LeMans	2	187.68584	-389.9527
LeMans	2	187.8649	-390.00677
LeMans	2	188.04353	-390.06113
LeMans	2	188.22128	-390.11484
LeMans	2	188.39806	-390.16702
LeMans	2	188.574	-390.21698
LeMans	2	188.74934	-390.26398
LeMans	2	188.9242	-390.3074
LeMans	2	189.099	-390.34634
LeMans	2	189.27455	-390.37857
LeMans	2	189.45158	-390.40112
LeMans	2	189.62936	-390.41504
LeMans	2	189.80724	-390.42188
LeMans	2	189.98457	-390.42343
LeMans	2	190.16074	-390.42188
LeMans	2	190.33548	-390.41757
LeMans	2	190.50862	-390.4109
LeMans	2	190.68007	-390.4021
LeMans	2	190.84975	-390.39136
LeMans	2	191.01772	-390.37894
LeMans	2	191.18402	-390.36496
LeMans	2	191.3486	-390.34973
LeMans	2	191.51202	-390.33307
LeMans	2	191.67697	-390.31473
LeMans	2	191.84587	-390.2958
LeMans	2	192.0197	-390.2768
LeMans	2	192.198	-390.2574
LeMans	2	192.3798	-390.23624
LeMans	2	192.56425	-390.21338
LeMans	2	192.7484	-390.18918
LeMans	2	192.9307	-390.1653
LeMans	2	193.11153	-390.14246
LeMans	2	193.29196	-390.12488
LeMans	2	193.47258	-390.11414
LeMans	2	193.6534	-390.10843
LeMans	2	193.83434	-390.10577
LeMans	2	194.01497	-390.10492
LeMans	2	194.19524	-390.10535
LeMans	2	194.37494	-390.1066
LeMans	2	194.55399	-390.10855
LeMans	2	194.7321	-390.11053
LeMans	2	194.90938	-390.11246
LeMans	2	195.08562	-390.11374
LeMans	2	195.26076	-390.11343
LeMans	2	195.43474	-390.1103
LeMans	2	195.60757	-390.10294
LeMans	2	195.77933	-390.08945
LeMans	2	195.94966	-390.06754
LeMans	2	196.11841	-390.03647
LeMans	2	196.28532	-389.9979
LeMans	2	196.45027	-389.9532
LeMans	2	196.61272	-389.90274
LeMans	2	196.77269	-389.84753
LeMans	2	196.93056	-389.78967
LeMans	2	197.08632	-389.73026
LeMans	2	197.23994	-389.66953
LeMans	2	197.39128	-389.6077
LeMans	2	197.54039	-389.54498
LeMans	2	197.68716	-389.48157
LeMans	2	197.83186	-389.41754
LeMans	2	197.97461	-389.35303
LeMans	2	198.11543	-389.28827
LeMans	2	198.25433	-389.2232
LeMans	2	198.3914	-389.15808
LeMans	2	198.527	-389.09283
LeMans	2	198.66107	-389.02762
LeMans	2	198.7937	-388.9624
LeMans	2	198.92505	-388.89758
LeMans	2	199.05635	-388.83566
LeMans	2	199.1889	-388.77945
LeMans	2	199.3221	-388.72748
LeMans	2	199.45538	-388.67856
LeMans	2	199.58824	-388.63126
LeMans	2	199.7209	-388.58594
LeMans	2	199.8526	-388.54092
LeMans	2	199.98286	-388.4949
LeMans	2	200.11133	-388.44702
LeMans	2	200.23753	-388.39606
LeMans	2	200.36168	-388.34183
LeMans	2	200.48293	-388.28235
LeMans	2	200.60136	-388.21756
LeMans	2	200.71765	-388.149
LeMans	2	200.83409	-388.07806
LeMans	2	200.95334	-388.00446
LeMans	2	201.07568	-387.92654
LeMans	2	201.20042	-387.84433
LeMans	2	201.32732	-387.75864
LeMans	2	201.45648	-387.66983
LeMans	2	201.58754	-387.57846
LeMans	2	201.71849	-387.4859
LeMans	2	201.84727	-387.3943
LeMans	2	201.97453	-387.30322
LeMans	2	202.10094	-387.2123
LeMans	2	202.22713	-387.12164
LeMans	2	202.35268	-387.03085
LeMans	2	202.47784	-386.9401
LeMans	2	202.60243	-386.8494
LeMans	2	202.72646	-386.7588
LeMans	2	202.85007	-386.66846
LeMans	2	202.97295	-386.57843
LeMans	2	203.09508	-386.48874
LeMans	2	203.21634	-386.3996
LeMans	2	203.3381	-386.31293
LeMans	2	203.4624	-386.23145
LeMans	2	203.58818	-386.15405
LeMans	2	203.71445	-386.07928
LeMans	2	203.84068	-386.0065
LeMans	2	203.96658	-385.93527
LeMans	2	204.09193	-385.865
LeMans	2	204.21626	-385.79498
LeMans	2	204.33902	-385.72427
LeMans	2	204.45978	-385.65213
LeMans	2	204.57805	-385.57788
LeMans	2	204.69365	-385.5009
LeMans	2	204.80573	-385.4195
LeMans	2	204.91406	-385.33334
LeMans	2	205.01949	-385.24387
LeMans	2	205.12259	-385.15207
LeMans	2	205.2243	-385.05948
LeMans	2	205.32512	-384.96674
LeMans	2	205.42496	-384.87378
LeMans	2	205.52385	-384.78085
LeMans	2	205.62164	-384.6881
LeMans	2	205.71828	-384.5956
LeMans	2	205.81372	-384.5035
LeMans	2	205.90804	-384.41168
LeMans	2	206.00122	-384.32016
LeMans	2	206.09334	-384.22906
LeMans	2	206.18437	-384.13828
LeMans	2	206.27435	-384.0479
LeMans	2	206.36372	-383.95743
LeMans	2	206.45448	-383.8649
LeMans	2	206.54793	-383.76974
LeMans	2	206.64418	-383.6721
LeMans	2	206.74286	-383.5724
LeMans	2	206.84383	-383.47064
LeMans	2	206.94708	-383.3668
LeMans	2	207.05266	-383.2608
LeMans	2	207.1608	-383.15265
LeMans	2	207.27155	-383.0424
LeMans	2	207.38394	-382.931
LeMans	2	207.49637	-382.81973
LeMans	2	207.6081	-382.70905
LeMans	2	207.71967	-382.59863
LeMans	2	207.83124	-382.48822
LeMans	2	207.94281	-382.37787
LeMans	2	208.05435	-382.2676
LeMans	2	208.1658	-382.15744
LeMans	2	208.27722	-382.04752
LeMans	2	208.38843	-381.93784
LeMans	2	208.49931	-381.8286
LeMans	2	208.60974	-381.7199
LeMans	2	208.7196	-381.61188
LeMans	2	208.8289	-381.5044
LeMans	2	208.93753	-381.39764
LeMans	2	209.04572	-381.2913
LeMans	2	209.15546	-381.18332
LeMans	2	209.26848	-381.07227
LeMans	2	209.3847	-380.95813
LeMans	2	209.50378	-380.84128
LeMans	2	209.62556	-380.7218
LeMans	2	209.74992	-380.59982
LeMans	2	209.8767	-380.47552
LeMans	2	210.0061	-380.34863
LeMans	2	210.13846	-380.21896
LeMans	2	210.27385	-380.0862
LeMans	2	210.4124	-379.95032
LeMans	2	210.5541	-379.81113
LeMans	2	210.69888	-379.6688
LeMans	2	210.8453	-379.52487
LeMans	2	210.99158	-379.38107
LeMans	2	211.13745	-379.2376
LeMans	2	211.28328	-379.09418
LeMans	2	211.42955	-378.95117
LeMans	2	211.57857	-378.81085
LeMans	2	211.73065	-378.67398
LeMans	2	211.88507	-378.53992
LeMans	2	212.04102	-378.4081
LeMans	2	212.19737	-378.27765
LeMans	2	212.35312	-378.1476
LeMans	2	212.5074	-378.01733
LeMans	2	212.65947	-377.8863
LeMans	2	212.8088	-377.75394
LeMans	2	212.95483	-377.61972
LeMans	2	213.09663	-377.48264
LeMans	2	213.23346	-377.34207
LeMans	2	213.36644	-377.19928
LeMans	2	213.49675	-377.05554
LeMans	2	213.62502	-376.91153
LeMans	2	213.75156	-376.76758
LeMans	2	213.87656	-376.62387
LeMans	2	214.00027	-376.4806
LeMans	2	214.12283	-376.33783
LeMans	2	214.2443	-376.19565
LeMans	2	214.36475	-376.05426
LeMans	2	214.48425	-375.91364
LeMans	2	214.60289	-375.77365
LeMans	2	214.72072	-375.63443
LeMans	2	214.83777	-375.49603
LeMans	2	214.95407	-375.3584
LeMans	2	215.0697	-375.22153
LeMans	2	215.18466	-375.08545
LeMans	2	215.29907	-374.9502
LeMans	2	215.41289	-374.81573
LeMans	2	215.52617	-374.68213
LeMans	2	215.63892	-374.5494
LeMans	2	215.75114	-374.41754
LeMans	2	215.86287	-374.28644
LeMans	2	215.97408	-374.1562
LeMans	2	216.08482	-374.0268
LeMans	2	216.19469	-373.89786
LeMans	2	216.30226	-373.7683
LeMans	2	216.4068	-373.63742
LeMans	2	216.5082	-373.5051
LeMans	2	216.60686	-373.37173
LeMans	2	216.7034	-373.23785
LeMans	2	216.79883	-373.10425
LeMans	2	216.89407	-372.97168
LeMans	2	216.98985	-372.8407
LeMans	2	217.08679	-372.7117
LeMans	2	217.18556	-372.58527
LeMans	2	217.28679	-372.46185
LeMans	2	217.39174	-372.34235
LeMans	2	217.50017	-372.2266
LeMans	2	217.61041	-372.1132
LeMans	2	217.72156	-372.00146
LeMans	2	217.83316	-371.89124
LeMans	2	217.94485	-371.78207
LeMans	2	218.05643	-371.67398
LeMans	2	218.16776	-371.5667
LeMans	2	218.2787	-371.46027
LeMans	2	218.38913	-371.35455
LeMans	2	218.49892	-371.24957
LeMans	2	218.60808	-371.14536
LeMans	2	218.71655	-371.04178
LeMans	2	218.82437	-370.93903
LeMans	2	218.93153	-370.8369
LeMans	2	219.03806	-370.73538
LeMans	2	219.14397	-370.6346
LeMans	2	219.2492	-370.5344
LeMans	2	219.3539	-370.43488
LeMans	2	219.45909	-370.33508
LeMans	2	219.56628	-370.23346
LeMans	2	219.67624	-370.12866
LeMans	2	219.78915	-370.0204
LeMans	2	219.90468	-369.9089
LeMans	2	220.02283	-369.7947
LeMans	2	220.14355	-369.6779
LeMans	2	220.26703	-369.55838
LeMans	2	220.39336	-369.43613
LeMans	2	220.52151	-369.3121
LeMans	2	220.64964	-369.18826
LeMans	2	220.77701	-369.06528
LeMans	2	220.90451	-368.94308
LeMans	2	221.03366	-368.82254
LeMans	2	221.16515	-368.7043
LeMans	2	221.29897	-368.58862
LeMans	2	221.43488	-368.4751
LeMans	2	221.57248	-368.36386
LeMans	2	221.71123	-368.25433
LeMans	2	221.8507	-368.14655
LeMans	2	221.99046	-368.04037
LeMans	2	222.13007	-367.9353
LeMans	2	222.26862	-367.83038
LeMans	2	222.40527	-367.72488
LeMans	2	222.5393	-367.61792
LeMans	2	222.66994	-367.5088
LeMans	2	222.79669	-367.3967
LeMans	2	222.91856	-367.2803
LeMans	2	223.03534	-367.15933
LeMans	2	223.1479	-367.03494
LeMans	2	223.2567	-366.90768
LeMans	2	223.36197	-366.7778
LeMans	2	223.4637	-366.64545
LeMans	2	223.56216	-366.51096
LeMans	2	223.65901	-366.3763
LeMans	2	223.75488	-366.24207
LeMans	2	223.84982	-366.10843
LeMans	2	223.94388	-365.97562
LeMans	2	224.03703	-365.84378
LeMans	2	224.12929	-365.7129
LeMans	2	224.2205	-365.58292
LeMans	2	224.31078	-365.45377
LeMans	2	224.40018	-365.32553
LeMans	2	224.48894	-365.19818
LeMans	2	224.57942	-365.07355
LeMans	2	224.67448	-364.95374
LeMans	2	224.77278	-364.83755
LeMans	2	224.87279	-364.7239
LeMans	2	224.9733	-364.61118
LeMans	2	225.07417	-364.49725
LeMans	2	225.1756	-364.3805
LeMans	2	225.27849	-364.2603
LeMans	2	225.38243	-364.13638
LeMans	2	225.48634	-364.00842
LeMans	2	225.58812	-363.87506
LeMans	2	225.68547	-363.7362
LeMans	2	225.77846	-363.5942
LeMans	2	225.86855	-363.4519
LeMans	2	225.95648	-363.30905
LeMans	2	226.04283	-363.16562
LeMans	2	226.12836	-363.02182
LeMans	2	226.21542	-362.87936
LeMans	2	226.30728	-362.74057
LeMans	2	226.4031	-362.60513
LeMans	2	226.50066	-362.4719
LeMans	2	226.5982	-362.33948
LeMans	2	226.69463	-362.2073
LeMans	2	226.78873	-362.07443
LeMans	2	226.87901	-361.94006
LeMans	2	226.963	-361.8026
LeMans	2	227.0411	-361.66245
LeMans	2	227.11559	-361.52112
LeMans	2	227.18744	-361.37912
LeMans	2	227.25711	-361.23688
LeMans	2	227.32489	-361.09467
LeMans	2	227.39107	-360.95264
LeMans	2	227.4563	-360.81113
LeMans	2	227.52309	-360.66943
LeMans	2	227.59448	-360.52777
LeMans	2	227.67049	-360.38507
LeMans	2	227.74997	-360.24097
LeMans	2	227.83212	-360.0957
LeMans	2	227.91731	-359.95062
LeMans	2	228.00551	-359.80804
LeMans	2	228.09543	-359.6684
LeMans	2	228.1836	-359.52875
LeMans	2	228.26857	-359.38858
LeMans	2	228.34865	-359.24597
LeMans	2	228.42166	-359.09924
LeMans	2	228.48749	-358.94852
LeMans	2	228.54774	-358.79495
LeMans	2	228.6032	-358.63922
LeMans	2	228.65704	-358.4832
LeMans	2	228.71458	-358.32968
LeMans	2	228.77644	-358.1796
LeMans	2	228.84113	-358.0323
LeMans	2	228.90671	-357.8869
LeMans	2	228.97226	-357.74277
LeMans	2	229.0368	-357.59952
LeMans	2	229.09866	-357.45633
LeMans	2	229.15666	-357.31235
LeMans	2	229.20836	-357.16602
LeMans	2	229.2516	-357.01654
LeMans	2	229.28854	-356.86523
LeMans	2	229.32138	-356.7131
LeMans	2	229.35095	-356.56082
LeMans	2	229.3776	-356.40875
LeMans	2	229.40152	-356.25702
LeMans	2	229.42287	-356.10593
LeMans	2	229.44179	-355.95557
LeMans	2	229.45839	-355.80615
LeMans	2	229.47322	-355.65778
LeMans	2	229.48639	-355.5104
LeMans	2	229.49812	-355.3642
LeMans	2	229.50888	-355.21915
LeMans	2	229.51918	-355.07364
LeMans	2	229.52904	-354.92535
LeMans	2	229.53915	-354.77252
LeMans	2	229.54935	-354.6154
LeMans	2	229.55852	-354.45395
LeMans	2	229.56775	-354.28815
LeMans	2	229.57759	-354.11905
LeMans	2	229.58728	-353.9501
LeMans	2	229.59302	-353.78183
LeMans	2	229.59857	-353.6155
LeMans	2	229.60431	-353.45004
LeMans	2	229.60983	-353.2857
LeMans	2	229.61755	-353.12158
LeMans	2	229.62543	-352.95718
LeMans	2	229.63947	-352.79382
LeMans	2	229.65785	-352.6312
LeMans	2	229.67787	-352.46985
LeMans	2	229.69923	-352.30878
LeMans	2	229.72488	-352.14847
LeMans	2	229.7464	-351.98874
LeMans	2	229.76717	-351.82922
LeMans	2	229.78513	-351.6713
LeMans	2	229.80151	-351.5133
LeMans	2	229.81335	-351.3558
LeMans	2	229.81789	-351.19882
LeMans	2	229.81404	-351.0426
LeMans	2	229.80408	-350.88812
LeMans	2	229.79117	-350.73425
LeMans	2	229.77605	-350.5811
LeMans	2	229.75903	-350.4287
LeMans	2	229.74068	-350.27734
LeMans	2	229.72357	-350.1267
LeMans	2	229.70647	-349.97662
LeMans	2	229.68806	-349.82755
LeMans	2	229.66855	-349.67944
LeMans	2	229.6482	-349.53238
LeMans	2	229.62718	-349.3862
LeMans	2	229.60515	-349.24017
LeMans	2	229.58179	-349.0903
LeMans	2	229.55829	-348.9343
LeMans	2	229.53415	-348.77313
LeMans	2	229.50917	-348.60834
LeMans	2	229.48312	-348.43994
LeMans	2	229.45644	-348.26923
LeMans	2	229.43024	-348.09833
LeMans	2	229.40675	-347.92874
LeMans	2	229.38873	-347.75912
LeMans	2	229.37283	-347.59125
LeMans	2	229.36125	-347.42157
LeMans	2	229.3522	-347.25085
LeMans	2	229.3443	-347.07983
LeMans	2	229.33775	-346.90762
LeMans	2	229.32962	-346.7362
LeMans	2	229.31873	-346.56662
LeMans	2	229.30594	-346.39926
LeMans	2	229.29012	-346.23428
LeMans	2	229.2696	-346.071
LeMans	2	229.24117	-345.90973
LeMans	2	229.20567	-345.7502
LeMans	2	229.16463	-345.5923
LeMans	2	229.11894	-345.43588
LeMans	2	229.07072	-345.28073
LeMans	2	229.02206	-345.1266
LeMans	2	228.97523	-344.97308
LeMans	2	228.93416	-344.8196
LeMans	2	228.89911	-344.6663
LeMans	2	228.86722	-344.51328
LeMans	2	228.83707	-344.36008
LeMans	2	228.80736	-344.20703
LeMans	2	228.77783	-344.05426
LeMans	2	228.74818	-343.90182
LeMans	2	228.71788	-343.7506
LeMans	2	228.68573	-343.6013
LeMans	2	228.65057	-343.45422
LeMans	2	228.61058	-343.30984
LeMans	2	228.56252	-343.16888
LeMans	2	228.50671	-343.0316
LeMans	2	228.44492	-342.89737
LeMans	2	228.37953	-342.76575
LeMans	2	228.31308	-342.63605
LeMans	2	228.24876	-342.50742
LeMans	2	228.18826	-342.37854
LeMans	2	228.13045	-342.24994
LeMans	2	228.07343	-342.12164
LeMans	2	228.01633	-341.994
LeMans	2	227.95833	-341.868
LeMans	2	227.89792	-341.74472
LeMans	2	227.83261	-341.62573
LeMans	2	227.76056	-341.5123
LeMans	2	227.6836	-341.40402
LeMans	2	227.60353	-341.29984
LeMans	2	227.52124	-341.19943
LeMans	2	227.4373	-341.10257
LeMans	2	227.35205	-341.00882
LeMans	2	227.26573	-340.91812
LeMans	2	227.17863	-340.83023
LeMans	2	227.09082	-340.74506
LeMans	2	227.00168	-340.66153
LeMans	2	226.9099	-340.57776
LeMans	2	226.815	-340.49225
LeMans	2	226.71669	-340.40445
LeMans	2	226.61476	-340.31494
LeMans	2	226.50922	-340.22455
LeMans	2	226.4	-340.13358
LeMans	2	226.28685	-340.04233
LeMans	2	226.1707	-339.95227
LeMans	2	226.05377	-339.8658
LeMans	2	225.93578	-339.78165
LeMans	2	225.81616	-339.69934
LeMans	2	225.69667	-339.6178
LeMans	2	225.57591	-339.5366
LeMans	2	225.45552	-339.45547
LeMans	2	225.33636	-339.3742
LeMans	2	225.21889	-339.29218
LeMans	2	225.10393	-339.20883
LeMans	2	224.9932	-339.12396
LeMans	2	224.88333	-339.04025
LeMans	2	224.77388	-338.95502
LeMans	2	224.66968	-338.86456
LeMans	2	224.56909	-338.76834
LeMans	2	224.47478	-338.67227
LeMans	2	224.38533	-338.57483
LeMans	2	224.29813	-338.4799
LeMans	2	224.20815	-338.38742
LeMans	2	224.11952	-338.29245
LeMans	2	224.03268	-338.1925
LeMans	2	223.94736	-338.09402
LeMans	2	223.86499	-337.99594
LeMans	2	223.7837	-337.89624
LeMans	2	223.70203	-337.79678
LeMans	2	223.61847	-337.6962
LeMans	2	223.53342	-337.59366
LeMans	2	223.44757	-337.49023
LeMans	2	223.35349	-337.38184
LeMans	2	223.25299	-337.26846
LeMans	2	223.15068	-337.15378
LeMans	2	223.04611	-337.0381
LeMans	2	222.93983	-336.92313
LeMans	2	222.83368	-336.81174
LeMans	2	222.72835	-336.70416
LeMans	2	222.62329	-336.5973
LeMans	2	222.51433	-336.4949
LeMans	2	222.40218	-336.3962
LeMans	2	222.28763	-336.3004
LeMans	2	222.17119	-336.20703
LeMans	2	222.05484	-336.1143
LeMans	2	221.94043	-336.02036
LeMans	2	221.82823	-335.925
LeMans	2	221.71902	-335.82755
LeMans	2	221.6133	-335.72733
LeMans	2	221.51213	-335.62335
LeMans	2	221.41536	-335.5157
LeMans	2	221.3221	-335.40543
LeMans	2	221.23152	-335.29346
LeMans	2	221.1421	-335.18152
LeMans	2	221.05344	-335.07
LeMans	2	220.96541	-334.95914
LeMans	2	220.87796	-334.84885
LeMans	2	220.79109	-334.73938
LeMans	2	220.70483	-334.6306
LeMans	2	220.61922	-334.5226
LeMans	2	220.53429	-334.41537
LeMans	2	220.45013	-334.30893
LeMans	2	220.36646	-334.20352
LeMans	2	220.28152	-334.10062
LeMans	2	220.1938	-333.99844
LeMans	2	220.10272	-333.89426
LeMans	2	220.00761	-333.78757
LeMans	2	219.90862	-333.67905
LeMans	2	219.80612	-333.56876
LeMans	2	219.70042	-333.45654
LeMans	2	219.59125	-333.34326
LeMans	2	219.47935	-333.23175
LeMans	2	219.36583	-333.12415
LeMans	2	219.254	-333.0172
LeMans	2	219.14539	-332.9078
LeMans	2	219.04048	-332.79477
LeMans	2	218.94151	-332.67648
LeMans	2	218.84814	-332.55328
LeMans	2	218.75906	-332.42624
LeMans	2	218.67378	-332.2962
LeMans	2	218.59174	-332.16382
LeMans	2	218.51318	-332.02942
LeMans	2	218.438	-331.8933
LeMans	2	218.36589	-331.756
LeMans	2	218.29472	-331.61746
LeMans	2	218.22232	-331.47656
LeMans	2	218.14923	-331.3318
LeMans	2	218.07587	-331.18277
LeMans	2	218.00224	-331.03003
LeMans	2	217.92824	-330.87375
LeMans	2	217.85417	-330.714
LeMans	2	217.78082	-330.55106
LeMans	2	217.70798	-330.3883
LeMans	2	217.63402	-330.22766
LeMans	2	217.55768	-330.0698
LeMans	2	217.47778	-329.9146
LeMans	2	217.39342	-329.7616
LeMans	2	217.30406	-329.6115
LeMans	2	217.21027	-329.46426
LeMans	2	217.11296	-329.31955
LeMans	2	217.01259	-329.17722
LeMans	2	216.91304	-329.0351
LeMans	2	216.81781	-328.89145
LeMans	2	216.72751	-328.74597
LeMans	2	216.64162	-328.5994
LeMans	2	216.5589	-328.45248
LeMans	2	216.47847	-328.30585
LeMans	2	216.39928	-328.16016
LeMans	2	216.32024	-328.01593
LeMans	2	216.2403	-327.87366
LeMans	2	216.15855	-327.7339
LeMans	2	216.07405	-327.59702
LeMans	2	215.98502	-327.464
LeMans	2	215.89046	-327.33524
LeMans	2	215.7916	-327.21014
LeMans	2	215.68925	-327.0883
LeMans	2	215.58482	-326.9688
LeMans	2	215.47968	-326.85098
LeMans	2	215.37419	-326.7346
LeMans	2	215.26862	-326.6196
LeMans	2	215.16312	-326.50595
LeMans	2	215.05797	-326.3936
LeMans	2	214.95334	-326.2824
LeMans	2	214.8493	-326.1725
LeMans	2	214.74593	-326.0637
LeMans	2	214.64317	-325.9561
LeMans	2	214.54108	-325.8496
LeMans	2	214.43953	-325.7441
LeMans	2	214.33807	-325.6392
LeMans	2	214.23572	-325.53375
LeMans	2	214.13156	-325.4265
LeMans	2	214.0257	-325.31693
LeMans	2	213.918	-325.20493
LeMans	2	213.80846	-325.0904
LeMans	2	213.69702	-324.97336
LeMans	2	213.58377	-324.85397
LeMans	2	213.4685	-324.73215
LeMans	2	213.35118	-324.6078
LeMans	2	213.23174	-324.48083
LeMans	2	213.11005	-324.35126
LeMans	2	212.98611	-324.21906
LeMans	2	212.85976	-324.08417
LeMans	2	212.73091	-323.9465
LeMans	2	212.59937	-323.80597
LeMans	2	212.46503	-323.66248
LeMans	2	212.32787	-323.516
LeMans	2	212.18782	-323.3665
LeMans	2	212.04488	-323.21393
LeMans	2	211.89906	-323.0583
LeMans	2	211.75037	-322.89957
LeMans	2	211.59885	-322.73782
LeMans	2	211.4445	-322.57303
LeMans	2	211.28732	-322.4052
LeMans	2	211.12727	-322.23438
LeMans	2	210.96443	-322.0605
LeMans	2	210.79878	-321.88364
LeMans	2	210.6303	-321.70374
LeMans	2	210.45901	-321.52087
LeMans	2	210.28503	-321.33514
LeMans	2	210.10857	-321.14676
LeMans	2	209.93056	-320.9567
LeMans	2	209.75201	-320.76608
LeMans	2	209.57332	-320.57538
LeMans	2	209.39523	-320.3853
LeMans	2	209.21774	-320.1959
LeMans	2	209.04083	-320.00708
LeMans	2	208.86449	-319.8189
LeMans	2	208.6882	-319.63077
LeMans	2	208.5131	-319.44397
LeMans	2	208.33868	-319.25787
LeMans	2	208.16408	-319.07156
LeMans	2	207.9876	-318.8833
LeMans	2	207.80841	-318.6922
LeMans	2	207.6267	-318.49838
LeMans	2	207.44284	-318.3023
LeMans	2	207.25702	-318.1041
LeMans	2	207.06927	-317.9038
LeMans	2	206.88025	-317.7022
LeMans	2	206.69115	-317.50058
LeMans	2	206.50279	-317.2997
LeMans	2	206.31544	-317.09995
LeMans	2	206.12883	-316.901
LeMans	2	205.94273	-316.70258
LeMans	2	205.75716	-316.50473
LeMans	2	205.57213	-316.3075
LeMans	2	205.3877	-316.11093
LeMans	2	205.20367	-315.9148
LeMans	2	205.019	-315.718
LeMans	2	204.83209	-315.51877
LeMans	2	204.64201	-315.3165
LeMans	2	204.44736	-315.11243
LeMans	2	204.24731	-314.90738
LeMans	2	204.04254	-314.70096
LeMans	2	203.83406	-314.49225
LeMans	2	203.62224	-314.28098
LeMans	2	203.40758	-314.06677
LeMans	2	203.19016	-313.84912
LeMans	2	202.97025	-313.62695
LeMans	2	202.74806	-313.39923
LeMans	2	202.52417	-313.1652
LeMans	2	202.299	-312.9244
LeMans	2	202.0722	-312.67877
LeMans	2	201.8441	-312.42786
LeMans	2	201.61407	-312.17142
LeMans	2	201.38142	-311.90985
LeMans	2	201.14548	-311.6434
LeMans	2	200.90585	-311.37225
LeMans	2	200.66228	-311.09644
LeMans	2	200.41415	-310.8154
LeMans	2	200.16145	-310.52887
LeMans	2	199.90479	-310.23752
LeMans	2	199.64406	-309.9414
LeMans	2	199.3792	-309.6404
LeMans	2	199.11008	-309.3345
LeMans	2	198.83713	-309.02414
LeMans	2	198.56136	-308.7104
LeMans	2	198.28322	-308.39392
LeMans	2	198.00276	-308.0748
LeMans	2	197.71992	-307.753
LeMans	2	197.43463	-307.42834
LeMans	2	197.14694	-307.10098
LeMans	2	196.85704	-306.77097
LeMans	2	196.56601	-306.43967
LeMans	2	196.27199	-306.10587
LeMans	2	195.97261	-305.76926
LeMans	2	195.66582	-305.43076
LeMans	2	195.35219	-305.0897
LeMans	2	195.03308	-304.7449
LeMans	2	194.71013	-304.39508
LeMans	2	194.38493	-304.0387
LeMans	2	194.05821	-303.67587
LeMans	2	193.72949	-303.30847
LeMans	2	193.39879	-302.93713
LeMans	2	193.06581	-302.56223
LeMans	2	192.7303	-302.18393
LeMans	2	192.39206	-301.80222
LeMans	2	192.05133	-301.41766
LeMans	2	191.7078	-301.02994
LeMans	2	191.36064	-300.63815
LeMans	2	191.00931	-300.2419
LeMans	2	190.65352	-299.841
LeMans	2	190.29312	-299.4353
LeMans	2	189.92815	-299.02466
LeMans	2	189.5588	-298.60916
LeMans	2	189.18576	-298.18924
LeMans	2	188.80931	-297.76532
LeMans	2	188.42964	-297.33762
LeMans	2	188.04681	-296.90628
LeMans	2	187.66084	-296.47128
LeMans	2	187.27171	-296.03262
LeMans	2	186.8794	-295.59024
LeMans	2	186.48376	-295.14404
LeMans	2	186.08484	-294.69403
LeMans	2	185.68243	-294.23996
LeMans	2	185.27647	-293.78183
LeMans	2	184.86707	-293.31967
LeMans	2	184.45467	-292.85416
LeMans	2	184.03882	-292.38474
LeMans	2	183.6191	-291.91086
LeMans	2	183.19513	-291.43222
LeMans	2	182.7668	-290.94858
LeMans	2	182.33386	-290.4597
LeMans	2	181.89645	-289.96567
LeMans	2	181.4549	-289.46686
LeMans	2	181.00957	-288.9638
LeMans	2	180.56152	-288.45764
LeMans	2	180.11043	-287.94806
LeMans	2	179.65579	-287.43518
LeMans	2	179.19714	-286.9194
LeMans	2	178.73494	-286.4004
LeMans	2	178.26968	-285.8777
LeMans	2	177.802	-285.35068
LeMans	2	177.33171	-284.81934
LeMans	2	176.85738	-284.28287
LeMans	2	176.37929	-283.742
LeMans	2	175.89789	-283.19672
LeMans	2	175.41316	-282.647
LeMans	2	174.92491	-282.09296
LeMans	2	174.43495	-281.5368
LeMans	2	173.94304	-280.97824
LeMans	2	173.44833	-280.41647
LeMans	2	172.95029	-279.85098
LeMans	2	172.44861	-279.28143
LeMans	2	171.94312	-278.70764
LeMans	2	171.43373	-278.12946
LeMans	2	170.92033	-277.54675
LeMans	2	170.40286	-276.9594
LeMans	2	169.88148	-276.36758
LeMans	2	169.35638	-275.77142
LeMans	2	168.8285	-275.1721
LeMans	2	168.29759	-274.56976
LeMans	2	167.76208	-273.9651
LeMans	2	167.22163	-273.35837
LeMans	2	166.67651	-272.74945
LeMans	2	166.12701	-272.1381
LeMans	2	165.57352	-271.52396
LeMans	2	165.01663	-270.90652
LeMans	2	164.45699	-270.28528
LeMans	2	163.8942	-269.6587
LeMans	2	163.32907	-269.02637
LeMans	2	162.76292	-268.38788
LeMans	2	162.1966	-267.74252
LeMans	2	161.62927	-267.09088
LeMans	2	161.0602	-266.43338
LeMans	2	160.49113	-265.77274
LeMans	2	159.92285	-265.10794
LeMans	2	159.35405	-264.43866
LeMans	2	158.78351	-263.76526
LeMans	2	158.2102	-263.0878
LeMans	2	157.6336	-262.40643
LeMans	2	157.05344	-261.72107
LeMans	2	156.46965	-261.0317
LeMans	2	155.88222	-260.3381
LeMans	2	155.29121	-259.6402
LeMans	2	154.69691	-258.93793
LeMans	2	154.09937	-258.23135
LeMans	2	153.49857	-257.52063
LeMans	2	152.89452	-256.80576
LeMans	2	152.28743	-256.08704
LeMans	2	151.67747	-255.36472
LeMans	2	151.06471	-254.63892
LeMans	2	150.44916	-253.90964
LeMans	2	149.83076	-253.17686
LeMans	2	149.20956	-252.4406
LeMans	2	148.58551	-251.70079
LeMans	2	147.95898	-250.95795
LeMans	2	147.3309	-250.21338
LeMans	2	146.70088	-249.46661
LeMans	2	146.0686	-248.71722
LeMans	2	145.43376	-247.96468
LeMans	2	144.79604	-247.20866
LeMans	2	144.15523	-246.4489
LeMans	2	143.5113	-245.68536
LeMans	2	142.86426	-244.9181
LeMans	2	142.21413	-244.14716
LeMans	2	141.561	-243.37263
LeMans	2	140.90489	-242.59454
LeMans	2	140.24583	-241.81293
LeMans	2	139.58383	-241.02779
LeMans	2	138.91895	-240.2392
LeMans	2	138.25117	-239.44719
LeMans	2	137.58057	-238.65175
LeMans	2	136.9072	-237.85303
LeMans	2	136.23105	-237.05101
LeMans	2	135.55214	-236.24568
LeMans	2	134.8705	-235.43706
LeMans	2	134.18617	-234.62505
LeMans	2	133.50044	-233.80916
LeMans	2	132.8155	-232.98894
LeMans	2	132.13141	-232.16316
LeMans	2	131.44748	-231.33127
LeMans	2	130.76251	-230.49286
LeMans	2	130.07593	-229.64983
LeMans	2	129.38638	-228.80351
LeMans	2	128.6927	-227.95505
LeMans	2	127.99381	-227.10515
LeMans	2	127.28891	-226.25441
LeMans	2	126.57663	-225.40396
LeMans	2	125.8566	-224.55426
LeMans	2	125.13257	-223.70238
LeMans	2	124.404015	-222.84885
LeMans	2	123.67112	-221.99371
LeMans	2	122.93449	-221.1365
LeMans	2	122.19462	-220.27693
LeMans	2	121.451775	-219.41476
LeMans	2	120.7061	-218.54994
LeMans	2	119.95768	-217.68242
LeMans	2	119.20654	-216.81215
LeMans	2	118.452675	-215.93903
LeMans	2	117.69611	-215.06306
LeMans	2	116.936905	-214.18417
LeMans	2	116.174995	-213.3023
LeMans	2	115.41043	-212.41736
LeMans	2	114.64326	-211.52937
LeMans	2	113.87345	-210.63826
LeMans	2	113.10104	-209.7441
LeMans	2	112.32605	-208.84677
LeMans	2	111.54846	-207.94637
LeMans	2	110.76827	-207.04286
LeMans	2	109.985504	-206.1363
LeMans	2	109.20021	-205.22673
LeMans	2	108.41249	-204.31435
LeMans	2	107.6224	-203.39917
LeMans	2	106.830086	-202.48138
LeMans	2	106.03545	-201.56091
LeMans	2	105.23856	-200.63783
LeMans	2	104.439384	-199.71213
LeMans	2	103.6379	-198.78375
LeMans	2	102.83411	-197.85274
LeMans	2	102.02968	-196.92096
LeMans	2	101.226425	-195.99055
LeMans	2	100.42484	-195.06216
LeMans	2	99.624344	-194.13504
LeMans	2	98.82446	-193.20866
LeMans	2	98.02513	-192.28296
LeMans	2	97.22647	-191.35806
LeMans	2	96.42864	-190.43411
LeMans	2	95.631836	-189.51143
LeMans	2	94.83615	-188.59004
LeMans	2	94.04161	-187.67001
LeMans	2	93.24843	-186.75157
LeMans	2	92.4567	-185.83485
LeMans	2	91.66659	-184.92001
LeMans	2	90.87825	-184.0073
LeMans	2	90.0917	-183.09668
LeMans	2	89.307	-182.18819
LeMans	2	88.52428	-181.28175
LeMans	2	87.743774	-180.37724
LeMans	2	86.96855	-179.47206
LeMans	2	86.19951	-178.56538
LeMans	2	85.435715	-177.65802
LeMans	2	84.675964	-176.75099
LeMans	2	83.91873	-175.84541
LeMans	2	83.162254	-174.94185
LeMans	2	82.406296	-174.0422
LeMans	2	81.64952	-173.14648
LeMans	2	80.89125	-172.25539
LeMans	2	80.13007	-171.37015
LeMans	2	79.36495	-170.4917
LeMans	2	78.6002	-169.61655
LeMans	2	77.83549	-168.745
LeMans	2	77.07041	-167.87723
LeMans	2	76.3056	-167.01263
LeMans	2	75.54161	-166.15085
LeMans	2	74.77866	-165.29152
LeMans	2	74.0169	-164.43451
LeMans	2	73.25706	-163.58044
LeMans	2	72.49928	-162.72932
LeMans	2	71.74326	-161.8807
LeMans	2	70.98895	-161.03441
LeMans	2	70.23637	-160.19032
LeMans	2	69.48556	-159.34839
LeMans	2	68.73639	-158.50865
LeMans	2	67.9878	-157.67197
LeMans	2	67.23854	-156.83957
LeMans	2	66.48811	-156.01187
LeMans	2	65.73668	-155.18878
LeMans	2	64.98465	-154.37004
LeMans	2	64.23235	-153.55518
LeMans	2	63.480434	-152.74371
LeMans	2	62.729935	-151.9347
LeMans	2	61.98196	-151.12697
LeMans	2	61.237514	-150.31961
LeMans	2	60.49742	-149.51186
LeMans	2	59.76172	-148.70226
LeMans	2	59.032997	-147.89139
LeMans	2	58.312534	-147.07666
LeMans	2	57.598633	-146.26006
LeMans	2	56.88967	-145.44307
LeMans	2	56.18514	-144.6261
LeMans	2	55.484154	-143.8099
LeMans	2	54.78616	-142.9949
LeMans	2	54.090794	-142.18126
LeMans	2	53.397865	-141.36906
LeMans	2	52.7073	-140.55844
LeMans	2	52.019012	-139.74947
LeMans	2	51.332905	-138.9422
LeMans	2	50.648907	-138.1367
LeMans	2	49.966927	-137.33308
LeMans	2	49.28688	-136.53139
LeMans	2	48.608646	-135.73161
LeMans	2	47.932148	-134.93378
LeMans	2	47.257366	-134.13797
LeMans	2	46.584248	-133.3442
LeMans	2	45.91192	-132.55322
LeMans	2	45.238018	-131.76715
LeMans	2	44.56134	-130.9869
LeMans	2	43.882015	-130.21233
LeMans	2	43.201405	-129.44234
LeMans	2	42.52079	-128.67578
LeMans	2	41.841644	-127.91135
LeMans	2	41.16534	-127.14773
LeMans	2	40.49303	-126.38397
LeMans	2	39.82576	-125.61911
LeMans	2	39.16547	-124.851425
LeMans	2	38.51277	-124.08055
LeMans	2	37.865364	-123.3087
LeMans	2	37.222702	-122.536385
LeMans	2	36.583675	-121.76446
LeMans	2	35.947647	-120.9935
LeMans	2	35.314304	-120.22381
LeMans	2	34.6834	-119.45548
LeMans	2	34.054733	-118.68858
LeMans	2	33.42821	-117.92319
LeMans	2	32.80371	-117.1594
LeMans	2	32.18109	-116.39723
LeMans	2	31.560265	-115.636765
LeMans	2	30.94121	-114.878105
LeMans	2	30.323915	-114.12137
LeMans	2	29.708221	-113.36654
LeMans	2	29.093773	-112.61335
LeMans	2	28.480904	-111.862305
LeMans	2	27.869392	-111.11319
LeMans	2	27.259155	-110.36597
LeMans	2	26.6502	-109.62059
LeMans	2	26.042747	-108.87736
LeMans	2	25.436672	-108.13613
LeMans	2	24.831936	-107.39687
LeMans	2	24.228493	-106.6595
LeMans	2	23.626408	-105.92406
LeMans	2	23.025602	-105.19043
LeMans	2	22.425999	-104.45866
LeMans	2	21.826551	-103.72994
LeMans	2	21.226225	-103.00523
LeMans	2	20.622663	-102.28634
LeMans	2	20.016668	-101.57251
LeMans	2	19.409328	-100.86287
LeMans	2	18.801495	-100.156715
LeMans	2	18.194258	-99.45295
LeMans	2	17.58906	-98.75033
LeMans	2	16.987286	-98.04795
LeMans	2	16.389996	-97.344826
LeMans	2	15.79844	-96.6398
LeMans	2	15.215133	-95.930664
LeMans	2	14.638991	-95.21872
LeMans	2	14.068251	-94.50551
LeMans	2	13.501639	-93.792114
LeMans	2	12.938209	-93.07933
LeMans	2	12.377503	-92.36759
LeMans	2	11.819163	-91.657036
LeMans	2	11.262931	-90.947716
LeMans	2	10.70867	-90.23972
LeMans	2	10.156311	-89.53318
LeMans	2	9.605712	-88.82813
LeMans	2	9.0567665	-88.12465
LeMans	2	8.509408	-87.42281
LeMans	2	7.9636016	-86.7227
LeMans	2	7.4192486	-86.02436
LeMans	2	6.876246	-85.32778
LeMans	2	6.3345284	-84.63296
LeMans	2	5.7940598	-83.93994
LeMans	2	5.2547903	-83.24872
LeMans	2	4.716698	-82.559296
LeMans	2	4.1798234	-81.87173
LeMans	2	3.6441875	-81.18606
LeMans	2	3.109772	-80.502266
LeMans	2	2.5765545	-79.82031
LeMans	2	2.0445256	-79.14016
LeMans	2	1.5137336	-78.46183
LeMans	2	0.98419166	-77.7853
LeMans	2	0.45590395	-77.11053
LeMans	2	-0.0711109	-76.437515
LeMans	2	-0.5968201	-75.76626
LeMans	2	-1.1212281	-75.09673
LeMans	2	-1.6443274	-74.42895
LeMans	2	-2.166099	-73.762886
LeMans	2	-2.686575	-73.09851
LeMans	2	-3.2057443	-72.43583
LeMans	2	-3.7236204	-71.77482
LeMans	2	-4.239728	-71.11607
LeMans	2	-4.7535152	-70.46029
LeMans	2	-5.2654004	-69.80693
LeMans	2	-5.775573	-69.155754
LeMans	2	-6.2840495	-68.506744
LeMans	2	-6.7908726	-67.85984
LeMans	2	-7.296099	-67.21496
LeMans	2	-7.7994056	-66.57252
LeMans	2	-8.300606	-65.93273
LeMans	2	-8.802474	-65.29206
LeMans	2	-9.306977	-64.64806
LeMans	2	-9.8150625	-63.9995
LeMans	2	-10.327037	-63.345985
LeMans	2	-10.842878	-62.68752
LeMans	2	-11.362547	-62.02416
LeMans	2	-11.885808	-61.35622
LeMans	2	-12.412542	-60.683846
LeMans	2	-12.942681	-60.007103
LeMans	2	-13.476186	-59.32604
LeMans	2	-14.013058	-58.640633
LeMans	2	-14.55325	-57.950962
LeMans	2	-15.096777	-57.256992
LeMans	2	-15.643646	-56.55871
LeMans	2	-16.193895	-55.85608
LeMans	2	-16.746813	-55.149998
LeMans	2	-17.300148	-54.44333
LeMans	2	-17.852167	-53.73829
LeMans	2	-18.40219	-53.03578
LeMans	2	-18.95019	-52.33579
LeMans	2	-19.497908	-51.63613
LeMans	2	-20.04541	-50.93675
LeMans	2	-20.592459	-50.237904
LeMans	2	-21.13891	-49.539795
LeMans	2	-21.6845	-48.84274
LeMans	2	-22.23145	-48.14391
LeMans	2	-22.774544	-47.449886
LeMans	2	-23.31517	-46.75682
LeMans	2	-23.851706	-46.063564
LeMans	2	-24.383997	-45.370174
LeMans	2	-24.912462	-44.677265
LeMans	2	-25.437668	-43.98537
LeMans	2	-25.960129	-43.294983
LeMans	2	-26.480198	-42.606567
LeMans	2	-26.998152	-41.920486
LeMans	2	-27.514381	-41.236877
LeMans	2	-28.02955	-40.556107
LeMans	2	-28.544704	-39.878857
LeMans	2	-29.06111	-39.20617
LeMans	2	-29.579487	-38.538456
LeMans	2	-30.097656	-37.874134
LeMans	2	-30.613682	-37.211563
LeMans	2	-31.127132	-36.550625
LeMans	2	-31.639343	-35.89214
LeMans	2	-32.153255	-35.238205
LeMans	2	-32.67039	-34.590034
LeMans	2	-33.18929	-33.94694
LeMans	2	-33.70953	-33.30855
LeMans	2	-34.22997	-32.673912
LeMans	2	-34.749943	-32.042454
LeMans	2	-35.26908	-31.41391
LeMans	2	-35.787453	-30.788015
LeMans	2	-36.305992	-30.16564
LeMans	2	-36.825867	-29.547995
LeMans	2	-37.347584	-28.935375
LeMans	2	-37.870964	-28.327599
LeMans	2	-38.395214	-27.724257
LeMans	2	-38.91927	-27.124054
LeMans	2	-39.441795	-26.525837
LeMans	2	-39.96169	-25.92864
LeMans	2	-40.47807	-25.3317
LeMans	2	-40.990105	-24.734505
LeMans	2	-41.49716	-24.136305
LeMans	2	-41.99789	-23.536062
LeMans	2	-42.490517	-22.932268
LeMans	2	-42.978188	-22.327753
LeMans	2	-43.462296	-21.7238
LeMans	2	-43.943172	-21.120724
LeMans	2	-44.4216	-20.519062
LeMans	2	-44.898037	-19.919079
LeMans	2	-45.37268	-19.320929
LeMans	2	-45.845642	-18.724648
LeMans	2	-46.316944	-18.130323
LeMans	2	-46.78667	-17.53794
LeMans	2	-47.254852	-16.947536
LeMans	2	-47.72153	-16.3591
LeMans	2	-48.186672	-15.772732
LeMans	2	-48.650345	-15.188373
LeMans	2	-49.112568	-14.606002
LeMans	2	-49.573338	-14.025614
LeMans	2	-50.03165	-13.448379
LeMans	2	-50.48904	-12.872337
LeMans	2	-50.94798	-12.294454
LeMans	2	-51.409958	-11.7128725
LeMans	2	-51.87563	-11.126759
LeMans	2	-52.34505	-10.53598
LeMans	2	-52.818184	-9.940581
LeMans	2	-53.294876	-9.340711
LeMans	2	-53.775017	-8.736512
LeMans	2	-54.258564	-8.128095
LeMans	2	-54.74543	-7.5155573
LeMans	2	-55.23556	-6.898941
LeMans	2	-55.72892	-6.278249
LeMans	2	-56.22557	-5.6533933
LeMans	2	-56.725525	-5.0243278
LeMans	2	-57.22884	-4.3910093
LeMans	2	-57.735428	-3.7535152
LeMans	2	-58.245228	-3.1119068
LeMans	2	-58.758198	-2.4662437
LeMans	2	-59.274303	-1.8165667
LeMans	2	-59.793427	-1.163063
LeMans	2	-60.315464	-0.5058894
LeMans	2	-60.8404	0.15494964
LeMans	2	-61.368137	0.8193341
LeMans	2	-61.898506	1.4870722
LeMans	2	-62.431435	2.1580613
LeMans	2	-62.966877	2.8322513
LeMans	2	-63.50492	3.509753
LeMans	2	-64.0456	4.1906095
LeMans	2	-64.58849	4.874261
LeMans	2	-65.132126	5.55889
LeMans	2	-65.674995	6.2426023
LeMans	2	-66.216705	6.924891
LeMans	2	-66.75768	7.606295
LeMans	2	-67.298065	8.286983
LeMans	2	-67.8378	8.96687
LeMans	2	-68.37671	9.645762
LeMans	2	-68.91437	10.323094
LeMans	2	-69.4501	10.998056
LeMans	2	-69.98545	11.672544
LeMans	2	-70.52182	12.348342
LeMans	2	-71.060165	13.026638
LeMans	2	-71.60096	13.708054
LeMans	2	-72.14432	14.392717
LeMans	2	-72.69007	15.080428
LeMans	2	-73.237755	15.770597
LeMans	2	-73.78585	16.461317
LeMans	2	-74.33281	17.150646
LeMans	2	-74.87829	17.838139
LeMans	2	-75.42269	18.524338
LeMans	2	-75.96552	19.208574
LeMans	2	-76.50708	19.891245
LeMans	2	-77.04735	20.572313
LeMans	2	-77.58628	21.251734
LeMans	2	-78.12385	21.929457
LeMans	2	-78.65904	22.604223
LeMans	2	-79.192856	23.27729
LeMans	2	-79.72747	23.951385
LeMans	2	-80.26412	24.628086
LeMans	2	-80.803375	25.308102
LeMans	2	-81.345436	25.991669
LeMans	2	-81.89024	26.67874
LeMans	2	-82.437744	27.36922
LeMans	2	-82.98776	28.062918
LeMans	2	-83.54023	28.759718
LeMans	2	-84.09509	29.45956
LeMans	2	-84.65225	30.162321
LeMans	2	-85.21105	30.86718
LeMans	2	-85.77014	31.572428
LeMans	2	-86.32814	32.276314
LeMans	2	-86.88475	32.97848
LeMans	2	-87.44039	33.67946
LeMans	2	-87.99517	34.37941
LeMans	2	-88.54908	35.078255
LeMans	2	-89.10196	35.77584
LeMans	2	-89.65375	36.47207
LeMans	2	-90.20431	37.16677
LeMans	2	-90.753525	37.859802
LeMans	2	-91.301285	38.551044
LeMans	2	-91.84762	39.24048
LeMans	2	-92.3921	39.927624
LeMans	2	-92.9348	40.612545
LeMans	2	-93.47571	41.29525
LeMans	2	-94.014755	41.975628
LeMans	2	-94.55191	42.653656
LeMans	2	-95.08717	43.329327
LeMans	2	-95.62065	44.002758
LeMans	2	-96.15232	44.673935
LeMans	2	-96.68218	45.34287
LeMans	2	-97.21026	46.009583
LeMans	2	-97.73662	46.674168
LeMans	2	-98.261284	47.33665
LeMans	2	-98.784256	47.99701
LeMans	2	-99.30553	48.655254
LeMans	2	-99.8251	49.311405
LeMans	2	-100.343025	49.965477
LeMans	2	-100.859276	50.61747
LeMans	2	-101.37388	51.267395
LeMans	2	-101.886826	51.915268
LeMans	2	-102.398125	52.56108
LeMans	2	-102.90779	53.20486
LeMans	2	-103.41581	53.846592
LeMans	2	-103.92231	54.486435
LeMans	2	-104.42705	55.124077
LeMans	2	-104.93015	55.759663
LeMans	2	-105.431625	56.393234
LeMans	2	-105.9315	57.024803
LeMans	2	-106.42974	57.654335
LeMans	2	-106.92635	58.281807
LeMans	2	-107.42135	58.907265
LeMans	2	-107.91494	59.53098
LeMans	2	-108.4067	60.152412
LeMans	2	-108.89682	60.7718
LeMans	2	-109.38534	61.389168
LeMans	2	-109.87223	62.00451
LeMans	2	-110.357506	62.617836
LeMans	2	-110.84118	63.229153
LeMans	2	-111.32324	63.83846
LeMans	2	-111.80371	64.445755
LeMans	2	-112.28255	65.05103
LeMans	2	-112.75978	65.65431
LeMans	2	-113.23543	66.255585
LeMans	2	-113.70946	66.85487
LeMans	2	-114.18192	67.452156
LeMans	2	-114.652794	68.04746
LeMans	2	-115.12208	68.64079
LeMans	2	-115.58985	69.23221
LeMans	2	-116.05603	69.82166
LeMans	2	-116.520775	70.40932
LeMans	2	-116.98383	70.99483
LeMans	2	-117.44533	71.57841
LeMans	2	-117.90526	72.16004
LeMans	2	-118.36363	72.73971
LeMans	2	-118.82045	73.31744
LeMans	2	-119.27571	73.89322
LeMans	2	-119.72946	74.46712
LeMans	2	-120.18169	75.03911
LeMans	2	-120.6324	75.6092
LeMans	2	-121.08156	76.17735
LeMans	2	-121.5292	76.7436
LeMans	2	-121.97532	77.30796
LeMans	2	-122.41991	77.87041
LeMans	2	-122.863	78.43098
LeMans	2	-123.30465	78.98975
LeMans	2	-123.744705	79.546524
LeMans	2	-124.18328	80.101425
LeMans	2	-124.62036	80.65447
LeMans	2	-125.05595	81.205666
LeMans	2	-125.49004	81.75499
LeMans	2	-125.922646	82.30245
LeMans	2	-126.35377	82.84805
LeMans	2	-126.78343	83.39183
LeMans	2	-127.21161	83.93374
LeMans	2	-127.638336	84.473816
LeMans	2	-128.0636	85.01207
LeMans	2	-128.4874	85.548515
LeMans	2	-128.90973	86.083115
LeMans	2	-129.33063	86.61591
LeMans	2	-129.75008	87.14691
LeMans	2	-130.1681	87.676125
LeMans	2	-130.5847	88.20354
LeMans	2	-130.99985	88.72911
LeMans	2	-131.41364	89.253006
LeMans	2	-131.82588	89.77494
LeMans	2	-132.23677	90.29514
LeMans	2	-132.64627	90.81364
LeMans	2	-133.05437	91.33039
LeMans	2	-133.46104	91.84539
LeMans	2	-133.86626	92.35851
LeMans	2	-134.27011	92.86996
LeMans	2	-134.67259	93.37968
LeMans	2	-135.07365	93.88761
LeMans	2	-135.47334	94.3938
LeMans	2	-135.87161	94.89823
LeMans	2	-136.26852	95.400955
LeMans	2	-136.66406	95.90196
LeMans	2	-137.05823	96.40121
LeMans	2	-137.45102	96.89872
LeMans	2	-137.84239	97.394516
LeMans	2	-138.23244	97.88861
LeMans	2	-138.62112	98.38098
LeMans	2	-139.00842	98.871635
LeMans	2	-139.3944	99.3606
LeMans	2	-139.779	99.84786
LeMans	2	-140.16228	100.33343
LeMans	2	-140.54419	100.81728
LeMans	2	-140.92479	101.29947
LeMans	2	-141.30405	101.77999
LeMans	2	-141.68123	102.25789
LeMans	2	-142.05785	102.735085
LeMans	2	-142.4359	103.214096
LeMans	2	-142.81645	103.69632
LeMans	2	-143.1999	104.18218
LeMans	2	-143.58627	104.67175
LeMans	2	-143.97548	105.16495
LeMans	2	-144.36743	105.66166
LeMans	2	-144.76207	106.16174
LeMans	2	-145.15932	106.665146
LeMans	2	-145.5591	107.17177
LeMans	2	-145.9614	107.68159
LeMans	2	-146.36617	108.194565
LeMans	2	-146.7734	108.710655
LeMans	2	-147.18306	109.22983
LeMans	2	-147.59512	109.75206
LeMans	2	-148.00958	110.27733
LeMans	2	-148.42642	110.80564
LeMans	2	-148.84569	111.33703
LeMans	2	-149.26741	111.87155
LeMans	2	-149.69164	112.40925
LeMans	2	-150.1184	112.950134
LeMans	2	-150.54768	113.49426
LeMans	2	-150.97952	114.04164
LeMans	2	-151.41393	114.59227
LeMans	2	-151.85088	115.14613
LeMans	2	-152.29034	115.70318
LeMans	2	-152.7323	116.2634
LeMans	2	-153.17673	116.82677
LeMans	2	-153.62358	117.3932
LeMans	2	-154.07275	117.962616
LeMans	2	-154.52365	118.534195
LeMans	2	-154.97505	119.106445
LeMans	2	-155.42569	119.677734
LeMans	2	-155.87543	120.24789
LeMans	2	-156.32443	120.81712
LeMans	2	-156.77269	121.38544
LeMans	2	-157.22014	121.95272
LeMans	2	-157.66666	122.518845
LeMans	2	-158.11215	123.08365
LeMans	2	-158.55653	123.64709
LeMans	2	-158.99974	124.20904
LeMans	2	-159.44174	124.76945
LeMans	2	-159.88239	125.32816
LeMans	2	-160.32156	125.885025
LeMans	2	-160.75919	126.43994
LeMans	2	-161.19524	126.992836
LeMans	2	-161.62967	127.54371
LeMans	2	-162.0625	128.09253
LeMans	2	-162.4937	128.63931
LeMans	2	-162.9233	129.18407
LeMans	2	-163.35133	129.72684
LeMans	2	-163.7779	130.26773
LeMans	2	-164.20297	130.80676
LeMans	2	-164.62656	131.34392
LeMans	2	-165.04994	131.8782
LeMans	2	-165.476	132.40732
LeMans	2	-165.90424	132.93167
LeMans	2	-166.3335	133.45221
LeMans	2	-166.76218	133.97012
LeMans	2	-167.18884	134.48672
LeMans	2	-167.61215	135.00311
LeMans	2	-168.03078	135.52043
LeMans	2	-168.44258	136.04045
LeMans	2	-168.84914	136.56172
LeMans	2	-169.25217	137.08281
LeMans	2	-169.6521	137.60338
LeMans	2	-170.04982	138.12273
LeMans	2	-170.44577	138.64053
LeMans	2	-170.84021	139.15663
LeMans	2	-171.2332	139.67099
LeMans	2	-171.62485	140.18353
LeMans	2	-172.01515	140.69426
LeMans	2	-172.40416	141.20319
LeMans	2	-172.79189	141.7103
LeMans	2	-173.17838	142.21556
LeMans	2	-173.56357	142.71901
LeMans	2	-173.94754	143.22066
LeMans	2	-174.33023	143.7205
LeMans	2	-174.71164	144.21854
LeMans	2	-175.09174	144.71478
LeMans	2	-175.4705	145.20923
LeMans	2	-175.848	145.70192
LeMans	2	-176.22415	146.19283
LeMans	2	-176.59904	146.68199
LeMans	2	-176.97261	147.16943
LeMans	2	-177.3449	147.65517
LeMans	2	-177.7159	148.13924
LeMans	2	-178.08502	148.62086
LeMans	2	-178.45378	149.10207
LeMans	2	-178.82414	149.58531
LeMans	2	-179.19713	150.07195
LeMans	2	-179.57306	150.56242
LeMans	2	-179.9519	151.05666
LeMans	2	-180.33357	151.55461
LeMans	2	-180.71797	152.05612
LeMans	2	-181.10495	152.56104
LeMans	2	-181.49417	153.06886
LeMans	2	-181.8847	153.57841
LeMans	2	-182.27527	154.08803
LeMans	2	-182.665	154.5966
LeMans	2	-183.05367	155.10382
LeMans	2	-183.44147	155.60992
LeMans	2	-183.82841	156.115
LeMans	2	-184.21452	156.61896
LeMans	2	-184.59972	157.12177
LeMans	2	-184.98398	157.62332
LeMans	2	-185.36716	158.12349
LeMans	2	-185.74919	158.62221
LeMans	2	-186.13002	159.11938
LeMans	2	-186.50957	159.61488
LeMans	2	-186.88776	160.10864
LeMans	2	-187.26451	160.60059
LeMans	2	-187.6398	161.0906
LeMans	2	-188.01215	161.57683
LeMans	2	-188.37984	162.05702
LeMans	2	-188.74323	162.53163
LeMans	2	-189.10304	163.00171
LeMans	2	-189.45964	163.46762
LeMans	2	-189.81291	163.92921
LeMans	2	-190.16275	164.38638
LeMans	2	-190.50908	164.83902
LeMans	2	-190.8518	165.28696
LeMans	2	-191.1907	165.72993
LeMans	2	-191.52559	166.16771
LeMans	2	-191.85625	166.60004
LeMans	2	-192.18257	167.02667
LeMans	2	-192.50447	167.44754
LeMans	2	-192.82181	167.86247
LeMans	2	-193.13455	168.27138
LeMans	2	-193.44263	168.67424
LeMans	2	-193.7461	169.07104
LeMans	2	-194.04478	169.46164
LeMans	2	-194.33876	169.84607
LeMans	2	-194.62807	170.22437
LeMans	2	-194.91273	170.59663
LeMans	2	-195.19266	170.96275
LeMans	2	-195.46797	171.32281
LeMans	2	-195.73865	171.67685
LeMans	2	-196.00482	172.02496
LeMans	2	-196.26648	172.3672
LeMans	2	-196.52374	172.7037
LeMans	2	-196.77666	173.03448
LeMans	2	-197.02527	173.35966
LeMans	2	-197.26967	173.67934
LeMans	2	-197.50984	173.99352
LeMans	2	-197.7459	174.30219
LeMans	2	-197.97937	174.60709
LeMans	2	-198.21178	174.911
LeMans	2	-198.44218	175.21257
LeMans	2	-198.67055	175.51144
LeMans	2	-198.89748	175.80762
LeMans	2	-199.12599	176.09909
LeMans	2	-199.35674	176.38585
LeMans	2	-199.58917	176.66841
LeMans	2	-199.82277	176.94736
LeMans	2	-200.05693	177.22328
LeMans	2	-200.2906	177.4971
LeMans	2	-200.5227	177.7699
LeMans	2	-200.75247	178.04271
LeMans	2	-200.97963	178.31654
LeMans	2	-201.20633	178.59229
LeMans	2	-201.43178	178.87276
LeMans	2	-201.65788	179.15808
LeMans	2	-201.88242	179.45064
LeMans	2	-202.1077	179.74672
LeMans	2	-202.33748	180.04396
LeMans	2	-202.5715	180.34203
LeMans	2	-202.80974	180.64046
LeMans	2	-203.04906	180.93857
LeMans	2	-203.28838	181.23578
LeMans	2	-203.52612	181.53217
LeMans	2	-203.76201	181.83017
LeMans	2	-203.99184	182.12956
LeMans	2	-204.21979	182.43279
LeMans	2	-204.44151	182.7382
LeMans	2	-204.66296	183.04362
LeMans	2	-204.885	183.34834
LeMans	2	-205.10535	183.65202
LeMans	2	-205.32649	183.95676
LeMans	2	-205.54356	184.2611
LeMans	2	-205.76166	184.56662
LeMans	2	-205.97345	184.86952
LeMans	2	-206.18503	185.17488
LeMans	2	-206.39058	185.47797
LeMans	2	-206.59267	185.78246
LeMans	2	-206.79039	186.08795
LeMans	2	-206.98055	186.3969
LeMans	2	-207.16646	186.71002
LeMans	2	-207.34033	187.02295
LeMans	2	-207.50911	187.34035
LeMans	2	-207.66595	187.65663
LeMans	2	-207.81963	187.97662
LeMans	2	-207.96193	188.29614
LeMans	2	-208.10172	188.61836
LeMans	2	-208.23834	188.94193
LeMans	2	-208.37259	189.26978
LeMans	2	-208.50488	189.60027
LeMans	2	-208.63812	189.93564
LeMans	2	-208.77226	190.27312
LeMans	2	-208.90556	190.6163
LeMans	2	-209.03943	190.9626
LeMans	2	-209.1723	191.31209
LeMans	2	-209.30469	191.66219
LeMans	2	-209.43488	192.01367
LeMans	2	-209.56392	192.36516
LeMans	2	-209.69124	192.71696
LeMans	2	-209.81853	193.07053
LeMans	2	-209.94527	193.42468
LeMans	2	-210.07173	193.77931
LeMans	2	-210.19797	194.13425
LeMans	2	-210.3238	194.48904
LeMans	2	-210.44945	194.84357
LeMans	2	-210.57506	195.19771
LeMans	2	-210.70087	195.55122
LeMans	2	-210.82976	195.90298
LeMans	2	-210.96623	196.2512
LeMans	2	-211.10904	196.59615
LeMans	2	-211.25475	196.93855
LeMans	2	-211.4018	197.27888
LeMans	2	-211.54942	197.61732
LeMans	2	-211.69719	197.95392
LeMans	2	-211.84476	198.2889
LeMans	2	-211.99184	198.62238
LeMans	2	-212.1382	198.95448
LeMans	2	-212.28362	199.2855
LeMans	2	-212.42757	199.61545
LeMans	2	-212.56999	199.94456
LeMans	2	-212.71042	200.27304
LeMans	2	-212.84863	200.6011
LeMans	2	-212.98451	200.92874
LeMans	2	-213.11711	201.25621
LeMans	2	-213.24504	201.58414
LeMans	2	-213.36694	201.91328
LeMans	2	-213.48119	202.24452
LeMans	2	-213.58517	202.57864
LeMans	2	-213.67958	202.91428
LeMans	2	-213.765	203.25066
LeMans	2	-213.84172	203.58746
LeMans	2	-213.91002	203.92415
LeMans	2	-213.97253	204.26001
LeMans	2	-214.03181	204.59448
LeMans	2	-214.08827	204.92766
LeMans	2	-214.14204	205.25943
LeMans	2	-214.19315	205.58963
LeMans	2	-214.24178	205.91833
LeMans	2	-214.28827	206.24554
LeMans	2	-214.33359	206.57095
LeMans	2	-214.37976	206.89441
LeMans	2	-214.43095	207.21512
LeMans	2	-214.48993	207.53267
LeMans	2	-214.55298	207.84818
LeMans	2	-214.61737	208.16212
LeMans	2	-214.68066	208.4748
LeMans	2	-214.7406	208.78664
LeMans	2	-214.79445	209.09833
LeMans	2	-214.83945	209.41031
LeMans	2	-214.87746	209.72209
LeMans	2	-214.91016	210.0333
LeMans	2	-214.93877	210.34354
LeMans	2	-214.96404	210.6527
LeMans	2	-214.98636	210.96066
LeMans	2	-215.00604	211.26738
LeMans	2	-215.0234	211.57278
LeMans	2	-215.03873	211.87679
LeMans	2	-215.05284	212.17926
LeMans	2	-215.06836	212.48001
LeMans	2	-215.09036	212.77867
LeMans	2	-215.1192	213.07542
LeMans	2	-215.15112	213.37067
LeMans	2	-215.18445	213.66443
LeMans	2	-215.21767	213.95691
LeMans	2	-215.249	214.24823
LeMans	2	-215.27678	214.53853
LeMans	2	-215.29823	214.82823
LeMans	2	-215.31027	215.11768
LeMans	2	-215.31538	215.4064
LeMans	2	-215.31573	215.69414
LeMans	2	-215.31256	215.98062
LeMans	2	-215.3064	216.26576
LeMans	2	-215.29778	216.5495
LeMans	2	-215.2869	216.8321
LeMans	2	-215.27403	217.11414
LeMans	2	-215.2598	217.39618
LeMans	2	-215.24632	217.67828
LeMans	2	-215.23892	217.96019
LeMans	2	-215.23834	218.24197
LeMans	2	-215.2415	218.52365
LeMans	2	-215.24666	218.80466
LeMans	2	-215.25266	219.08444
LeMans	2	-215.25777	219.3631
LeMans	2	-215.26031	219.64072
LeMans	2	-215.25845	219.9174
LeMans	2	-215.24876	220.19325
LeMans	2	-215.2293	220.4682
LeMans	2	-215.20361	220.7418
LeMans	2	-215.17378	221.01384
LeMans	2	-215.14078	221.28426
LeMans	2	-215.10513	221.55301
LeMans	2	-215.06718	221.8202
LeMans	2	-215.0273	222.08499
LeMans	2	-214.98563	222.34795
LeMans	2	-214.94205	222.61116
LeMans	2	-214.89667	222.87628
LeMans	2	-214.8497	223.14418
LeMans	2	-214.80122	223.41527
LeMans	2	-214.75128	223.68945
LeMans	2	-214.69994	223.96655
LeMans	2	-214.64726	224.24654
LeMans	2	-214.5934	224.52946
LeMans	2	-214.53845	224.8151
LeMans	2	-214.48288	225.1022
LeMans	2	-214.42708	225.38908
LeMans	2	-214.37123	225.67462
LeMans	2	-214.31549	225.95908
LeMans	2	-214.2598	226.24286
LeMans	2	-214.20535	226.52606
LeMans	2	-214.1569	226.80971
LeMans	2	-214.11562	227.09389
LeMans	2	-214.07855	227.37799
LeMans	2	-214.04431	227.6615
LeMans	2	-214.01213	227.94421
LeMans	2	-213.9815	228.22574
LeMans	2	-213.95201	228.50613
LeMans	2	-213.9233	228.78568
LeMans	2	-213.89497	229.06451
LeMans	2	-213.86664	229.34251
LeMans	2	-213.83792	229.61966
LeMans	2	-213.8084	229.89581
LeMans	2	-213.7777	230.17079
LeMans	2	-213.74542	230.4445
LeMans	2	-213.71104	230.71674
LeMans	2	-213.67404	230.9867
LeMans	2	-213.6332	231.25363
LeMans	2	-213.58714	231.51717
LeMans	2	-213.53421	231.77693
LeMans	2	-213.47191	232.03241
LeMans	2	-213.40085	232.28334
LeMans	2	-213.32243	232.5298
LeMans	2	-213.23741	232.77193
LeMans	2	-213.14618	233.00981
LeMans	2	-213.0489	233.24374
LeMans	2	-212.94847	233.47496
LeMans	2	-212.85083	233.70589
LeMans	2	-212.75995	233.93845
LeMans	2	-212.67558	234.17279
LeMans	2	-212.59416	234.40746
LeMans	2	-212.51286	234.64052
LeMans	2	-212.42902	234.87057
LeMans	2	-212.33827	235.09598
LeMans	2	-212.2399	235.31587
LeMans	2	-212.13618	235.53073
LeMans	2	-212.02884	235.74144
LeMans	2	-211.91827	235.94843
LeMans	2	-211.80493	236.15202
LeMans	2	-211.68925	236.35257
LeMans	2	-211.57158	236.55023
LeMans	2	-211.45224	236.74527
LeMans	2	-211.33144	236.93791
LeMans	2	-211.20934	237.12834
LeMans	2	-211.08586	237.3167
LeMans	2	-210.96045	237.50266
LeMans	2	-210.83252	237.68593
LeMans	2	-210.70174	237.86674
LeMans	2	-210.56761	238.04587
LeMans	2	-210.42986	238.22409
LeMans	2	-210.28833	238.40196
LeMans	2	-210.14296	238.58032
LeMans	2	-209.99406	238.75986
LeMans	2	-209.84244	238.94107
LeMans	2	-209.68875	239.12437
LeMans	2	-209.53323	239.30974
LeMans	2	-209.37627	239.49753
LeMans	2	-209.22005	239.68802
LeMans	2	-209.06602	239.88069
LeMans	2	-208.91504	240.07503
LeMans	2	-208.7676	240.27109
LeMans	2	-208.62386	240.46947
LeMans	2	-208.48398	240.67046
LeMans	2	-208.3482	240.87424
LeMans	2	-208.21681	241.0808
LeMans	2	-208.08852	241.28885
LeMans	2	-207.96222	241.49725
LeMans	2	-207.83746	241.7055
LeMans	2	-207.714	241.9132
LeMans	2	-207.59172	242.12006
LeMans	2	-207.47058	242.32585
LeMans	2	-207.35056	242.53052
LeMans	2	-207.2316	242.73392
LeMans	2	-207.11363	242.93614
LeMans	2	-206.99655	243.13704
LeMans	2	-206.88075	243.33696
LeMans	2	-206.76772	243.53685
LeMans	2	-206.65839	243.73734
LeMans	2	-206.55281	243.9385
LeMans	2	-206.4507	244.14014
LeMans	2	-206.3516	244.34198
LeMans	2	-206.25519	244.54381
LeMans	2	-206.16078	244.74513
LeMans	2	-206.0673	244.94539
LeMans	2	-205.9736	245.14398
LeMans	2	-205.87865	245.34047
LeMans	2	-205.78162	245.53445
LeMans	2	-205.6818	245.7256
LeMans	2	-205.57848	245.91368
LeMans	2	-205.47064	246.09819
LeMans	2	-205.35732	246.27873
LeMans	2	-205.23927	246.4556
LeMans	2	-205.11708	246.62898
LeMans	2	-204.99323	246.8001
LeMans	2	-204.87291	246.97186
LeMans	2	-204.75851	247.14555
LeMans	2	-204.6492	247.32063
LeMans	2	-204.54292	247.49585
LeMans	2	-204.43864	247.67068
LeMans	2	-204.33519	247.84447
LeMans	2	-204.23123	248.0165
LeMans	2	-204.12556	248.18608
LeMans	2	-204.01704	248.35257
LeMans	2	-203.90335	248.51479
LeMans	2	-203.78343	248.67203
LeMans	2	-203.65836	248.82494
LeMans	2	-203.52975	248.9744
LeMans	2	-203.39963	249.1214
LeMans	2	-203.26991	249.26727
LeMans	2	-203.1446	249.41496
LeMans	2	-203.02512	249.56573
LeMans	2	-202.90906	249.71805
LeMans	2	-202.79507	249.87035
LeMans	2	-202.68193	250.02127
LeMans	2	-202.56839	250.16974
LeMans	2	-202.45296	250.31459
LeMans	2	-202.33311	250.45389
LeMans	2	-202.209	250.58817
LeMans	2	-202.08035	250.71751
LeMans	2	-201.94893	250.84328
LeMans	2	-201.81564	250.9662
LeMans	2	-201.68207	251.08705
LeMans	2	-201.5484	251.20676
LeMans	2	-201.41287	251.3256
LeMans	2	-201.27374	251.44547
LeMans	2	-201.13025	251.56721
LeMans	2	-200.98232	251.69096
LeMans	2	-200.82997	251.81606
LeMans	2	-200.67323	251.94197
LeMans	2	-200.51196	252.06836
LeMans	2	-200.3469	252.19377
LeMans	2	-200.17969	252.31602
LeMans	2	-200.01172	252.43439
LeMans	2	-199.84323	252.54964
LeMans	2	-199.67407	252.66267
LeMans	2	-199.5044	252.7739
LeMans	2	-199.33434	252.88376
LeMans	2	-199.16426	252.99251
LeMans	2	-198.99457	253.10045
LeMans	2	-198.82555	253.20782
LeMans	2	-198.6575	253.31502
LeMans	2	-198.49088	253.42258
LeMans	2	-198.32645	253.53148
LeMans	2	-198.16483	253.64258
LeMans	2	-198.00664	253.75667
LeMans	2	-197.85225	253.8746
LeMans	2	-197.70222	253.99744
LeMans	2	-197.55685	254.12523
LeMans	2	-197.41632	254.25806
LeMans	2	-197.28162	254.39642
LeMans	2	-197.15227	254.539
LeMans	2	-197.028	254.68457
LeMans	2	-196.90904	254.83269
LeMans	2	-196.79523	254.98291
LeMans	2	-196.68655	255.13512
LeMans	2	-196.58282	255.28914
LeMans	2	-196.48409	255.44478
LeMans	2	-196.3903	255.60187
LeMans	2	-196.3007	255.75945
LeMans	2	-196.21068	255.91371
LeMans	2	-196.11572	256.06125
LeMans	2	-196.01485	256.20184
LeMans	2	-195.91064	256.33786
LeMans	2	-195.8077	256.47296
LeMans	2	-195.70999	256.61017
LeMans	2	-195.61714	256.749
LeMans	2	-195.52852	256.8899
LeMans	2	-195.44232	257.03302
LeMans	2	-195.35703	257.17938
LeMans	2	-195.27179	257.3291
LeMans	2	-195.18655	257.48196
LeMans	2	-195.10143	257.6374
LeMans	2	-195.01625	257.79514
LeMans	2	-194.93094	257.95517
LeMans	2	-194.84558	258.11673
LeMans	2	-194.76117	258.2779
LeMans	2	-194.6783	258.4377
LeMans	2	-194.59644	258.59674
LeMans	2	-194.51524	258.75528
LeMans	2	-194.43463	258.91354
LeMans	2	-194.35463	259.07156
LeMans	2	-194.27518	259.22916
LeMans	2	-194.19615	259.38715
LeMans	2	-194.11734	259.54364
LeMans	2	-194.03952	259.69955
LeMans	2	-193.9618	259.85593
LeMans	2	-193.88235	260.01492
LeMans	2	-193.80182	260.17917
LeMans	2	-193.71916	260.34863
LeMans	2	-193.63437	260.5221
LeMans	2	-193.54805	260.6994
LeMans	2	-193.46054	260.87878
LeMans	2	-193.3714	261.0618
LeMans	2	-193.28139	261.24774
LeMans	2	-193.19221	261.43463
LeMans	2	-193.1047	261.62115
LeMans	2	-193.01865	261.8073
LeMans	2	-192.9341	261.99176
LeMans	2	-192.85124	262.17682
LeMans	2	-192.76962	262.3599
LeMans	2	-192.68607	262.54645
LeMans	2	-192.60135	262.73358
LeMans	2	-192.51302	262.91977
LeMans	2	-192.42503	263.09854
LeMans	2	-192.33331	263.28012
LeMans	2	-192.23479	263.45975
LeMans	2	-192.13332	263.63748
LeMans	2	-192.03691	263.80646
LeMans	2	-191.9377	263.97812
LeMans	2	-191.8345	264.14792
LeMans	2	-191.73123	264.31705
LeMans	2	-191.63463	264.47894
LeMans	2	-191.53539	264.6441
LeMans	2	-191.43425	264.8085
LeMans	2	-191.33232	264.97372
LeMans	2	-191.2357	265.13208
LeMans	2	-191.13583	265.29428
LeMans	2	-191.03334	265.45856
LeMans	2	-190.92838	265.62302
LeMans	2	-190.81865	265.79434
LeMans	2	-190.70734	265.9667
LeMans	2	-190.59361	266.14096
LeMans	2	-190.47763	266.3153
LeMans	2	-190.36331	266.48874
LeMans	2	-190.2502	266.65912
LeMans	2	-190.13675	266.82938
LeMans	2	-190.02756	266.9981
LeMans	2	-189.9205	267.1665
LeMans	2	-189.81403	267.33957
LeMans	2	-189.71027	267.51706
LeMans	2	-189.6117	267.6968
LeMans	2	-189.51627	267.87662
LeMans	2	-189.42703	268.063
LeMans	2	-189.34119	268.2526
LeMans	2	-189.25906	268.43912
LeMans	2	-189.17679	268.625
LeMans	2	-189.09712	268.811
LeMans	2	-189.01888	268.9978
LeMans	2	-188.94304	269.17807
LeMans	2	-188.8683	269.3613
LeMans	2	-188.7936	269.54428
LeMans	2	-188.71826	269.72906
LeMans	2	-188.63995	269.92014
LeMans	2	-188.56131	270.11475
LeMans	2	-188.4807	270.31357
LeMans	2	-188.3986	270.51514
LeMans	2	-188.3151	270.72223
LeMans	2	-188.23027	270.93127
LeMans	2	-188.144	271.14255
LeMans	2	-188.05733	271.35568
LeMans	2	-187.97119	271.56787
LeMans	2	-187.88564	271.77795
LeMans	2	-187.8007	271.98642
LeMans	2	-187.71823	272.18982
LeMans	2	-187.6357	272.39557
LeMans	2	-187.55107	272.60535
LeMans	2	-187.46667	272.81467
LeMans	2	-187.38232	273.0235
LeMans	2	-187.29422	273.2329
LeMans	2	-187.20117	273.44104
LeMans	2	-187.10957	273.643
LeMans	2	-187.01562	273.84814
LeMans	2	-186.91852	274.05588
LeMans	2	-186.8185	274.2673
LeMans	2	-186.71637	274.4818
LeMans	2	-186.61356	274.6982
LeMans	2	-186.5127	274.91452
LeMans	2	-186.4145	275.12756
LeMans	2	-186.3193	275.33768
LeMans	2	-186.22711	275.5463
LeMans	2	-186.1381	275.75598
LeMans	2	-186.05637	275.96832
LeMans	2	-185.98189	276.18304
LeMans	2	-185.9136	276.39975
LeMans	2	-185.85104	276.61804
LeMans	2	-185.79254	276.83704
LeMans	2	-185.73564	277.05585
LeMans	2	-185.67975	277.27393
LeMans	2	-185.62459	277.49112
LeMans	2	-185.57004	277.7072
LeMans	2	-185.51617	277.92215
LeMans	2	-185.46284	278.13586
LeMans	2	-185.40785	278.3477
LeMans	2	-185.34654	278.55637
LeMans	2	-185.27971	278.76263
LeMans	2	-185.20976	278.96725
LeMans	2	-185.13776	279.17047
LeMans	2	-185.0648	279.372
LeMans	2	-184.9922	279.57233
LeMans	2	-184.92128	279.77194
LeMans	2	-184.85333	279.9712
LeMans	2	-184.78961	280.1705
LeMans	2	-184.73204	280.37067
LeMans	2	-184.6827	280.5724
LeMans	2	-184.64034	280.77518
LeMans	2	-184.60313	280.9783
LeMans	2	-184.569	281.18112
LeMans	2	-184.53722	281.38336
LeMans	2	-184.50748	281.58478
LeMans	2	-184.47943	281.78516
LeMans	2	-184.45285	281.9845
LeMans	2	-184.42755	282.1826
LeMans	2	-184.4034	282.37943
LeMans	2	-184.38023	282.57495
LeMans	2	-184.35794	282.7692
LeMans	2	-184.33643	282.96213
LeMans	2	-184.31557	283.15375
LeMans	2	-184.29529	283.34402
LeMans	2	-184.27548	283.53305
LeMans	2	-184.25607	283.72076
LeMans	2	-184.23706	283.90744
LeMans	2	-184.2184	284.09488
LeMans	2	-184.19963	284.28488
LeMans	2	-184.18015	284.4783
LeMans	2	-184.15973	284.67487
LeMans	2	-184.13547	284.8739
LeMans	2	-184.10686	285.07532
LeMans	2	-184.07478	285.27914
LeMans	2	-184.03879	285.48477
LeMans	2	-183.99767	285.6894
LeMans	2	-183.95203	285.89133
LeMans	2	-183.90485	286.0918
LeMans	2	-183.85895	286.29184
LeMans	2	-183.81587	286.49194
LeMans	2	-183.77715	286.69235
LeMans	2	-183.74394	286.8932
LeMans	2	-183.71823	287.0949
LeMans	2	-183.69986	287.29712
LeMans	2	-183.68753	287.4995
LeMans	2	-183.67998	287.70163
LeMans	2	-183.67476	287.90292
LeMans	2	-183.67111	288.10318
LeMans	2	-183.66873	288.30222
LeMans	2	-183.6674	288.49994
LeMans	2	-183.66702	288.69626
LeMans	2	-183.6674	288.8911
LeMans	2	-183.6684	289.08456
LeMans	2	-183.66989	289.2765
LeMans	2	-183.67184	289.46698
LeMans	2	-183.67418	289.65604
LeMans	2	-183.67677	289.84372
LeMans	2	-183.67961	290.03003
LeMans	2	-183.68257	290.21503
LeMans	2	-183.68564	290.3988
LeMans	2	-183.68867	290.58136
LeMans	2	-183.6901	290.76288
LeMans	2	-183.68712	290.945
LeMans	2	-183.68086	291.1293
LeMans	2	-183.67216	291.31647
LeMans	2	-183.66115	291.50638
LeMans	2	-183.64781	291.6988
LeMans	2	-183.63185	291.89334
LeMans	2	-183.61195	292.08844
LeMans	2	-183.58746	292.28192
LeMans	2	-183.56207	292.47357
LeMans	2	-183.53984	292.66443
LeMans	2	-183.5227	292.8549
LeMans	2	-183.51294	293.0454
LeMans	2	-183.51146	293.23618
LeMans	2	-183.51657	293.42685
LeMans	2	-183.52724	293.61716
LeMans	2	-183.5429	293.80685
LeMans	2	-183.56313	293.9958
LeMans	2	-183.58795	294.18372
LeMans	2	-183.61646	294.37045
LeMans	2	-183.6458	294.55585
LeMans	2	-183.67516	294.73987
LeMans	2	-183.70427	294.92233
LeMans	2	-183.73306	295.10324
LeMans	2	-183.76154	295.2825
LeMans	2	-183.7899	295.46014
LeMans	2	-183.81819	295.63623
LeMans	2	-183.84648	295.81082
LeMans	2	-183.87486	295.98407
LeMans	2	-183.9037	296.15744
LeMans	2	-183.9332	296.33292
LeMans	2	-183.96281	296.5117
LeMans	2	-183.99242	296.69354
LeMans	2	-184.02214	296.8782
LeMans	2	-184.05212	297.06555
LeMans	2	-184.08246	297.25607
LeMans	2	-184.11316	297.4498
LeMans	2	-184.14433	297.6469
LeMans	2	-184.17592	297.84766
LeMans	2	-184.20801	298.05212
LeMans	2	-184.24052	298.26044
LeMans	2	-184.2735	298.47256
LeMans	2	-184.30687	298.6886
LeMans	2	-184.34074	298.90857
LeMans	2	-184.37503	299.1326
LeMans	2	-184.40976	299.36038
LeMans	2	-184.44456	299.58954
LeMans	2	-184.4791	299.81778
LeMans	2	-184.51347	300.04526
LeMans	2	-184.54774	300.2724
LeMans	2	-184.58185	300.4991
LeMans	2	-184.61586	300.72534
LeMans	2	-184.64955	300.95105
LeMans	2	-184.6817	301.17633
LeMans	2	-184.70944	301.4015
LeMans	2	-184.73253	301.6264
LeMans	2	-184.75197	301.85068
LeMans	2	-184.76852	302.07422
LeMans	2	-184.78271	302.2967
LeMans	2	-184.79543	302.5179
LeMans	2	-184.80792	302.73767
LeMans	2	-184.82143	302.95605
LeMans	2	-184.83705	303.1725
LeMans	2	-184.85579	303.38705
LeMans	2	-184.87845	303.59976
LeMans	2	-184.90619	303.81067
LeMans	2	-184.94116	304.01956
LeMans	2	-184.98238	304.22656
LeMans	2	-185.02815	304.43176
LeMans	2	-185.07617	304.6356
LeMans	2	-185.1256	304.83792
LeMans	2	-185.176	305.03882
LeMans	2	-185.22708	305.23816
LeMans	2	-185.27873	305.43613
LeMans	2	-185.33066	305.6327
LeMans	2	-185.38318	305.8293
LeMans	2	-185.43695	306.0286
LeMans	2	-185.49202	306.23203
LeMans	2	-185.5484	306.44022
LeMans	2	-185.60641	306.65274
LeMans	2	-185.6664	306.86914
LeMans	2	-185.72818	307.08926
LeMans	2	-185.79158	307.31323
LeMans	2	-185.85645	307.54074
LeMans	2	-185.92142	307.77005
LeMans	2	-185.98576	307.99768
LeMans	2	-186.04959	308.2239
LeMans	2	-186.11302	308.44962
LeMans	2	-186.17627	308.675
LeMans	2	-186.23932	308.90018
LeMans	2	-186.30219	309.12506
LeMans	2	-186.3648	309.34952
LeMans	2	-186.42711	309.57346
LeMans	2	-186.48912	309.79675
LeMans	2	-186.55122	310.02036
LeMans	2	-186.61414	310.24692
LeMans	2	-186.67795	310.47812
LeMans	2	-186.74274	310.71448
LeMans	2	-186.80865	310.9555
LeMans	2	-186.87564	311.20074
LeMans	2	-186.94371	311.45023
LeMans	2	-187.01279	311.70374
LeMans	2	-187.08282	311.961
LeMans	2	-187.15382	312.222
LeMans	2	-187.22575	312.48663
LeMans	2	-187.29878	312.75525
LeMans	2	-187.37326	313.02893
LeMans	2	-187.44923	313.30804
LeMans	2	-187.53111	313.60858
LeMans	2	-187.61024	313.8992
LeMans	2	-187.69089	314.1954
LeMans	2	-187.77306	314.4972
LeMans	2	-187.85683	314.8046
LeMans	2	-187.94211	315.1176
LeMans	2	-188.02895	315.43634
LeMans	2	-188.1173	315.76068
LeMans	2	-188.20723	316.09067
LeMans	2	-188.29869	316.4264
LeMans	2	-188.39171	316.76785
LeMans	2	-188.48633	317.11514
LeMans	2	-188.58258	317.46838
LeMans	2	-188.68054	317.828
LeMans	2	-188.78009	318.1933
LeMans	2	-188.88068	318.56244
LeMans	2	-188.98256	318.9363
LeMans	2	-189.08597	319.31552
LeMans	2	-189.19107	319.7008
LeMans	2	-189.29787	320.09235
LeMans	2	-189.40636	320.4902
LeMans	2	-189.51622	320.8929
LeMans	2	-189.6271	321.29935
LeMans	2	-189.73894	321.70926
LeMans	2	-189.85173	322.12253
LeMans	2	-189.96548	322.5394
LeMans	2	-190.07925	322.95862
LeMans	2	-190.1914	323.38086
LeMans	2	-190.3023	323.80695
LeMans	2	-190.41228	324.23605
LeMans	2	-190.52025	324.66937
LeMans	2	-190.626	325.1087
LeMans	2	-190.73172	325.55453
LeMans	2	-190.84001	326.00638
LeMans	2	-190.9535	326.46365
LeMans	2	-191.0749	326.9257
LeMans	2	-191.20486	327.39215
LeMans	2	-191.34271	327.8629
LeMans	2	-191.4874	328.33804
LeMans	2	-191.63713	328.81744
LeMans	2	-191.79056	329.3009
LeMans	2	-191.94621	329.78827
LeMans	2	-192.10327	330.2796
LeMans	2	-192.26166	330.7751
LeMans	2	-192.42136	331.27484
LeMans	2	-192.58205	331.77872
LeMans	2	-192.74348	332.28793
LeMans	2	-192.90585	332.80313
LeMans	2	-193.06944	333.32477
LeMans	2	-193.2346	333.85297
LeMans	2	-193.40173	334.38748
LeMans	2	-193.571	334.92752
LeMans	2	-193.74219	335.47272
LeMans	2	-193.91513	336.0228
LeMans	2	-194.08977	336.57773
LeMans	2	-194.26607	337.13748
LeMans	2	-194.44405	337.70215
LeMans	2	-194.6237	338.2717
LeMans	2	-194.8051	338.84628
LeMans	2	-194.9882	339.42596
LeMans	2	-195.17307	340.01077
LeMans	2	-195.3597	340.60086
LeMans	2	-195.5484	341.19534
LeMans	2	-195.7413	341.79272
LeMans	2	-195.94064	342.3943
LeMans	2	-196.14523	343.0013
LeMans	2	-196.35349	343.61475
LeMans	2	-196.56482	344.23428
LeMans	2	-196.77832	344.85938
LeMans	2	-196.99324	345.48975
LeMans	2	-197.2086	346.12604
LeMans	2	-197.42282	346.76926
LeMans	2	-197.6334	347.42038
LeMans	2	-197.83894	348.08002
LeMans	2	-198.03958	348.74805
LeMans	2	-198.23535	349.42416
LeMans	2	-198.42711	350.108
LeMans	2	-198.61803	350.79855
LeMans	2	-198.80994	351.49542
LeMans	2	-199.00337	352.19818
LeMans	2	-199.19826	352.90646
LeMans	2	-199.39441	353.6199
LeMans	2	-199.59169	354.33823
LeMans	2	-199.79012	355.06152
LeMans	2	-199.98961	355.78967
LeMans	2	-200.19019	356.52286
LeMans	2	-200.39185	357.26102
LeMans	2	-200.59363	358.0032
LeMans	2	-200.7948	358.75003
LeMans	2	-200.99527	359.5021
LeMans	2	-201.19504	360.2597
LeMans	2	-201.39473	361.02405
LeMans	2	-201.59474	361.7947
LeMans	2	-201.79561	362.57092
LeMans	2	-201.99806	363.35245
LeMans	2	-202.20284	364.1391
LeMans	2	-202.4105	364.93018
LeMans	2	-202.62334	365.7244
LeMans	2	-202.84439	366.52127
LeMans	2	-203.07428	367.32062
LeMans	2	-203.31293	368.12225
LeMans	2	-203.55856	368.92648
LeMans	2	-203.80783	369.7344
LeMans	2	-204.05902	370.54666
LeMans	2	-204.31155	371.36377
LeMans	2	-204.56529	372.18597
LeMans	2	-204.82039	373.01334
LeMans	2	-205.07709	373.84604
LeMans	2	-205.33568	374.6842
LeMans	2	-205.5963	375.52765
LeMans	2	-205.85895	376.37628
LeMans	2	-206.1235	377.23013
LeMans	2	-206.38992	378.08914
LeMans	2	-206.65816	378.9533
LeMans	2	-206.92815	379.82254
LeMans	2	-207.1998	380.69675
LeMans	2	-207.47314	381.57584
LeMans	2	-207.74814	382.4599
LeMans	2	-208.02477	383.34885
LeMans	2	-208.30296	384.24258
LeMans	2	-208.58267	385.1407
LeMans	2	-208.86377	386.04303
LeMans	2	-209.14635	386.94983
LeMans	2	-209.43027	387.86066
LeMans	2	-209.71558	388.77557
LeMans	2	-210.0016	389.69266
LeMans	2	-210.28827	390.61194
LeMans	2	-210.57565	391.53348
LeMans	2	-210.86372	392.45718
LeMans	2	-211.1525	393.383
LeMans	2	-211.442	394.3111
LeMans	2	-211.73238	395.2417
LeMans	2	-212.02385	396.1758
LeMans	2	-212.31668	397.1143
LeMans	2	-212.61105	398.05756
LeMans	2	-212.90698	399.0058
LeMans	2	-213.20448	399.95905
LeMans	2	-213.5035	400.91702
LeMans	2	-213.80394	401.87955
LeMans	2	-214.1059	402.84683
LeMans	2	-214.40913	403.81827
LeMans	2	-214.71375	404.79395
LeMans	2	-215.01967	405.77374
LeMans	2	-215.32687	406.75766
LeMans	2	-215.63533	407.7455
LeMans	2	-215.94499	408.73715
LeMans	2	-216.25589	409.7326
LeMans	2	-216.56801	410.732
LeMans	2	-216.88141	411.73535
LeMans	2	-217.19609	412.74277
LeMans	2	-217.51207	413.75427
LeMans	2	-217.82907	414.7687
LeMans	2	-218.14767	415.78238
LeMans	2	-218.46883	416.79276
LeMans	2	-218.79263	417.8001
LeMans	2	-219.1189	418.8058
LeMans	2	-219.44652	419.80988
LeMans	2	-219.77408	420.81323
LeMans	2	-220.10023	421.81604
LeMans	2	-220.42383	422.8183
LeMans	2	-220.74371	423.8201
LeMans	2	-221.05817	424.82175
LeMans	2	-221.36809	425.82263
LeMans	2	-221.67679	426.82147
LeMans	2	-221.98308	427.81854
LeMans	2	-222.28677	428.81375
LeMans	2	-222.5886	429.80667
LeMans	2	-222.88902	430.79694
LeMans	2	-223.18834	431.78452
LeMans	2	-223.48656	432.76926
LeMans	2	-223.78378	433.75104
LeMans	2	-224.08015	434.73013
LeMans	2	-224.37564	435.7066
LeMans	2	-224.67033	436.68033
LeMans	2	-224.96419	437.65137
LeMans	2	-225.25726	438.61978
LeMans	2	-225.54955	439.5855
LeMans	2	-225.84106	440.54855
LeMans	2	-226.13193	441.50934
LeMans	2	-226.4221	442.46765
LeMans	2	-226.71156	443.4235
LeMans	2	-227.00027	444.3768
LeMans	2	-227.28824	445.3276
LeMans	2	-227.57549	446.27585
LeMans	2	-227.86195	447.2216
LeMans	2	-228.14769	448.16492
LeMans	2	-228.43277	449.10602
LeMans	2	-228.7171	450.04465
LeMans	2	-229.00067	450.98083
LeMans	2	-229.28355	451.9147
LeMans	2	-229.56564	452.84604
LeMans	2	-229.847	453.7749
LeMans	2	-230.12761	454.70135
LeMans	2	-230.40753	455.62558
LeMans	2	-230.68675	456.5475
LeMans	2	-230.96521	457.46695
LeMans	2	-231.24297	458.384
LeMans	2	-231.51994	459.29874
LeMans	2	-231.79619	460.2111
LeMans	2	-232.0717	461.12097
LeMans	2	-232.34648	462.0285
LeMans	2	-232.62056	462.9338
LeMans	2	-232.89392	463.8368
LeMans	2	-233.16653	464.73737
LeMans	2	-233.43845	465.63565
LeMans	2	-233.70961	466.53156
LeMans	2	-233.98001	467.42502
LeMans	2	-234.2497	468.31613
LeMans	2	-234.51869	469.20502
LeMans	2	-234.78699	470.09167
LeMans	2	-235.05455	470.97595
LeMans	2	-235.3214	471.8579
LeMans	2	-235.5875	472.73758
LeMans	2	-235.85289	473.6149
LeMans	2	-236.11755	474.4899
LeMans	2	-236.38152	475.3626
LeMans	2	-236.6448	476.23306
LeMans	2	-236.90738	477.10132
LeMans	2	-237.16924	477.96722
LeMans	2	-237.43039	478.83084
LeMans	2	-237.69081	479.69223
LeMans	2	-237.95055	480.55127
LeMans	2	-238.20958	481.4081
LeMans	2	-238.46791	482.26276
LeMans	2	-238.72556	483.11514
LeMans	2	-238.98251	483.96527
LeMans	2	-239.23878	484.8132
LeMans	2	-239.49435	485.6589
LeMans	2	-239.74924	486.5024
LeMans	2	-240.00343	487.34366
LeMans	2	-240.25693	488.18268
LeMans	2	-240.50974	489.01956
LeMans	2	-240.7619	489.85425
LeMans	2	-241.01337	490.68674
LeMans	2	-241.26419	491.51706
LeMans	2	-241.51431	492.34518
LeMans	2	-241.76375	493.1711
LeMans	2	-242.0125	493.99487
LeMans	2	-242.26042	494.81592
LeMans	2	-242.50691	495.63217
LeMans	2	-242.75139	496.4419
LeMans	2	-242.99384	497.2449
LeMans	2	-243.23448	498.042
LeMans	2	-243.47336	498.83334
LeMans	2	-243.71046	499.61902
LeMans	2	-243.94582	500.39886
LeMans	2	-244.17935	501.17285
LeMans	2	-244.41106	501.9407
LeMans	2	-244.64081	502.70218
LeMans	2	-244.86852	503.4569
LeMans	2	-245.0941	504.2047
LeMans	2	-245.31746	504.9452
LeMans	2	-245.5386	505.67838
LeMans	2	-245.7574	506.4039
LeMans	2	-245.97386	507.12173
LeMans	2	-246.18796	507.8319
LeMans	2	-246.3997	508.53427
LeMans	2	-246.60905	509.22894
LeMans	2	-246.81606	509.9158
LeMans	2	-247.02068	510.59488
LeMans	2	-247.2229	511.2661
LeMans	2	-247.42278	511.9296
LeMans	2	-247.6203	512.5853
LeMans	2	-247.8155	513.2334
LeMans	2	-248.00839	513.87396
LeMans	2	-248.19902	514.50696
LeMans	2	-248.38739	515.1325
LeMans	2	-248.57355	515.7508
LeMans	2	-248.75749	516.36176
LeMans	2	-248.93933	516.9655
LeMans	2	-249.11896	517.56213
LeMans	2	-249.29642	518.15155
LeMans	2	-249.47171	518.7338
LeMans	2	-249.64485	519.3089
LeMans	2	-249.81586	519.8769
LeMans	2	-249.98473	520.43774
LeMans	2	-250.15146	520.99146
LeMans	2	-250.31602	521.538
LeMans	2	-250.47847	522.0775
LeMans	2	-250.63878	522.6099
LeMans	2	-250.79698	523.1352
LeMans	2	-250.95306	523.65344
LeMans	2	-251.10701	524.1646
LeMans	2	-251.25883	524.6687
LeMans	2	-251.40855	525.1657
LeMans	2	-251.55612	525.65564
LeMans	2	-251.70155	526.1385
LeMans	2	-251.8449	526.6144
LeMans	2	-251.98611	527.0831
LeMans	2	-252.12521	527.5449
LeMans	2	-252.2622	527.9997
LeMans	2	-252.39706	528.44745
LeMans	2	-252.52983	528.8881
LeMans	2	-252.6605	529.32196
LeMans	2	-252.79	529.75195
LeMans	2	-252.91878	530.17975
LeMans	2	-253.04631	530.60333
LeMans	2	-253.17245	531.0224
LeMans	2	-253.29733	531.4372
LeMans	2	-253.42111	531.84827
LeMans	2	-253.54398	532.25635
LeMans	2	-253.66606	532.6619
LeMans	2	-253.78749	533.06537
LeMans	2	-253.90823	533.46674
LeMans	2	-254.0284	533.86615
LeMans	2	-254.14798	534.2637
LeMans	2	-254.26703	534.65955
LeMans	2	-254.3856	535.0538
LeMans	2	-254.50374	535.44666
LeMans	2	-254.62144	535.8381
LeMans	2	-254.73872	536.2282
LeMans	2	-254.8556	536.61707
LeMans	2	-254.9721	537.0046
LeMans	2	-255.08824	537.3909
LeMans	2	-255.204	537.7761
LeMans	2	-255.31937	538.1601
LeMans	2	-255.43439	538.5429
LeMans	2	-255.54904	538.92444
LeMans	2	-255.6633	539.3048
LeMans	2	-255.77713	539.6838
LeMans	2	-255.89056	540.06134
LeMans	2	-256.00354	540.43756
LeMans	2	-256.11612	540.8123
LeMans	2	-256.2282	541.1855
LeMans	2	-256.33978	541.5572
LeMans	2	-256.4508	541.927
LeMans	2	-256.56152	542.29584
LeMans	2	-256.67307	542.66754
LeMans	2	-256.78598	543.0437
LeMans	2	-256.90024	543.4243
LeMans	2	-257.0158	543.8094
LeMans	2	-257.1325	544.1984
LeMans	2	-257.24994	544.5899
LeMans	2	-257.36743	544.98157
LeMans	2	-257.48453	545.3721
LeMans	2	-257.60117	545.76105
LeMans	2	-257.71747	546.1488
LeMans	2	-257.8334	546.5355
LeMans	2	-257.94894	546.9211
LeMans	2	-258.06418	547.3055
LeMans	2	-258.179	547.6886
LeMans	2	-258.2934	548.0703
LeMans	2	-258.40732	548.4505
LeMans	2	-258.52078	548.82916
LeMans	2	-258.63376	549.2061
LeMans	2	-258.74622	549.5814
LeMans	2	-258.85727	549.9552
LeMans	2	-258.96518	550.32806
LeMans	2	-259.06955	550.70013
LeMans	2	-259.17093	551.07117
LeMans	2	-259.27014	551.441
LeMans	2	-259.36844	551.8092
LeMans	2	-259.46725	552.1755
LeMans	2	-259.5675	552.5396
LeMans	2	-259.66998	552.9015
LeMans	2	-259.77576	553.2607
LeMans	2	-259.88513	553.61725
LeMans	2	-259.99506	553.97205
LeMans	2	-260.1065	554.32477
LeMans	2	-260.21866	554.6756
LeMans	2	-260.33087	555.0247
LeMans	2	-260.44287	555.37225
LeMans	2	-260.55453	555.7182
LeMans	2	-260.66577	556.0626
LeMans	2	-260.77658	556.40546
LeMans	2	-260.8869	556.74677
LeMans	2	-260.99677	557.0866
LeMans	2	-261.10614	557.42487
LeMans	2	-261.21497	557.76166
LeMans	2	-261.32333	558.0972
LeMans	2	-261.43024	558.43335
LeMans	2	-261.5339	558.77167
LeMans	2	-261.633	559.1128
LeMans	2	-261.72836	559.4559
LeMans	2	-261.8205	559.7998
LeMans	2	-261.91006	560.1427
LeMans	2	-261.9984	560.4841
LeMans	2	-262.08707	560.8236
LeMans	2	-262.17725	561.1614
LeMans	2	-262.27014	561.4974
LeMans	2	-262.36633	561.8312
LeMans	2	-262.46674	562.16266
LeMans	2	-262.57324	562.4913
LeMans	2	-262.6855	562.8168
LeMans	2	-262.80127	563.1398
LeMans	2	-262.91876	563.46045
LeMans	2	-263.03738	563.7793
LeMans	2	-263.15665	564.0963
LeMans	2	-263.27527	564.4116
LeMans	2	-263.3893	564.72687
LeMans	2	-263.49695	565.04254
LeMans	2	-263.59988	565.35815
LeMans	2	-263.69983	565.6733
LeMans	2	-263.79846	565.98706
LeMans	2	-263.8973	566.2992
LeMans	2	-263.9979	566.60925
LeMans	2	-264.1015	566.9167
LeMans	2	-264.2098	567.2211
LeMans	2	-264.32532	567.5216
LeMans	2	-264.4463	567.8189
LeMans	2	-264.57043	568.1134
LeMans	2	-264.6965	568.4055
LeMans	2	-264.82397	568.6955
LeMans	2	-264.95224	568.98334
LeMans	2	-265.0798	569.26965
LeMans	2	-265.20203	569.55646
LeMans	2	-265.31766	569.8442
LeMans	2	-265.43015	570.13165
LeMans	2	-265.54248	570.4176
LeMans	2	-265.6568	570.70105
LeMans	2	-265.77612	570.9809
LeMans	2	-265.90024	571.2572
LeMans	2	-266.02808	571.5303
LeMans	2	-266.15833	571.80084
LeMans	2	-266.29	572.06915
LeMans	2	-266.4227	572.3353
LeMans	2	-266.556	572.5997
LeMans	2	-266.68973	572.8621
LeMans	2	-266.8238	573.12274
LeMans	2	-266.95795	573.3818
LeMans	2	-267.0915	573.63934
LeMans	2	-267.22125	573.89703
LeMans	2	-267.34372	574.1568
LeMans	2	-267.46112	574.4174
LeMans	2	-267.57642	574.6776
LeMans	2	-267.69168	574.9362
LeMans	2	-267.8084	575.1925
LeMans	2	-267.92847	575.44574
LeMans	2	-268.05417	575.6949
LeMans	2	-268.1838	575.9406
LeMans	2	-268.3163	576.18353
LeMans	2	-268.4504	576.4241
LeMans	2	-268.58517	576.6628
LeMans	2	-268.71735	576.9013
LeMans	2	-268.84375	577.1412
LeMans	2	-268.96484	577.38226
LeMans	2	-269.08255	577.6237
LeMans	2	-269.1984	577.8648
LeMans	2	-269.31348	578.10394
LeMans	2	-269.4294	578.3408
LeMans	2	-269.54764	578.575
LeMans	2	-269.66983	578.8055
LeMans	2	-269.79883	579.031
LeMans	2	-269.93347	579.2523
LeMans	2	-270.07108	579.4704
LeMans	2	-270.21054	579.68555
LeMans	2	-270.3513	579.8986
LeMans	2	-270.49106	580.11035
LeMans	2	-270.6254	580.3232
LeMans	2	-270.7538	580.5378
LeMans	2	-270.87833	580.75305
LeMans	2	-271.00085	580.9675
LeMans	2	-271.12305	581.1806
LeMans	2	-271.24646	581.3914
LeMans	2	-271.37274	581.5988
LeMans	2	-271.50473	581.80115
LeMans	2	-271.64322	581.9983
LeMans	2	-271.78537	582.19165
LeMans	2	-271.92972	582.3817
LeMans	2	-272.0758	582.56915
LeMans	2	-272.22305	582.754
LeMans	2	-272.3709	582.9365
LeMans	2	-272.5192	583.1166
LeMans	2	-272.66772	583.29474
LeMans	2	-272.81583	583.4711
LeMans	2	-272.96124	583.6473
LeMans	2	-273.10016	583.82654
LeMans	2	-273.23285	584.0087
LeMans	2	-273.36224	584.19165
LeMans	2	-273.49017	584.3737
LeMans	2	-273.61813	584.55426
LeMans	2	-273.74744	584.7321
LeMans	2	-273.87994	584.9057
LeMans	2	-274.01834	585.0735
LeMans	2	-274.1615	585.2362
LeMans	2	-274.30725	585.3952
LeMans	2	-274.4546	585.5512
LeMans	2	-274.60315	585.70465
LeMans	2	-274.7517	585.85626
LeMans	2	-274.89716	586.0086
LeMans	2	-275.03653	586.164
LeMans	2	-275.17123	586.32166
LeMans	2	-275.30322	586.48004
LeMans	2	-275.43326	586.63806
LeMans	2	-275.56262	586.79474
LeMans	2	-275.6926	586.9493
LeMans	2	-275.8244	587.1007
LeMans	2	-275.96002	587.2472
LeMans	2	-276.10156	587.38715
LeMans	2	-276.24826	587.5212
LeMans	2	-276.398	587.65094
LeMans	2	-276.5491	587.7779
LeMans	2	-276.7022	587.90485
LeMans	2	-276.86008	588.0325
LeMans	2	-277.02325	588.1611
LeMans	2	-277.19138	588.29047
LeMans	2	-277.3636	588.42084
LeMans	2	-277.53952	588.55255
LeMans	2	-277.71872	588.68536
LeMans	2	-277.8989	588.817
LeMans	2	-278.0781	588.9459
LeMans	2	-278.25598	589.07336
LeMans	2	-278.43307	589.2
LeMans	2	-278.60977	589.32605
LeMans	2	-278.78604	589.4516
LeMans	2	-278.96182	589.5766
LeMans	2	-279.13712	589.701
LeMans	2	-279.31186	589.82477
LeMans	2	-279.4866	589.94806
LeMans	2	-279.66327	590.0717
LeMans	2	-279.84372	590.198
LeMans	2	-280.028	590.3284
LeMans	2	-280.2161	590.46204
LeMans	2	-280.40808	590.5976
LeMans	2	-280.60373	590.7352
LeMans	2	-280.80273	590.87494
LeMans	2	-281.004	591.01794
LeMans	2	-281.205	591.1654
LeMans	2	-281.40326	591.3146
LeMans	2	-281.598	591.466
LeMans	2	-281.78986	591.6198
LeMans	2	-281.97995	591.77527
LeMans	2	-282.16885	591.9317
LeMans	2	-282.35727	592.08795
LeMans	2	-282.54593	592.2429
LeMans	2	-282.73547	592.39545
LeMans	2	-282.92654	592.5446
LeMans	2	-283.11957	592.6897
LeMans	2	-283.31525	592.8295
LeMans	2	-283.51477	592.96246
LeMans	2	-283.71774	593.0886
LeMans	2	-283.92316	593.209
LeMans	2	-284.1291	593.32587
LeMans	2	-284.33484	593.4402
LeMans	2	-284.54004	593.5522
LeMans	2	-284.74435	593.66205
LeMans	2	-284.9476	593.7703
LeMans	2	-285.1486	593.8787
LeMans	2	-285.3447	593.99164
LeMans	2	-285.53592	594.10913
LeMans	2	-285.72397	594.2289
LeMans	2	-285.90958	594.34973
LeMans	2	-286.0931	594.4708
LeMans	2	-286.27493	594.592
LeMans	2	-286.45563	594.71246
LeMans	2	-286.63596	594.831
LeMans	2	-286.81674	594.9464
LeMans	2	-286.9987	595.0576
LeMans	2	-287.18295	595.1631
LeMans	2	-287.37097	595.2605
LeMans	2	-287.5624	595.35034
LeMans	2	-287.75674	595.43317
LeMans	2	-287.95233	595.5111
LeMans	2	-288.1472	595.58685
LeMans	2	-288.33954	595.66406
LeMans	2	-288.5278	595.74634
LeMans	2	-288.713	595.8327
LeMans	2	-288.89627	595.9204
LeMans	2	-289.07825	596.00714
LeMans	2	-289.25955	596.09094
LeMans	2	-289.4414	596.16943
LeMans	2	-289.6252	596.23895
LeMans	2	-289.81	596.3012
LeMans	2	-289.9949	596.35834
LeMans	2	-290.1796	596.4114
LeMans	2	-290.36368	596.46094
LeMans	2	-290.5472	596.5075
LeMans	2	-290.72998	596.55145
LeMans	2	-290.9119	596.593
LeMans	2	-291.09277	596.6325
LeMans	2	-291.27264	596.6701
LeMans	2	-291.45145	596.706
LeMans	2	-291.62924	596.74023
LeMans	2	-291.80835	596.7731
LeMans	2	-291.9917	596.80585
LeMans	2	-292.1799	596.8397
LeMans	2	-292.3728	596.8744
LeMans	2	-292.56982	596.90845
LeMans	2	-292.77097	596.942
LeMans	2	-292.97604	596.9754
LeMans	2	-293.18488	597.0087
LeMans	2	-293.39734	597.042
LeMans	2	-293.61362	597.0753
LeMans	2	-293.8339	597.1095
LeMans	2	-294.0554	597.1442
LeMans	2	-294.2755	597.17883
LeMans	2	-294.4946	597.2133
LeMans	2	-294.71344	597.24786
LeMans	2	-294.93213	597.2825
LeMans	2	-295.1504	597.3171
LeMans	2	-295.36826	597.3518
LeMans	2	-295.58563	597.38654
LeMans	2	-295.80347	597.42126
LeMans	2	-296.0241	597.45667
LeMans	2	-296.24893	597.49304
LeMans	2	-296.47824	597.5307
LeMans	2	-296.71143	597.56964
LeMans	2	-296.94812	597.61115
LeMans	2	-297.1873	597.65735
LeMans	2	-297.429	597.70825
LeMans	2	-297.67157	597.7642
LeMans	2	-297.9132	597.82404
LeMans	2	-298.15274	597.88617
LeMans	2	-298.39047	597.94934
LeMans	2	-298.62726	598.012
LeMans	2	-298.86362	598.07306
LeMans	2	-299.09973	598.1313
LeMans	2	-299.33588	598.1859
LeMans	2	-299.57214	598.23596
LeMans	2	-299.8088	598.2803
LeMans	2	-300.04617	598.31696
LeMans	2	-300.28397	598.3465
LeMans	2	-300.5214	598.37134
LeMans	2	-300.7578	598.3937
LeMans	2	-300.9931	598.41425
LeMans	2	-301.22687	598.43427
LeMans	2	-301.45837	598.4576
LeMans	2	-301.68738	598.48584
LeMans	2	-301.9144	598.5163
LeMans	2	-302.13992	598.5454
LeMans	2	-302.3644	598.5699
LeMans	2	-302.58798	598.58984
LeMans	2	-302.81073	598.60547
LeMans	2	-303.0324	598.6181
LeMans	2	-303.25284	598.6286
LeMans	2	-303.47217	598.6374
LeMans	2	-303.69022	598.6449
LeMans	2	-303.90695	598.6514
LeMans	2	-304.12234	598.65704
LeMans	2	-304.33813	598.6619
LeMans	2	-304.55707	598.66644
LeMans	2	-304.78036	598.6706
LeMans	2	-305.00824	598.6745
LeMans	2	-305.24078	598.6783
LeMans	2	-305.47787	598.68164
LeMans	2	-305.7192	598.68445
LeMans	2	-305.96445	598.6869
LeMans	2	-306.2135	598.6891
LeMans	2	-306.46564	598.69116
LeMans	2	-306.7187	598.693
LeMans	2	-306.97162	598.695
LeMans	2	-307.22363	598.69727
LeMans	2	-307.47516	598.70154
LeMans	2	-307.7264	598.7102
LeMans	2	-307.97733	598.72424
LeMans	2	-308.2275	598.742
LeMans	2	-308.47714	598.7628
LeMans	2	-308.72595	598.78595
LeMans	2	-308.97366	598.81055
LeMans	2	-309.22018	598.8355
LeMans	2	-309.4655	598.8595
LeMans	2	-309.70947	598.8812
LeMans	2	-309.95206	598.89966
LeMans	2	-310.19336	598.91394
LeMans	2	-310.4335	598.92267
LeMans	2	-310.6725	598.9235
LeMans	2	-310.91025	598.91693
LeMans	2	-311.14676	598.90515
LeMans	2	-311.38174	598.8906
LeMans	2	-311.61502	598.87415
LeMans	2	-311.84674	598.85614
LeMans	2	-312.07693	598.8369
LeMans	2	-312.30536	598.81665
LeMans	2	-312.53214	598.7957
LeMans	2	-312.75723	598.7741
LeMans	2	-312.98074	598.75195
LeMans	2	-313.2026	598.72943
LeMans	2	-313.4229	598.7065
LeMans	2	-313.64172	598.68335
LeMans	2	-313.8595	598.6599
LeMans	2	-314.078	598.63586
LeMans	2	-314.2992	598.61145
LeMans	2	-314.52386	598.58685
LeMans	2	-314.7517	598.5621
LeMans	2	-314.98236	598.53705
LeMans	2	-315.21573	598.5118
LeMans	2	-315.45178	598.48627
LeMans	2	-315.68924	598.4609
LeMans	2	-315.92596	598.43555
LeMans	2	-316.1608	598.4105
LeMans	2	-316.39444	598.3857
LeMans	2	-316.62732	598.361
LeMans	2	-316.8596	598.3366
LeMans	2	-317.0913	598.31244
LeMans	2	-317.3223	598.2885
LeMans	2	-317.55246	598.2649
LeMans	2	-317.78217	598.24146
LeMans	2	-318.01385	598.21796
LeMans	2	-318.2501	598.19415
LeMans	2	-318.49207	598.17114
LeMans	2	-318.73953	598.15094
LeMans	2	-318.99167	598.13226
LeMans	2	-319.248	598.1147
LeMans	2	-319.50754	598.09845
LeMans	2	-319.7675	598.084
LeMans	2	-320.02567	598.0709
LeMans	2	-320.28244	598.05865
LeMans	2	-320.5383	598.0457
LeMans	2	-320.79343	598.03064
LeMans	2	-321.0478	598.01215
LeMans	2	-321.3014	597.98926
LeMans	2	-321.55386	597.9607
LeMans	2	-321.80496	597.92426
LeMans	2	-322.05463	597.8809
LeMans	2	-322.30283	597.834
LeMans	2	-322.5495	597.785
LeMans	2	-322.79453	597.7345
LeMans	2	-323.0378	597.6829
LeMans	2	-323.2792	597.63043
LeMans	2	-323.51868	597.5774
LeMans	2	-323.75626	597.52386
LeMans	2	-323.99203	597.47
LeMans	2	-324.22595	597.41595
LeMans	2	-324.45813	597.36176
LeMans	2	-324.6886	597.3075
LeMans	2	-324.91754	597.2533
LeMans	2	-325.14487	597.1992
LeMans	2	-325.37073	597.1453
LeMans	2	-325.5952	597.09174
LeMans	2	-325.8182	597.03845
LeMans	2	-326.0398	596.98535
LeMans	2	-326.26154	596.932
LeMans	2	-326.48557	596.87823
LeMans	2	-326.71283	596.82556
LeMans	2	-326.94366	596.7768
LeMans	2	-327.17697	596.7337
LeMans	2	-327.4097	596.69617
LeMans	2	-327.641	596.6621
LeMans	2	-327.87122	596.63055
LeMans	2	-328.10046	596.60077
LeMans	2	-328.3286	596.57227
LeMans	2	-328.55588	596.5445
LeMans	2	-328.7818	596.516
LeMans	2	-329.00613	596.4855
LeMans	2	-329.22855	596.4518
LeMans	2	-329.449	596.4139
LeMans	2	-329.66745	596.37067
LeMans	2	-329.8833	596.32025
LeMans	2	-330.0968	596.26306
LeMans	2	-330.30792	596.19995
LeMans	2	-330.51672	596.1313
LeMans	2	-330.72284	596.05774
LeMans	2	-330.92667	595.98004
LeMans	2	-331.12863	595.90106
LeMans	2	-331.32874	595.8218
LeMans	2	-331.52698	595.74243
LeMans	2	-331.7234	595.66315
LeMans	2	-331.91797	595.5839
LeMans	2	-332.1107	595.5048
LeMans	2	-332.3016	595.4258
LeMans	2	-332.49078	595.34705
LeMans	2	-332.67905	595.27
LeMans	2	-332.8681	595.19946
LeMans	2	-333.0586	595.1353
LeMans	2	-333.25012	595.0761
LeMans	2	-333.44232	595.0201
LeMans	2	-333.63425	594.9658
LeMans	2	-333.82526	594.913
LeMans	2	-334.01483	594.8614
LeMans	2	-334.20273	594.81067
LeMans	2	-334.38855	594.76044
LeMans	2	-334.57196	594.7099
LeMans	2	-334.75287	594.6579
LeMans	2	-334.9311	594.6029
LeMans	2	-335.10638	594.5434
LeMans	2	-335.27838	594.47723
LeMans	2	-335.44617	594.4019
LeMans	2	-335.61014	594.31903
LeMans	2	-335.7704	594.2299
LeMans	2	-335.9269	594.13544
LeMans	2	-336.0795	594.0365
LeMans	2	-336.2291	593.93555
LeMans	2	-336.37625	593.83356
LeMans	2	-336.52097	593.73083
LeMans	2	-336.66327	593.6275
LeMans	2	-336.80304	593.52405
LeMans	2	-336.94073	593.4209
LeMans	2	-337.0771	593.3193
LeMans	2	-337.21417	593.2221
LeMans	2	-337.35355	593.13196
LeMans	2	-337.49408	593.0464
LeMans	2	-337.6333	592.9616
LeMans	2	-337.76846	592.87305
LeMans	2	-337.89963	592.78094
LeMans	2	-338.02707	592.6855
LeMans	2	-338.15143	592.58734
LeMans	2	-338.27335	592.48724
LeMans	2	-338.39297	592.38574
LeMans	2	-338.51068	592.2833
LeMans	2	-338.6266	592.18036
LeMans	2	-338.74164	592.0768
LeMans	2	-338.8579	591.9707
LeMans	2	-338.9765	591.8613
LeMans	2	-339.09766	591.74866
LeMans	2	-339.22137	591.6328
LeMans	2	-339.34708	591.51416
LeMans	2	-339.47476	591.3926
LeMans	2	-339.60468	591.2682
LeMans	2	-339.73724	591.1413
LeMans	2	-339.87143	591.0121
LeMans	2	-340.007	590.88104
LeMans	2	-340.14417	590.7486
LeMans	2	-340.2824	590.61554
LeMans	2	-340.42035	590.48267
LeMans	2	-340.5573	590.34973
LeMans	2	-340.69266	590.21515
LeMans	2	-340.8254	590.0787
LeMans	2	-340.95547	589.94025
LeMans	2	-341.08344	589.80005
LeMans	2	-341.21127	589.6583
LeMans	2	-341.34128	589.5141
LeMans	2	-341.47406	589.36664
LeMans	2	-341.6097	589.21704
LeMans	2	-341.74863	589.0658
LeMans	2	-341.8912	588.91364
LeMans	2	-342.0384	588.761
LeMans	2	-342.1902	588.6086
LeMans	2	-342.34683	588.45715
LeMans	2	-342.50858	588.30884
LeMans	2	-342.67398	588.164
LeMans	2	-342.84045	588.0217
LeMans	2	-343.0071	587.8809
LeMans	2	-343.1737	587.7411
LeMans	2	-343.33972	587.6018
LeMans	2	-343.50558	587.4629
LeMans	2	-343.67236	587.32367
LeMans	2	-343.84113	587.18304
LeMans	2	-344.01263	587.04016
LeMans	2	-344.1867	586.8947
LeMans	2	-344.36328	586.7471
LeMans	2	-344.5421	586.5975
LeMans	2	-344.7234	586.446
LeMans	2	-344.90698	586.29266
LeMans	2	-345.09296	586.1376
LeMans	2	-345.2814	585.9804
LeMans	2	-345.47238	585.82086
LeMans	2	-345.66595	585.659
LeMans	2	-345.8623	585.49475
LeMans	2	-346.06128	585.3281
LeMans	2	-346.26312	585.15894
LeMans	2	-346.46793	584.98724
LeMans	2	-346.67578	584.81274
LeMans	2	-346.88657	584.63574
LeMans	2	-347.10034	584.45605
LeMans	2	-347.3169	584.274
LeMans	2	-347.53558	584.0902
LeMans	2	-347.7548	583.90576
LeMans	2	-347.97296	583.72217
LeMans	2	-348.19028	583.5393
LeMans	2	-348.40683	583.35724
LeMans	2	-348.6228	583.1756
LeMans	2	-348.83792	582.99475
LeMans	2	-349.0522	582.81445
LeMans	2	-349.26566	582.63495
LeMans	2	-349.4782	582.4561
LeMans	2	-349.68967	582.2782
LeMans	2	-349.90027	582.101
LeMans	2	-350.11084	581.9238
LeMans	2	-350.3231	581.7453
LeMans	2	-350.538	581.5646
LeMans	2	-350.75592	581.3812
LeMans	2	-350.97684	581.19543
LeMans	2	-351.2005	581.00726
LeMans	2	-351.42697	580.8168
LeMans	2	-351.65616	580.624
LeMans	2	-351.8879	580.429
LeMans	2	-352.12167	580.23145
LeMans	2	-352.35507	580.03094
LeMans	2	-352.58722	579.8298
LeMans	2	-352.81848	579.6296
LeMans	2	-353.04984	579.4309
LeMans	2	-353.2823	579.2342
LeMans	2	-353.5152	579.0392
LeMans	2	-353.74747	578.8447
LeMans	2	-353.97934	578.6512
LeMans	2	-354.21112	578.4589
LeMans	2	-354.4423	578.26776
LeMans	2	-354.6725	578.0774
LeMans	2	-354.90155	577.88794
LeMans	2	-355.12933	577.69946
LeMans	2	-355.3558	577.512
LeMans	2	-355.5809	577.32556
LeMans	2	-355.80457	577.14026
LeMans	2	-356.02682	576.9561
LeMans	2	-356.24765	576.77313
LeMans	2	-356.4671	576.59125
LeMans	2	-356.68518	576.4105
LeMans	2	-356.902	576.23083
LeMans	2	-357.11758	576.0522
LeMans	2	-357.33188	575.8746
LeMans	2	-357.54495	575.698
LeMans	2	-357.75797	575.5215
LeMans	2	-357.97308	575.34326
LeMans	2	-358.19125	575.1625
LeMans	2	-358.4119	574.97876
LeMans	2	-358.6331	574.7904
LeMans	2	-358.85358	574.59735
LeMans	2	-359.0723	574.4015
LeMans	2	-359.28873	574.2055
LeMans	2	-359.5037	574.011
LeMans	2	-359.71838	573.81836
LeMans	2	-359.93375	573.62805
LeMans	2	-360.15045	573.44055
LeMans	2	-360.36908	573.25653
LeMans	2	-360.5897	573.07623
LeMans	2	-360.8112	572.8986
LeMans	2	-361.03323	572.72345
LeMans	2	-361.255	572.5502
LeMans	2	-361.476	572.37836
LeMans	2	-361.696	572.2079
LeMans	2	-361.9148	572.03864
LeMans	2	-362.13242	571.87054
LeMans	2	-362.3487	571.7037
LeMans	2	-362.5639	571.5378
LeMans	2	-362.77777	571.37305
LeMans	2	-362.9903	571.20935
LeMans	2	-363.2015	571.0466
LeMans	2	-363.4114	570.88477
LeMans	2	-363.62012	570.7239
LeMans	2	-363.82745	570.5639
LeMans	2	-364.03348	570.40485
LeMans	2	-364.23822	570.2466
LeMans	2	-364.44174	570.08923
LeMans	2	-364.64395	569.93274
LeMans	2	-364.8449	569.77704
LeMans	2	-365.04465	569.6222
LeMans	2	-365.24316	569.4682
LeMans	2	-365.44046	569.315
LeMans	2	-365.6366	569.1627
LeMans	2	-365.83154	569.0112
LeMans	2	-366.02533	568.8607
LeMans	2	-366.2182	568.7108
LeMans	2	-366.41162	568.56055
LeMans	2	-366.60733	568.40857
LeMans	2	-366.8061	568.2541
LeMans	2	-367.00766	568.09735
LeMans	2	-367.2118	567.9388
LeMans	2	-367.41837	567.77826
LeMans	2	-367.62738	567.6158
LeMans	2	-367.83887	567.4514
LeMans	2	-368.0528	567.2852
LeMans	2	-368.26874	567.1175
LeMans	2	-368.48575	566.9489
LeMans	2	-368.7028	566.7803
LeMans	2	-368.91922	566.6122
LeMans	2	-369.13483	566.4447
LeMans	2	-369.34995	566.2778
LeMans	2	-369.5644	566.11127
LeMans	2	-369.7782	565.9453
LeMans	2	-369.99127	565.77985
LeMans	2	-370.2036	565.6149
LeMans	2	-370.41504	565.45087
LeMans	2	-370.6255	565.2875
LeMans	2	-370.83484	565.12494
LeMans	2	-371.04327	564.96313
LeMans	2	-371.2521	564.8011
LeMans	2	-371.46237	564.6378
LeMans	2	-371.67438	564.47327
LeMans	2	-371.88788	564.30756
LeMans	2	-372.10272	564.14075
LeMans	2	-372.31885	563.973
LeMans	2	-372.53625	563.8044
LeMans	2	-372.75436	563.63513
LeMans	2	-372.97232	563.46606
LeMans	2	-373.18906	563.298
LeMans	2	-373.4046	563.1308
LeMans	2	-373.61926	562.9643
LeMans	2	-373.83313	562.7984
LeMans	2	-374.04617	562.63324
LeMans	2	-374.25845	562.4686
LeMans	2	-374.46988	562.3047
LeMans	2	-374.68106	562.141
LeMans	2	-374.89038	561.97864
LeMans	2	-375.09863	561.81726
LeMans	2	-375.30566	561.6568
LeMans	2	-375.51147	561.4973
LeMans	2	-375.716	561.33875
LeMans	2	-375.91928	561.18115
LeMans	2	-376.12137	561.0246
LeMans	2	-376.32227	560.86896
LeMans	2	-376.52194	560.71423
LeMans	2	-376.72037	560.5604
LeMans	2	-376.91772	560.40753
LeMans	2	-377.1139	560.25555
LeMans	2	-377.3089	560.1045
LeMans	2	-377.5026	559.95447
LeMans	2	-377.69516	559.80536
LeMans	2	-377.8865	559.65717
LeMans	2	-378.07675	559.5099
LeMans	2	-378.26578	559.3635
LeMans	2	-378.45367	559.2181
LeMans	2	-378.64047	559.0735
LeMans	2	-378.8268	558.92926
LeMans	2	-379.01456	558.784
LeMans	2	-379.20514	558.6364
LeMans	2	-379.39914	558.48627
LeMans	2	-379.59644	558.33356
LeMans	2	-379.7966	558.1787
LeMans	2	-379.99942	558.0218
LeMans	2	-380.204	557.86346
LeMans	2	-380.40808	557.7056
LeMans	2	-380.61026	557.5493
LeMans	2	-380.81137	557.3938
LeMans	2	-381.01175	557.23883
LeMans	2	-381.21158	557.08435
LeMans	2	-381.41104	556.9302
LeMans	2	-381.61008	556.77637
LeMans	2	-381.80826	556.62305
LeMans	2	-382.0057	556.4705
LeMans	2	-382.2015	556.31757
LeMans	2	-382.39334	556.1615
LeMans	2	-382.58112	556.00275
LeMans	2	-382.76556	555.8423
LeMans	2	-382.94705	555.68066
LeMans	2	-383.1263	555.5189
LeMans	2	-383.30417	555.358
LeMans	2	-383.48138	555.1988
LeMans	2	-383.65878	555.04224
LeMans	2	-383.83682	554.88904
LeMans	2	-384.01636	554.73956
LeMans	2	-384.19754	554.59454
LeMans	2	-384.37988	554.45306
LeMans	2	-384.5611	554.31256
LeMans	2	-384.74008	554.1716
LeMans	2	-384.91666	554.02997
LeMans	2	-385.0911	553.8879
LeMans	2	-385.2637	553.7457
LeMans	2	-385.43484	553.60394
LeMans	2	-385.60513	553.46313
LeMans	2	-385.7754	553.32446
LeMans	2	-385.9466	553.18884
LeMans	2	-386.11957	553.05743
LeMans	2	-386.29556	552.93146
LeMans	2	-386.47577	552.8122
LeMans	2	-386.6594	552.69916
LeMans	2	-386.8461	552.59186
LeMans	2	-387.03522	552.49
LeMans	2	-387.22598	552.3928
LeMans	2	-387.41492	552.296
LeMans	2	-387.59836	552.19464
LeMans	2	-387.7765	552.0887
LeMans	2	-387.95163	551.9813
LeMans	2	-388.12543	551.8747
LeMans	2	-388.29904	551.7707
LeMans	2	-388.4741	551.6716
LeMans	2	-388.65256	551.5806
LeMans	2	-388.8334	551.49664
LeMans	2	-389.01535	551.4176
LeMans	2	-389.19803	551.3423
LeMans	2	-389.3827	551.26935
LeMans	2	-389.5708	551.19775
LeMans	2	-389.7634	551.1268
LeMans	2	-389.9606	551.05597
LeMans	2	-390.1623	550.9853
LeMans	2	-390.36816	550.91486
LeMans	2	-390.57806	550.8447
LeMans	2	-390.79187	550.7748
LeMans	2	-391.0095	550.7053
LeMans	2	-391.2311	550.6352
LeMans	2	-391.4572	550.5643
LeMans	2	-391.68765	550.49243
LeMans	2	-391.9204	550.4202
LeMans	2	-392.15323	550.3486
LeMans	2	-392.38467	550.2774
LeMans	2	-392.61542	550.2064
LeMans	2	-392.84564	550.13556
LeMans	2	-393.0754	550.06494
LeMans	2	-393.3047	549.9946
LeMans	2	-393.53323	549.9245
LeMans	2	-393.76096	549.8546
LeMans	2	-393.98776	549.785
LeMans	2	-394.21347	549.71545
LeMans	2	-394.43784	549.6461
LeMans	2	-394.66086	549.577
LeMans	2	-394.8824	549.5081
LeMans	2	-395.10202	549.43823
LeMans	2	-395.31863	549.364
LeMans	2	-395.5318	549.2846
LeMans	2	-395.74213	549.20184
LeMans	2	-395.94983	549.1168
LeMans	2	-396.15527	549.0301
LeMans	2	-396.35852	548.9423
LeMans	2	-396.55997	548.8544
LeMans	2	-396.76007	548.76746
LeMans	2	-396.95932	548.6829
LeMans	2	-397.15826	548.60175
LeMans	2	-397.35733	548.52484
LeMans	2	-397.55698	548.4532
LeMans	2	-397.75824	548.3888
LeMans	2	-397.96072	548.33105
LeMans	2	-398.16418	548.27924
LeMans	2	-398.36816	548.23206
LeMans	2	-398.57312	548.18744
LeMans	2	-398.7806	548.14325
LeMans	2	-398.99258	548.0996
LeMans	2	-399.20938	548.0566
LeMans	2	-399.4306	548.0137
LeMans	2	-399.65585	547.9704
LeMans	2	-399.8849	547.9268
LeMans	2	-400.1175	547.88324
LeMans	2	-400.35355	547.83984
LeMans	2	-400.59277	547.7966
LeMans	2	-400.83295	547.7539
LeMans	2	-401.0728	547.71136
LeMans	2	-401.31186	547.6686
LeMans	2	-401.55038	547.6256
LeMans	2	-401.78848	547.5827
LeMans	2	-402.02612	547.53986
LeMans	2	-402.26315	547.4971
LeMans	2	-402.49948	547.4544
LeMans	2	-402.73495	547.4118
LeMans	2	-402.96945	547.36926
LeMans	2	-403.2028	547.32684
LeMans	2	-403.43484	547.2844
LeMans	2	-403.6655	547.24207
LeMans	2	-403.89456	547.1998
LeMans	2	-404.1221	547.1576
LeMans	2	-404.34793	547.11554
LeMans	2	-404.57202	547.07355
LeMans	2	-404.7945	547.0317
LeMans	2	-405.01526	546.9899
LeMans	2	-405.2344	546.94836
LeMans	2	-405.45187	546.9069
LeMans	2	-405.66785	546.8656
LeMans	2	-405.8823	546.8245
LeMans	2	-406.0953	546.7837
LeMans	2	-406.30692	546.743
LeMans	2	-406.51706	546.70197
LeMans	2	-406.72604	546.6582
LeMans	2	-406.9353	546.6105
LeMans	2	-407.14682	546.55896
LeMans	2	-407.36145	546.50366
LeMans	2	-407.57895	546.4448
LeMans	2	-407.79886	546.38275
LeMans	2	-408.02142	546.31805
LeMans	2	-408.24594	546.2509
LeMans	2	-408.47046	546.1823
LeMans	2	-408.6935	546.1147
LeMans	2	-408.91537	546.0495
LeMans	2	-409.13705	545.9877
LeMans	2	-409.35956	545.9305
LeMans	2	-409.5832	545.879
LeMans	2	-409.80823	545.83484
LeMans	2	-410.0344	545.7973
LeMans	2	-410.26123	545.76575
LeMans	2	-410.48743	545.736
LeMans	2	-410.7115	545.70306
LeMans	2	-410.93335	545.66644
LeMans	2	-411.1532	545.6279
LeMans	2	-411.37152	545.58954
LeMans	2	-411.58875	545.55334
LeMans	2	-411.80515	545.5212
LeMans	2	-412.02148	545.4964
LeMans	2	-412.2379	545.48114
LeMans	2	-412.45377	545.4727
LeMans	2	-412.66843	545.4688
LeMans	2	-412.88162	545.4684
LeMans	2	-413.0932	545.471
LeMans	2	-413.30304	545.4762
LeMans	2	-413.5111	545.48364
LeMans	2	-413.71924	545.49316
LeMans	2	-413.92953	545.50446
LeMans	2	-414.1439	545.517
LeMans	2	-414.3622	545.5306
LeMans	2	-414.5848	545.5455
LeMans	2	-414.81128	545.56134
LeMans	2	-415.04135	545.5773
LeMans	2	-415.27448	545.59064
LeMans	2	-415.50845	545.60065
LeMans	2	-415.74088	545.6084
LeMans	2	-415.97183	545.6174
LeMans	2	-416.202	545.6269
LeMans	2	-416.4318	545.6406
LeMans	2	-416.661	545.66144
LeMans	2	-416.88956	545.6883
LeMans	2	-417.1173	545.7192
LeMans	2	-417.34396	545.7527
LeMans	2	-417.5694	545.7881
LeMans	2	-417.79346	545.82513
LeMans	2	-418.01605	545.8635
LeMans	2	-418.23694	545.903
LeMans	2	-418.4561	545.94336
LeMans	2	-418.67343	545.98444
LeMans	2	-418.88895	546.0261
LeMans	2	-419.10275	546.0683
LeMans	2	-419.3164	546.1112
LeMans	2	-419.5312	546.1553
LeMans	2	-419.74756	546.20154
LeMans	2	-419.96518	546.251
LeMans	2	-420.1838	546.30396
LeMans	2	-420.4032	546.3605
LeMans	2	-420.62308	546.4202
LeMans	2	-420.84207	546.48285
LeMans	2	-421.0586	546.5474
LeMans	2	-421.27295	546.6132
LeMans	2	-421.48584	546.6793
LeMans	2	-421.6979	546.7446
LeMans	2	-421.90955	546.808
LeMans	2	-422.121	546.8683
LeMans	2	-422.3326	546.9249
LeMans	2	-422.5446	546.977
LeMans	2	-422.757	547.0238
LeMans	2	-422.97006	547.0643
LeMans	2	-423.1836	547.0985
LeMans	2	-423.3973	547.1272
LeMans	2	-423.611	547.1507
LeMans	2	-423.8245	547.1692
LeMans	2	-424.0376	547.1826
LeMans	2	-424.25	547.1914
LeMans	2	-424.46097	547.1986
LeMans	2	-424.6702	547.20557
LeMans	2	-424.87836	547.2122
LeMans	2	-425.08777	547.21735
LeMans	2	-425.2998	547.2203
LeMans	2	-425.515	547.2204
LeMans	2	-425.7334	547.2177
LeMans	2	-425.95465	547.21216
LeMans	2	-426.1786	547.204
LeMans	2	-426.40393	547.1932
LeMans	2	-426.62778	547.1813
LeMans	2	-426.8491	547.16974
LeMans	2	-427.06863	547.1599
LeMans	2	-427.287	547.1526
LeMans	2	-427.50455	547.1478
LeMans	2	-427.72147	547.14496
LeMans	2	-427.93744	547.1432
LeMans	2	-428.15262	547.1419
LeMans	2	-428.3668	547.141
LeMans	2	-428.58002	547.1413
LeMans	2	-428.79218	547.1438
LeMans	2	-429.0032	547.1497
LeMans	2	-429.21304	547.16003
LeMans	2	-429.42163	547.17615
LeMans	2	-429.62897	547.1989
LeMans	2	-429.8349	547.22754
LeMans	2	-430.03934	547.26166
LeMans	2	-430.2421	547.3009
LeMans	2	-430.4431	547.34515
LeMans	2	-430.6421	547.39435
LeMans	2	-430.83905	547.4458
LeMans	2	-431.03403	547.49774
LeMans	2	-431.2271	547.54816
LeMans	2	-431.4191	547.5923
LeMans	2	-431.61063	547.62756
LeMans	2	-431.80133	547.65784
LeMans	2	-431.99097	547.6853
LeMans	2	-432.17932	547.7111
LeMans	2	-432.36627	547.7367
LeMans	2	-432.55164	547.7637
LeMans	2	-432.73514	547.79346
LeMans	2	-432.91675	547.82776
LeMans	2	-433.09613	547.87
LeMans	2	-433.2732	547.92
LeMans	2	-433.4481	547.97614
LeMans	2	-433.62103	548.0368
LeMans	2	-433.79236	548.1001
LeMans	2	-433.9621	548.1651
LeMans	2	-434.132	548.2313
LeMans	2	-434.30426	548.30005
LeMans	2	-434.47955	548.3717
LeMans	2	-434.65814	548.4462
LeMans	2	-434.83997	548.52325
LeMans	2	-435.02475	548.6025
LeMans	2	-435.21228	548.6839
LeMans	2	-435.40237	548.76746
LeMans	2	-435.59402	548.85266
LeMans	2	-435.7845	548.93866
LeMans	2	-435.97354	549.02423
LeMans	2	-436.1617	549.1093
LeMans	2	-436.34955	549.1941
LeMans	2	-436.53714	549.2788
LeMans	2	-436.72482	549.3639
LeMans	2	-436.91357	549.4495
LeMans	2	-437.1041	549.53613
LeMans	2	-437.29764	549.62415
LeMans	2	-437.4954	549.7137
LeMans	2	-437.6981	549.80444
LeMans	2	-437.9049	549.8971
LeMans	2	-438.11542	549.992
LeMans	2	-438.32928	550.0888
LeMans	2	-438.5455	550.18677
LeMans	2	-438.76187	550.28467
LeMans	2	-438.97684	550.3818
LeMans	2	-439.19058	550.4781
LeMans	2	-439.40378	550.574
LeMans	2	-439.6167	550.6695
LeMans	2	-439.82916	550.7646
LeMans	2	-440.04132	550.8593
LeMans	2	-440.25308	550.95325
LeMans	2	-440.46506	551.04474
LeMans	2	-440.678	551.13196
LeMans	2	-440.89172	551.21466
LeMans	2	-441.10565	551.2936
LeMans	2	-441.3195	551.36957
LeMans	2	-441.53278	551.44293
LeMans	2	-441.74524	551.5141
LeMans	2	-441.9565	551.5838
LeMans	2	-442.1662	551.6532
LeMans	2	-442.37375	551.7235
LeMans	2	-442.57877	551.7959
LeMans	2	-442.781	551.87134
LeMans	2	-442.98013	551.9505
LeMans	2	-443.17627	552.034
LeMans	2	-443.37006	552.1201
LeMans	2	-443.56235	552.2063
LeMans	2	-443.7537	552.29144
LeMans	2	-443.9442	552.3752
LeMans	2	-444.1339	552.4578
LeMans	2	-444.32242	552.54
LeMans	2	-444.50922	552.62305
LeMans	2	-444.6938	552.70856
LeMans	2	-444.8753	552.7983
LeMans	2	-445.0525	552.8959
LeMans	2	-445.22446	553.0011
LeMans	2	-445.3918	553.1116
LeMans	2	-445.5557	553.2249
LeMans	2	-445.7162	553.3403
LeMans	2	-445.87363	553.45703
LeMans	2	-446.02817	553.5749
LeMans	2	-446.1796	553.6933
LeMans	2	-446.32855	553.81256
LeMans	2	-446.47687	553.934
LeMans	2	-446.62698	554.05853
LeMans	2	-446.78027	554.18604
LeMans	2	-446.93665	554.31696
LeMans	2	-447.09518	554.45105
LeMans	2	-447.25537	554.5886
LeMans	2	-447.41705	554.73016
LeMans	2	-447.57974	554.874
LeMans	2	-447.74515	555.02094
LeMans	2	-447.9123	555.1704
LeMans	2	-448.0793	555.3211
LeMans	2	-448.24628	555.47144
LeMans	2	-448.4127	555.62103
LeMans	2	-448.57883	555.7703
LeMans	2	-448.7447	555.91925
LeMans	2	-448.91028	556.0679
LeMans	2	-449.0755	556.2162
LeMans	2	-449.2403	556.36395
LeMans	2	-449.40457	556.51117
LeMans	2	-449.56824	556.6576
LeMans	2	-449.73123	556.80334
LeMans	2	-449.89447	556.9495
LeMans	2	-450.05957	557.0971
LeMans	2	-450.22757	557.24646
LeMans	2	-450.39816	557.3972
LeMans	2	-450.57092	557.5495
LeMans	2	-450.74567	557.70325
LeMans	2	-450.9221	557.85815
LeMans	2	-451.0994	558.0137
LeMans	2	-451.27643	558.16876
LeMans	2	-451.45233	558.3227
LeMans	2	-451.62732	558.4756
LeMans	2	-451.8016	558.62775
LeMans	2	-451.97537	558.7794
LeMans	2	-452.14874	558.9305
LeMans	2	-452.32147	559.081
LeMans	2	-452.4936	559.23083
LeMans	2	-452.66498	559.3801
LeMans	2	-452.83554	559.5287
LeMans	2	-453.00522	559.67645
LeMans	2	-453.17383	559.82324
LeMans	2	-453.34143	559.9692
LeMans	2	-453.50793	560.1142
LeMans	2	-453.6733	560.2582
LeMans	2	-453.83752	560.40125
LeMans	2	-454.00064	560.54333
LeMans	2	-454.16275	560.6845
LeMans	2	-454.3238	560.82477
LeMans	2	-454.48376	560.9641
LeMans	2	-454.64273	561.10254
LeMans	2	-454.80066	561.2402
LeMans	2	-454.9576	561.37683
LeMans	2	-455.11374	561.5125
LeMans	2	-455.27066	561.64526
LeMans	2	-455.4293	561.7741
LeMans	2	-455.58932	561.8994
LeMans	2	-455.7505	562.0214
LeMans	2	-455.91232	562.1406
LeMans	2	-456.0746	562.25726
LeMans	2	-456.23706	562.37177
LeMans	2	-456.39935	562.48425
LeMans	2	-456.56128	562.59515
LeMans	2	-456.72266	562.7048
LeMans	2	-456.88297	562.8136
LeMans	2	-457.04172	562.9223
LeMans	2	-457.19818	563.03204
LeMans	2	-457.35168	563.14386
LeMans	2	-457.50156	563.2585
LeMans	2	-457.6474	563.3771
LeMans	2	-457.78836	563.50073
LeMans	2	-457.9246	563.6293
LeMans	2	-458.05667	563.7617
LeMans	2	-458.1856	563.8972
LeMans	2	-458.3132	564.0361
LeMans	2	-458.4401	564.1795
LeMans	2	-458.5663	564.3283
LeMans	2	-458.69183	564.48236
LeMans	2	-458.8163	564.6413
LeMans	2	-458.93948	564.8051
LeMans	2	-459.0613	564.9737
LeMans	2	-459.18158	565.14703
LeMans	2	-459.2997	565.3251
LeMans	2	-459.4156	565.5062
LeMans	2	-459.531	565.6872
LeMans	2	-459.6468	565.8664
LeMans	2	-459.7627	566.043
LeMans	2	-459.87924	566.2175
LeMans	2	-459.99655	566.39026
LeMans	2	-460.11426	566.5614
LeMans	2	-460.2322	566.73114
LeMans	2	-460.3502	566.89984
LeMans	2	-460.46783	567.0675
LeMans	2	-460.58508	567.2342
LeMans	2	-460.70172	567.3998
LeMans	2	-460.8177	567.5643
LeMans	2	-460.93274	567.72797
LeMans	2	-461.04666	567.8928
LeMans	2	-461.1598	568.0606
LeMans	2	-461.2721	568.232
LeMans	2	-461.3833	568.4071
LeMans	2	-461.49338	568.58563
LeMans	2	-461.60226	568.7671
LeMans	2	-461.70963	568.9502
LeMans	2	-461.81592	569.13275
LeMans	2	-461.92203	569.3132
LeMans	2	-462.02902	569.49146
LeMans	2	-462.138	569.6675
LeMans	2	-462.24988	569.84094
LeMans	2	-462.3653	570.01154
LeMans	2	-462.48523	570.1786
LeMans	2	-462.61023	570.34174
LeMans	2	-462.7394	570.5012
LeMans	2	-462.87167	570.6575
LeMans	2	-463.00494	570.8117
LeMans	2	-463.13834	570.9646
LeMans	2	-463.2723	571.11755
LeMans	2	-463.40823	571.27185
LeMans	2	-463.5468	571.4281
LeMans	2	-463.68826	571.58636
LeMans	2	-463.8324	571.7465
LeMans	2	-463.98007	571.90765
LeMans	2	-464.1319	572.0689
LeMans	2	-464.28757	572.22864
LeMans	2	-464.44504	572.3849
LeMans	2	-464.60303	572.5376
LeMans	2	-464.76105	572.6882
LeMans	2	-464.91858	572.8378
LeMans	2	-465.07486	572.9875
LeMans	2	-465.22937	573.1378
LeMans	2	-465.38144	573.28925
LeMans	2	-465.5307	573.4422
LeMans	2	-465.67667	573.5971
LeMans	2	-465.8189	573.75415
LeMans	2	-465.9565	573.91406
LeMans	2	-466.08893	574.0773
LeMans	2	-466.2178	574.24225
LeMans	2	-466.3463	574.40564
LeMans	2	-466.4767	574.56586
LeMans	2	-466.6104	574.7229
LeMans	2	-466.74713	574.87823
LeMans	2	-466.8862	575.03265
LeMans	2	-467.0267	575.187
LeMans	2	-467.16785	575.3424
LeMans	2	-467.30765	575.4987
LeMans	2	-467.4448	575.65643
LeMans	2	-467.57773	575.81586
LeMans	2	-467.7047	575.97906
LeMans	2	-467.82565	576.1465
LeMans	2	-467.94156	576.3172
LeMans	2	-468.05475	576.48926
LeMans	2	-468.168	576.663
LeMans	2	-468.28214	576.8409
LeMans	2	-468.39734	577.02405
LeMans	2	-468.51385	577.21216
LeMans	2	-468.6317	577.4044
LeMans	2	-468.7516	577.60034
LeMans	2	-468.87445	577.79877
LeMans	2	-469.00168	577.998
LeMans	2	-469.1323	578.1966
LeMans	2	-469.26395	578.39404
LeMans	2	-469.39746	578.589
LeMans	2	-469.53214	578.78204
LeMans	2	-469.66647	578.97485
LeMans	2	-469.79892	579.1687
LeMans	2	-469.92834	579.3642
LeMans	2	-470.05307	579.5623
LeMans	2	-470.1707	579.7647
LeMans	2	-470.28116	579.97107
LeMans	2	-470.38635	580.1796
LeMans	2	-470.48843	580.3888
LeMans	2	-470.58777	580.59814
LeMans	2	-470.68466	580.80707
LeMans	2	-470.77936	581.0155
LeMans	2	-470.87192	581.2231
LeMans	2	-470.96252	581.4296
LeMans	2	-471.05133	581.63513
LeMans	2	-471.1384	581.8394
LeMans	2	-471.224	582.04254
LeMans	2	-471.30835	582.2447
LeMans	2	-471.39178	582.4463
LeMans	2	-471.47446	582.6475
LeMans	2	-471.55658	582.84863
LeMans	2	-471.63858	583.0509
LeMans	2	-471.72116	583.2562
LeMans	2	-471.80365	583.4656
LeMans	2	-471.8852	583.6793
LeMans	2	-471.96527	583.89734
LeMans	2	-472.0437	584.11957
LeMans	2	-472.12048	584.34564
LeMans	2	-472.19537	584.57465
LeMans	2	-472.2685	584.8047
LeMans	2	-472.34085	585.0342
LeMans	2	-472.41357	585.26245
LeMans	2	-472.48788	585.4891
LeMans	2	-472.56482	585.71423
LeMans	2	-472.64502	585.9376
LeMans	2	-472.72913	586.15906
LeMans	2	-472.81775	586.37836
LeMans	2	-472.9121	586.59485
LeMans	2	-473.01202	586.8084
LeMans	2	-473.11655	587.01917
LeMans	2	-473.22302	587.2279
LeMans	2	-473.3303	587.4349
LeMans	2	-473.43796	587.64
LeMans	2	-473.54703	587.84357
LeMans	2	-473.6589	588.046
LeMans	2	-473.7744	588.2476
LeMans	2	-473.89355	588.4485
LeMans	2	-474.0162	588.6493
LeMans	2	-474.14233	588.8506
LeMans	2	-474.27185	589.0527
LeMans	2	-474.4039	589.2556
LeMans	2	-474.53754	589.45935
LeMans	2	-474.67093	589.66376
LeMans	2	-474.80237	589.8682
LeMans	2	-474.93085	590.0724
LeMans	2	-475.05573	590.27716
LeMans	2	-475.17642	590.4835
LeMans	2	-475.29236	590.692
LeMans	2	-475.40265	590.90314
LeMans	2	-475.50687	591.117
LeMans	2	-475.60556	591.3331
LeMans	2	-475.70053	591.5502
LeMans	2	-475.79385	591.7668
LeMans	2	-475.8869	591.9833
LeMans	2	-475.9805	592.20215
LeMans	2	-476.07486	592.42535
LeMans	2	-476.1703	592.65344
LeMans	2	-476.26688	592.88586
LeMans	2	-476.36462	593.1226
LeMans	2	-476.4635	593.3636
LeMans	2	-476.56348	593.60864
LeMans	2	-476.66428	593.8573
LeMans	2	-476.7654	594.1078
LeMans	2	-476.8661	594.35834
LeMans	2	-476.96567	594.60846
LeMans	2	-477.06552	594.8574
LeMans	2	-477.1655	595.1058
LeMans	2	-477.26553	595.35376
LeMans	2	-477.3655	595.6012
LeMans	2	-477.46518	595.8482
LeMans	2	-477.56494	596.09595
LeMans	2	-477.66586	596.3464
LeMans	2	-477.76898	596.60095
LeMans	2	-477.8759	596.85956
LeMans	2	-477.98862	597.121
LeMans	2	-478.10553	597.3853
LeMans	2	-478.22516	597.653
LeMans	2	-478.34738	597.9237
LeMans	2	-478.472	598.19696
LeMans	2	-478.59787	598.47095
LeMans	2	-478.72363	598.7443
LeMans	2	-478.84796	599.017
LeMans	2	-478.96948	599.29034
LeMans	2	-479.08765	599.56476
LeMans	2	-479.20135	599.8405
LeMans	2	-479.30875	600.1182
LeMans	2	-479.40866	600.3979
LeMans	2	-479.504	600.6782
LeMans	2	-479.59686	600.9584
LeMans	2	-479.68735	601.2374
LeMans	2	-479.7754	601.51544
LeMans	2	-479.8623	601.7932
LeMans	2	-479.9476	602.0688
LeMans	2	-480.0314	602.3435
LeMans	2	-480.11435	602.61743
LeMans	2	-480.19672	602.89136
LeMans	2	-480.27917	603.1682
LeMans	2	-480.3624	603.4478
LeMans	2	-480.4466	603.7319
LeMans	2	-480.53186	604.02203
LeMans	2	-480.61777	604.31683
LeMans	2	-480.70444	604.6164
LeMans	2	-480.79193	604.92053
LeMans	2	-480.88065	605.2294
LeMans	2	-480.97028	605.54193
LeMans	2	-481.06055	605.8571
LeMans	2	-481.15152	606.175
LeMans	2	-481.2431	606.49567
LeMans	2	-481.3358	606.82007
LeMans	2	-481.4292	607.1469
LeMans	2	-481.5244	607.4789
LeMans	2	-481.6217	607.81726
LeMans	2	-481.72113	608.1624
LeMans	2	-481.82242	608.5139
LeMans	2	-481.92557	608.87213
LeMans	2	-482.031	609.23773
LeMans	2	-482.13928	609.61255
LeMans	2	-482.2486	609.99084
LeMans	2	-482.35983	610.37524
LeMans	2	-482.47302	610.76587
LeMans	2	-482.58765	611.1616
LeMans	2	-482.70322	611.5611
LeMans	2	-482.81976	611.9639
LeMans	2	-482.93716	612.37006
LeMans	2	-483.05554	612.7796
LeMans	2	-483.1749	613.19293
LeMans	2	-483.29514	613.6088
LeMans	2	-483.41635	614.02814
LeMans	2	-483.53897	614.4525
LeMans	2	-483.66318	614.8828
LeMans	2	-483.78906	615.3187
LeMans	2	-483.91562	615.7572
LeMans	2	-484.042	616.1948
LeMans	2	-484.1676	616.6301
LeMans	2	-484.2929	617.0643
LeMans	2	-484.41806	617.4979
LeMans	2	-484.54306	617.931
LeMans	2	-484.66788	618.3637
LeMans	2	-484.79245	618.79535
LeMans	2	-484.91666	619.22614
LeMans	2	-485.04053	619.65564
LeMans	2	-485.164	620.0837
LeMans	2	-485.287	620.51013
LeMans	2	-485.40945	620.93494
LeMans	2	-485.5313	621.35785
LeMans	2	-485.65265	621.77875
LeMans	2	-485.77338	622.1975
LeMans	2	-485.89355	622.61414
LeMans	2	-486.0129	623.0286
LeMans	2	-486.13174	623.441
LeMans	2	-486.25	623.85114
LeMans	2	-486.3676	624.25916
LeMans	2	-486.48456	624.66504
LeMans	2	-486.60092	625.06885
LeMans	2	-486.71512	625.47107
LeMans	2	-486.82407	625.8726
LeMans	2	-486.92737	626.2737
LeMans	2	-487.02576	626.67395
LeMans	2	-487.12042	627.0731
LeMans	2	-487.21326	627.4707
LeMans	2	-487.30615	627.8662
LeMans	2	-487.40088	628.2593
LeMans	2	-487.49878	628.6496
LeMans	2	-487.6014	629.0368
LeMans	2	-487.71185	629.42017
LeMans	2	-487.82898	629.7998
LeMans	2	-487.9491	630.17676
LeMans	2	-488.0705	630.55133
LeMans	2	-488.19232	630.92377
LeMans	2	-488.31424	631.2942
LeMans	2	-488.43597	631.6625
LeMans	2	-488.55746	632.0289
LeMans	2	-488.6786	632.39343
LeMans	2	-488.79932	632.7561
LeMans	2	-488.9196	633.1169
LeMans	2	-489.03934	633.4758
LeMans	2	-489.1585	633.833
LeMans	2	-489.2771	634.18835
LeMans	2	-489.39508	634.542
LeMans	2	-489.51242	634.8939
LeMans	2	-489.62912	635.244
LeMans	2	-489.74527	635.5924
LeMans	2	-489.86078	635.939
LeMans	2	-489.97574	636.28406
LeMans	2	-490.09006	636.6273
LeMans	2	-490.20383	636.969
LeMans	2	-490.3169	637.30896
LeMans	2	-490.42932	637.64734
LeMans	2	-490.54117	637.9841
LeMans	2	-490.65234	638.31915
LeMans	2	-490.76285	638.6526
LeMans	2	-490.8727	638.9844
LeMans	2	-490.982	639.3146
LeMans	2	-491.09058	639.64307
LeMans	2	-491.1986	639.9699
LeMans	2	-491.306	640.29517
LeMans	2	-491.41287	640.6187
LeMans	2	-491.51917	640.94055
LeMans	2	-491.62485	641.26086
LeMans	2	-491.72998	641.57947
LeMans	2	-491.83463	641.8965
LeMans	2	-491.9387	642.21185
LeMans	2	-492.0422	642.5256
LeMans	2	-492.14542	642.8376
LeMans	2	-492.2499	643.14746
LeMans	2	-492.3569	643.45465
LeMans	2	-492.46616	643.7594
LeMans	2	-492.57703	644.06177
LeMans	2	-492.68893	644.362
LeMans	2	-492.8011	644.66064
LeMans	2	-492.91214	644.9576
LeMans	2	-493.02124	645.25354
LeMans	2	-493.12778	645.54877
LeMans	2	-493.23108	645.8433
LeMans	2	-493.3305	646.1375
LeMans	2	-493.4251	646.4317
LeMans	2	-493.5165	646.7253
LeMans	2	-493.60498	647.0182
LeMans	2	-493.69147	647.31
LeMans	2	-493.77664	647.6006
LeMans	2	-493.8608	647.88965
LeMans	2	-493.9442	648.17725
LeMans	2	-494.02686	648.4633
LeMans	2	-494.10895	648.74786
LeMans	2	-494.19037	649.0308
LeMans	2	-494.27124	649.31226
LeMans	2	-494.35165	649.5921
LeMans	2	-494.43164	649.8708
LeMans	2	-494.51175	650.1505
LeMans	2	-494.59305	650.43396
LeMans	2	-494.6758	650.7217
LeMans	2	-494.76004	651.01385
LeMans	2	-494.8455	651.31
LeMans	2	-494.93213	651.6102
LeMans	2	-495.01984	651.91406
LeMans	2	-495.10876	652.2218
LeMans	2	-495.19885	652.53357
LeMans	2	-495.2902	652.8494
LeMans	2	-495.3826	653.16846
LeMans	2	-495.47537	653.48846
LeMans	2	-495.56784	653.8072
LeMans	2	-495.65994	654.1248
LeMans	2	-495.75186	654.4417
LeMans	2	-495.84363	654.758
LeMans	2	-495.93518	655.0735
LeMans	2	-496.02652	655.3882
LeMans	2	-496.11752	655.702
LeMans	2	-496.20828	656.01465
LeMans	2	-496.2986	656.32605
LeMans	2	-496.38882	656.6368
LeMans	2	-496.47916	656.94824
LeMans	2	-496.57047	657.2627
LeMans	2	-496.663	657.5815
LeMans	2	-496.75693	657.9053
LeMans	2	-496.85233	658.23413
LeMans	2	-496.94925	658.5676
LeMans	2	-497.04752	658.9058
LeMans	2	-497.14713	659.2485
LeMans	2	-497.248	659.5956
LeMans	2	-497.3502	659.94714
LeMans	2	-497.4535	660.30273
LeMans	2	-497.5577	660.6616
LeMans	2	-497.66287	661.02356
LeMans	2	-497.76892	661.3888
LeMans	2	-497.87646	661.75903
LeMans	2	-497.985	662.1327
LeMans	2	-498.09506	662.5118
LeMans	2	-498.20667	662.8963
LeMans	2	-498.31897	663.2829
LeMans	2	-498.4315	663.6678
LeMans	2	-498.5461	664.0498
LeMans	2	-498.6617	664.43036
LeMans	2	-498.77646	664.81006
LeMans	2	-498.8886	665.1896
LeMans	2	-498.99838	665.5687
LeMans	2	-499.10745	665.94684
LeMans	2	-499.21628	666.3238
LeMans	2	-499.324	666.69946
LeMans	2	-499.4307	667.0739
LeMans	2	-499.53674	667.4467
LeMans	2	-499.64243	667.8176
LeMans	2	-499.74756	668.18665
LeMans	2	-499.8522	668.55365
LeMans	2	-499.95624	668.9185
LeMans	2	-500.05972	669.2813
LeMans	2	-500.1626	669.642
LeMans	2	-500.26492	670.00055
LeMans	2	-500.36664	670.3571
LeMans	2	-500.4677	670.71173
LeMans	2	-500.5682	671.0642
LeMans	2	-500.66824	671.41486
LeMans	2	-500.76764	671.76355
LeMans	2	-500.86664	672.1106
LeMans	2	-500.965	672.4557
LeMans	2	-501.06293	672.79895
LeMans	2	-501.1603	673.1405
LeMans	2	-501.25717	673.4803
LeMans	2	-501.35352	673.81836
LeMans	2	-501.44943	674.1546
LeMans	2	-501.5448	674.4892
LeMans	2	-501.63965	674.8221
LeMans	2	-501.734	675.15314
LeMans	2	-501.8279	675.4825
LeMans	2	-501.92133	675.81024
LeMans	2	-502.01422	676.13617
LeMans	2	-502.1066	676.46045
LeMans	2	-502.19846	676.7831
LeMans	2	-502.28992	677.10394
LeMans	2	-502.3808	677.4231
LeMans	2	-502.47128	677.7406
LeMans	2	-502.56125	678.05646
LeMans	2	-502.65158	678.37036
LeMans	2	-502.74588	678.68134
LeMans	2	-502.84436	678.98926
LeMans	2	-502.94577	679.2946
LeMans	2	-503.04938	679.5974
LeMans	2	-503.15433	679.898
LeMans	2	-503.25943	680.1967
LeMans	2	-503.3633	680.494
LeMans	2	-503.46487	680.7902
LeMans	2	-503.56314	681.08575
LeMans	2	-503.65756	681.38086
LeMans	2	-503.74728	681.67566
LeMans	2	-503.83093	681.971
LeMans	2	-503.9076	682.26685
LeMans	2	-503.97964	682.5624
LeMans	2	-504.04874	682.8572
LeMans	2	-504.1158	683.1505
LeMans	2	-504.18124	683.4426
LeMans	2	-504.2454	683.7331
LeMans	2	-504.30832	684.02216
LeMans	2	-504.37027	684.30975
LeMans	2	-504.4313	684.59576
LeMans	2	-504.49164	684.88055
LeMans	2	-504.5514	685.1655
LeMans	2	-504.6112	685.4526
LeMans	2	-504.67178	685.7436
LeMans	2	-504.73343	686.0394
LeMans	2	-504.79596	686.3404
LeMans	2	-504.859	686.64636
LeMans	2	-504.92242	686.95624
LeMans	2	-504.9862	687.2709
LeMans	2	-505.0499	687.59064
LeMans	2	-505.1132	687.91504
LeMans	2	-505.1758	688.24225
LeMans	2	-505.23785	688.5701
LeMans	2	-505.29974	688.89746
LeMans	2	-505.3623	689.2241
LeMans	2	-505.42593	689.55005
LeMans	2	-505.49115	689.8751
LeMans	2	-505.55823	690.1993
LeMans	2	-505.62714	690.5223
LeMans	2	-505.69818	690.8438
LeMans	2	-505.771	691.16376
LeMans	2	-505.8437	691.4824
LeMans	2	-505.91687	691.7996
LeMans	2	-505.9907	692.11584
LeMans	2	-506.06363	692.4333
LeMans	2	-506.13428	692.7545
LeMans	2	-506.20135	693.0803
LeMans	2	-506.2664	693.41016
LeMans	2	-506.33093	693.7433
LeMans	2	-506.3964	694.07935
LeMans	2	-506.4638	694.4182
LeMans	2	-506.53433	694.75916
LeMans	2	-506.60895	695.1005
LeMans	2	-506.68823	695.4403
LeMans	2	-506.76953	695.77765
LeMans	2	-506.85303	696.11304
LeMans	2	-506.93787	696.44727
LeMans	2	-507.02322	696.7803
LeMans	2	-507.10876	697.11224
LeMans	2	-507.19427	697.44293
LeMans	2	-507.27975	697.77234
LeMans	2	-507.36502	698.1004
LeMans	2	-507.45004	698.42694
LeMans	2	-507.53476	698.7517
LeMans	2	-507.61917	699.0749
LeMans	2	-507.70358	699.39746
LeMans	2	-507.78842	699.7213
LeMans	2	-507.87402	700.04865
LeMans	2	-507.96054	700.3804
LeMans	2	-508.04803	700.7165
LeMans	2	-508.13675	701.05707
LeMans	2	-508.22656	701.40204
LeMans	2	-508.31747	701.75134
LeMans	2	-508.40952	702.10486
LeMans	2	-508.50256	702.46277
LeMans	2	-508.59674	702.8251
LeMans	2	-508.69205	703.192
LeMans	2	-508.78842	703.56305
LeMans	2	-508.88553	703.9367
LeMans	2	-508.98264	704.31116
LeMans	2	-509.0797	704.68567
LeMans	2	-509.1766	705.0597
LeMans	2	-509.27332	705.4328
LeMans	2	-509.36978	705.8051
LeMans	2	-509.466	706.17645
LeMans	2	-509.56198	706.5467
LeMans	2	-509.6576	706.9158
LeMans	2	-509.75293	707.2835
LeMans	2	-509.84784	707.64984
LeMans	2	-509.94238	708.0146
LeMans	2	-510.03647	708.37756
LeMans	2	-510.13004	708.73865
LeMans	2	-510.22314	709.0978
LeMans	2	-510.31573	709.45496
LeMans	2	-510.40784	709.81006
LeMans	2	-510.49936	710.1632
LeMans	2	-510.59042	710.5143
LeMans	2	-510.68094	710.86334
LeMans	2	-510.77097	711.2104
LeMans	2	-510.8605	711.55554
LeMans	2	-510.9496	711.89886
LeMans	2	-511.03854	712.24194
LeMans	2	-511.12802	712.5869
LeMans	2	-511.21854	712.9356
LeMans	2	-511.31015	713.2885
LeMans	2	-511.40283	713.6456
LeMans	2	-511.49658	714.00696
LeMans	2	-511.59137	714.372
LeMans	2	-511.68707	714.7408
LeMans	2	-511.78375	715.1134
LeMans	2	-511.88147	715.49
LeMans	2	-511.9801	715.8701
LeMans	2	-512.0791	716.25146
LeMans	2	-512.178	716.63214
LeMans	2	-512.2765	717.01184
LeMans	2	-512.3749	717.39075
LeMans	2	-512.4731	717.7688
LeMans	2	-512.5711	718.1462
LeMans	2	-512.6689	718.5224
LeMans	2	-512.7664	718.89764
LeMans	2	-512.86365	719.2717
LeMans	2	-512.9605	719.6444
LeMans	2	-513.057	720.0157
LeMans	2	-513.153	720.38513
LeMans	2	-513.24866	720.75287
LeMans	2	-513.34375	721.11865
LeMans	2	-513.4384	721.4824
LeMans	2	-513.5325	721.8441
LeMans	2	-513.62604	722.2035
LeMans	2	-513.7195	722.5626
LeMans	2	-513.8135	722.9239
LeMans	2	-513.90845	723.2885
LeMans	2	-514.0046	723.65796
LeMans	2	-514.1021	724.03253
LeMans	2	-514.201	724.4124
LeMans	2	-514.30133	724.7975
LeMans	2	-514.40283	725.1875
LeMans	2	-514.5051	725.5806
LeMans	2	-514.6069	725.9745
LeMans	2	-514.7051	726.36816
LeMans	2	-514.7999	726.76105
LeMans	2	-514.8926	727.15314
LeMans	2	-514.9835	727.5445
LeMans	2	-515.07324	727.9349
LeMans	2	-515.1623	728.32404
LeMans	2	-515.2509	728.71185
LeMans	2	-515.33936	729.0981
LeMans	2	-515.4273	729.483
LeMans	2	-515.51404	729.86633
LeMans	2	-515.59875	730.2483
LeMans	2	-515.6816	730.6286
LeMans	2	-515.76263	731.0071
LeMans	2	-515.8426	731.3839
LeMans	2	-515.92267	731.7586
LeMans	2	-516.00433	732.131
LeMans	2	-516.08923	732.50055
LeMans	2	-516.17786	732.8664
LeMans	2	-516.2704	733.22406
LeMans	2	-516.3671	733.5724
LeMans	2	-516.4683	733.91406
LeMans	2	-516.57404	734.2492
LeMans	2	-516.6841	734.57764
LeMans	2	-516.79816	734.89935
LeMans	2	-516.916	735.21375
LeMans	2	-517.03723	735.5206
LeMans	2	-517.159	735.8203
LeMans	2	-517.2788	736.11316
LeMans	2	-517.3959	736.39966
LeMans	2	-517.5097	736.6795
LeMans	2	-517.62054	736.95294
LeMans	2	-517.72845	737.21967
LeMans	2	-517.83356	737.4796
LeMans	2	-517.9347	737.733
LeMans	2	-518.028	737.9814
LeMans	2	-518.1132	738.2257
LeMans	2	-518.19104	738.4654
LeMans	2	-518.26215	738.7007
LeMans	2	-518.3272	738.9311
LeMans	2	-518.38794	739.15753
LeMans	2	-518.4476	739.3834
LeMans	2	-518.5082	739.60614
LeMans	2	-518.56903	739.8257
LeMans	2	-518.6299	740.04224
LeMans	2	-518.6911	740.25586
LeMans	2	-518.7532	740.4668
LeMans	2	-518.8169	740.6751
LeMans	2	-518.8824	740.881
LeMans	2	-518.9499	741.08435
LeMans	2	-519.0195	741.2854
LeMans	2	-519.0917	741.48425
LeMans	2	-519.1673	741.68066
LeMans	2	-519.24774	741.8747
LeMans	2	-519.3348	742.0654
LeMans	2	-519.4305	742.2518
LeMans	2	-519.53375	742.4336
LeMans	2	-519.6434	742.6108
LeMans	2	-519.7589	742.7831
LeMans	2	-519.8797	742.95105
LeMans	2	-520.0067	743.11694
LeMans	2	-520.1406	743.28186
LeMans	2	-520.2815	743.4461
LeMans	2	-520.42865	743.60974
LeMans	2	-520.5819	743.7732
LeMans	2	-520.74225	743.9333
LeMans	2	-520.90326	744.08887
LeMans	2	-521.05896	744.2442
LeMans	2	-521.2063	744.40344
LeMans	2	-521.3458	744.5635
LeMans	2	-521.4836	744.72766
LeMans	2	-521.62134	744.89246
LeMans	2	-521.75964	745.05817
LeMans	2	-521.9006	745.21747
LeMans	2	-522.0431	745.3761
LeMans	2	-522.1861	745.5314
LeMans	2	-522.3289	745.68665
LeMans	2	-522.47314	745.8368
LeMans	2	-522.6188	745.9841
LeMans	2	-522.767	746.1284
LeMans	2	-522.9234	746.26337
LeMans	2	-523.0855	746.38763
LeMans	2	-523.25073	746.50616
LeMans	2	-523.41595	746.6223
LeMans	2	-523.58075	746.7349
LeMans	2	-523.74506	746.8488
LeMans	2	-523.91	746.96063
LeMans	2	-524.0757	747.06793
LeMans	2	-524.2423	747.1736
LeMans	2	-524.4103	747.2763
LeMans	2	-524.57935	747.3753
LeMans	2	-524.749	747.4697
LeMans	2	-524.9191	747.5604
LeMans	2	-525.08984	747.64716
LeMans	2	-525.2614	747.7295
LeMans	2	-525.4341	747.80676
LeMans	2	-525.60785	747.8785
LeMans	2	-525.7828	747.944
LeMans	2	-525.9588	748.0029
LeMans	2	-526.1357	748.055
LeMans	2	-526.3134	748.09827
LeMans	2	-526.4919	748.12976
LeMans	2	-526.66974	748.14905
LeMans	2	-526.8456	748.1571
LeMans	2	-527.0182	748.15497
LeMans	2	-527.187	748.1432
LeMans	2	-527.3515	748.12256
LeMans	2	-527.5114	748.0935
LeMans	2	-527.6677	748.0565
LeMans	2	-527.8227	748.0126
LeMans	2	-527.9777	747.9621
LeMans	2	-528.13354	747.90576
LeMans	2	-528.29047	747.8438
LeMans	2	-528.4485	747.7763
LeMans	2	-528.60736	747.7037
LeMans	2	-528.76685	747.62616
LeMans	2	-528.9269	747.54333
LeMans	2	-529.08765	747.4559
LeMans	2	-529.24945	747.36285
LeMans	2	-529.4131	747.26685
LeMans	2	-529.5789	747.167
LeMans	2	-529.74536	747.0629
LeMans	2	-529.91364	746.95636
LeMans	2	-530.0842	746.8469
LeMans	2	-530.2562	746.7322
LeMans	2	-530.43024	746.6116
LeMans	2	-530.6095	746.4873
LeMans	2	-530.79016	746.36304
LeMans	2	-530.97363	746.2385
LeMans	2	-531.1582	746.1142
LeMans	2	-531.3478	745.9912
LeMans	2	-531.5376	745.8715
LeMans	2	-531.72723	745.7531
LeMans	2	-531.9195	745.6375
LeMans	2	-532.1142	745.5249
LeMans	2	-532.31055	745.4159
LeMans	2	-532.5109	745.309
LeMans	2	-532.7094	745.2081
LeMans	2	-532.9097	745.11304
LeMans	2	-533.11224	745.0232
LeMans	2	-533.3165	744.93866
LeMans	2	-533.5228	744.86
LeMans	2	-533.7307	744.7878
LeMans	2	-533.9394	744.7219
LeMans	2	-534.14813	744.66223
LeMans	2	-534.3565	744.6085
LeMans	2	-534.5643	744.56036
LeMans	2	-534.7714	744.5182
LeMans	2	-534.9776	744.48175
LeMans	2	-535.1815	744.44763
LeMans	2	-535.38043	744.4066
LeMans	2	-535.57404	744.3564
LeMans	2	-535.7641	744.3003
LeMans	2	-535.95074	744.2386
LeMans	2	-536.13434	744.1733
LeMans	2	-536.3159	744.10657
LeMans	2	-536.4969	744.04193
LeMans	2	-536.6783	743.9823
LeMans	2	-536.8616	743.9309
LeMans	2	-537.0471	743.8882
LeMans	2	-537.23395	743.853
LeMans	2	-537.4224	743.8238
LeMans	2	-537.61127	743.798
LeMans	2	-537.7998	743.77454
LeMans	2	-537.98785	743.7534
LeMans	2	-538.1748	743.73444
LeMans	2	-538.3599	743.71796
LeMans	2	-538.5437	743.7035
LeMans	2	-538.72595	743.69073
LeMans	2	-538.9066	743.6792
LeMans	2	-539.08563	743.6689
LeMans	2	-539.26294	743.6595
LeMans	2	-539.43884	743.6512
LeMans	2	-539.6164	743.6434
LeMans	2	-539.79724	743.63574
LeMans	2	-539.9821	743.6278
LeMans	2	-540.1712	743.61945
LeMans	2	-540.364	743.6112
LeMans	2	-540.5604	743.6036
LeMans	2	-540.76	743.5966
LeMans	2	-540.96246	743.591
LeMans	2	-541.16766	743.5871
LeMans	2	-541.37604	743.5848
LeMans	2	-541.5878	743.5842
LeMans	2	-541.80396	743.58606
LeMans	2	-542.0253	743.59015
LeMans	2	-542.2522	743.5956
LeMans	2	-542.482	743.60156
LeMans	2	-542.7113	743.60645
LeMans	2	-542.9398	743.60925
LeMans	2	-543.16797	743.6087
LeMans	2	-543.3958	743.60406
LeMans	2	-543.6233	743.59485
LeMans	2	-543.8502	743.57965
LeMans	2	-544.07654	743.55835
LeMans	2	-544.30225	743.53125
LeMans	2	-544.52704	743.50116
LeMans	2	-544.7504	743.47003
LeMans	2	-544.97235	743.43787
LeMans	2	-545.1928	743.4049
LeMans	2	-545.4117	743.37115
LeMans	2	-545.62836	743.33704
LeMans	2	-545.8432	743.30255
LeMans	2	-546.05646	743.26794
LeMans	2	-546.26794	743.23334
LeMans	2	-546.4776	743.199
LeMans	2	-546.6854	743.1646
LeMans	2	-546.8914	743.13043
LeMans	2	-547.0958	743.0964
LeMans	2	-547.29877	743.06274
LeMans	2	-547.50024	743.0293
LeMans	2	-547.7003	742.9962
LeMans	2	-547.8991	742.96344
LeMans	2	-548.0965	742.9311
LeMans	2	-548.29266	742.89905
LeMans	2	-548.4874	742.8673
LeMans	2	-548.6814	742.836
LeMans	2	-548.875	742.8048
LeMans	2	-549.06903	742.7737
LeMans	2	-549.2651	742.7422
LeMans	2	-549.4652	742.7102
LeMans	2	-549.6702	742.67786
LeMans	2	-549.8798	742.64496
LeMans	2	-550.0937	742.6113
LeMans	2	-550.3112	742.57697
LeMans	2	-550.5322	742.54224
LeMans	2	-550.75696	742.5071
LeMans	2	-550.98535	742.4713
LeMans	2	-551.2184	742.4348
LeMans	2	-551.45605	742.3976
LeMans	2	-551.6964	742.3598
LeMans	2	-551.9363	742.3223
LeMans	2	-552.175	742.285
LeMans	2	-552.41327	742.2476
LeMans	2	-552.65125	742.2102
LeMans	2	-552.8888	742.17285
LeMans	2	-553.126	742.13544
LeMans	2	-553.36255	742.0983
LeMans	2	-553.5986	742.06195
LeMans	2	-553.83417	742.0292
LeMans	2	-554.06946	742.00116
LeMans	2	-554.30414	741.9769
LeMans	2	-554.53796	741.9559
LeMans	2	-554.77057	741.9371
LeMans	2	-555.0015	741.9196
LeMans	2	-555.23083	741.9021
LeMans	2	-555.45825	741.8836
LeMans	2	-555.6837	741.86273
LeMans	2	-555.90717	741.83875
LeMans	2	-556.1286	741.81085
LeMans	2	-556.34784	741.77734
LeMans	2	-556.5648	741.7367
LeMans	2	-556.7797	741.6917
LeMans	2	-556.99286	741.6442
LeMans	2	-557.20447	741.59515
LeMans	2	-557.4145	741.5449
LeMans	2	-557.62286	741.494
LeMans	2	-557.8297	741.4428
LeMans	2	-558.03503	741.3914
LeMans	2	-558.2388	741.33984
LeMans	2	-558.44104	741.2881
LeMans	2	-558.6422	741.23645
LeMans	2	-558.84406	741.18427
LeMans	2	-559.04834	741.1312
LeMans	2	-559.2562	741.0774
LeMans	2	-559.4682	741.02264
LeMans	2	-559.6845	740.96686
LeMans	2	-559.90485	740.90985
LeMans	2	-560.12885	740.85156
LeMans	2	-560.356	740.7921
LeMans	2	-560.58545	740.7319
LeMans	2	-560.8158	740.6713
LeMans	2	-561.0458	740.611
LeMans	2	-561.2747	740.5514
LeMans	2	-561.5031	740.49194
LeMans	2	-561.73126	740.43286
LeMans	2	-561.9591	740.37396
LeMans	2	-562.1864	740.31537
LeMans	2	-562.4132	740.25696
LeMans	2	-562.63934	740.1989
LeMans	2	-562.8646	740.14105
LeMans	2	-563.0893	740.0837
LeMans	2	-563.3157	740.0257
LeMans	2	-563.5455	739.9669
LeMans	2	-563.7789	739.9074
LeMans	2	-564.01526	739.84717
LeMans	2	-564.25433	739.78625
LeMans	2	-564.49603	739.7247
LeMans	2	-564.7399	739.66254
LeMans	2	-564.98456	739.60016
LeMans	2	-565.2279	739.5367
LeMans	2	-565.469	739.4713
LeMans	2	-565.7083	739.4041
LeMans	2	-565.94635	739.3355
LeMans	2	-566.1836	739.2667
LeMans	2	-566.4203	739.19867
LeMans	2	-566.6566	739.1323
LeMans	2	-566.8925	739.06805
LeMans	2	-567.1283	739.0067
LeMans	2	-567.3636	738.94836
LeMans	2	-567.5979	738.891
LeMans	2	-567.83124	738.8355
LeMans	2	-568.0635	738.7815
LeMans	2	-568.2943	738.7283
LeMans	2	-568.52356	738.67554
LeMans	2	-568.7514	738.6231
LeMans	2	-568.9778	738.571
LeMans	2	-569.2026	738.5191
LeMans	2	-569.4259	738.46747
LeMans	2	-569.6478	738.41614
LeMans	2	-569.86835	738.3651
LeMans	2	-570.0874	738.31433
LeMans	2	-570.30505	738.2638
LeMans	2	-570.5215	738.2135
LeMans	2	-570.7365	738.1635
LeMans	2	-570.9502	738.1137
LeMans	2	-571.16266	738.0642
LeMans	2	-571.3737	738.01495
LeMans	2	-571.58356	737.966
LeMans	2	-571.79205	737.91724
LeMans	2	-571.9993	737.86884
LeMans	2	-572.2054	737.8207
LeMans	2	-572.41016	737.7729
LeMans	2	-572.6137	737.7253
LeMans	2	-572.816	737.67804
LeMans	2	-573.017	737.631
LeMans	2	-573.21686	737.58435
LeMans	2	-573.4154	737.53796
LeMans	2	-573.61273	737.4919
LeMans	2	-573.8088	737.446
LeMans	2	-574.0036	737.4005
LeMans	2	-574.19714	737.3553
LeMans	2	-574.38947	737.31036
LeMans	2	-574.5806	737.2657
LeMans	2	-574.7706	737.2213
LeMans	2	-574.95935	737.17725
LeMans	2	-575.14685	737.1335
LeMans	2	-575.33325	737.0899
LeMans	2	-575.5183	737.0467
LeMans	2	-575.70245	737.00446
LeMans	2	-575.8861	736.9655
LeMans	2	-576.0695	736.9309
LeMans	2	-576.2526	736.90015
LeMans	2	-576.4352	736.8726
LeMans	2	-576.6171	736.8481
LeMans	2	-576.7982	736.8256
LeMans	2	-576.97815	736.8037
LeMans	2	-577.1568	736.7815
LeMans	2	-577.33386	736.7577
LeMans	2	-577.50916	736.7314
LeMans	2	-577.6826	736.7016
LeMans	2	-577.85406	736.6673
LeMans	2	-578.02325	736.62646
LeMans	2	-578.1902	736.57965
LeMans	2	-578.35547	736.5282
LeMans	2	-578.51886	736.4738
LeMans	2	-578.6818	736.42285
LeMans	2	-578.8447	736.3771
LeMans	2	-579.00745	736.33636
LeMans	2	-579.1694	736.2988
LeMans	2	-579.33044	736.2631
LeMans	2	-579.4903	736.2281
LeMans	2	-579.6486	736.19226
LeMans	2	-579.80524	736.1543
LeMans	2	-579.9599	736.11304
LeMans	2	-580.11224	736.06586
LeMans	2	-580.26196	736.0114
LeMans	2	-580.4094	735.9513
LeMans	2	-580.556	735.8915
LeMans	2	-580.7023	735.8343
LeMans	2	-580.8482	735.781
LeMans	2	-580.99335	735.7302
LeMans	2	-581.1374	735.6806
LeMans	2	-581.27997	735.6312
LeMans	2	-581.42114	735.58185
LeMans	2	-581.5607	735.53186
LeMans	2	-581.69855	735.48035
LeMans	2	-581.8339	735.426
LeMans	2	-581.96606	735.36676
LeMans	2	-582.0938	735.29974
LeMans	2	-582.21716	735.2257
LeMans	2	-582.337	735.1463
LeMans	2	-582.4556	735.0622
LeMans	2	-582.575	734.97296
LeMans	2	-582.696	734.8789
LeMans	2	-582.8187	734.78107
LeMans	2	-582.94293	734.67993
LeMans	2	-583.06854	734.57544
LeMans	2	-583.19543	734.4679
LeMans	2	-583.3238	734.357
LeMans	2	-583.4536	734.2428
LeMans	2	-583.5855	734.1256
LeMans	2	-583.7197	734.00543
LeMans	2	-583.8542	733.8841
LeMans	2	-583.9859	733.7625
LeMans	2	-584.1133	733.63947
LeMans	2	-584.23926	733.5169
LeMans	2	-584.3649	733.39514
LeMans	2	-584.48956	733.27454
LeMans	2	-584.61273	733.153
LeMans	2	-584.7362	733.03253
LeMans	2	-584.85736	732.9116
LeMans	2	-584.97943	732.79144
LeMans	2	-585.1029	732.6778
LeMans	2	-585.2269	732.5648
LeMans	2	-585.35583	732.45953
LeMans	2	-585.4848	732.3566
LeMans	2	-585.61505	732.2564
LeMans	2	-585.73883	732.1557
LeMans	2	-585.86536	732.05725
LeMans	2	-585.99115	731.9599
LeMans	2	-586.1162	731.8636
LeMans	2	-586.23975	731.7671
LeMans	2	-586.36115	731.672
LeMans	2	-586.48004	731.5748
LeMans	2	-586.59784	731.4767
LeMans	2	-586.7143	731.3774
LeMans	2	-586.82874	731.276
LeMans	2	-586.94025	731.1744
LeMans	2	-587.04877	731.0716
LeMans	2	-587.1537	730.96765
LeMans	2	-587.2546	730.8622
LeMans	2	-587.3511	730.755
LeMans	2	-587.4419	730.64514
LeMans	2	-587.5259	730.5315
LeMans	2	-587.601	730.4132
LeMans	2	-587.6679	730.2919
LeMans	2	-587.72675	730.1684
LeMans	2	-587.77783	730.04407
LeMans	2	-587.8216	729.9192
LeMans	2	-587.85864	729.79407
LeMans	2	-587.88934	729.6691
LeMans	2	-587.91425	729.54474
LeMans	2	-587.93396	729.421
LeMans	2	-587.94965	729.2966
LeMans	2	-587.9629	729.16974
LeMans	2	-587.97473	729.0396
LeMans	2	-587.9851	728.90607
LeMans	2	-587.99457	728.7694
LeMans	2	-588.00287	728.6301
LeMans	2	-588.01056	728.4881
LeMans	2	-588.0175	728.34375
LeMans	2	-588.0251	728.19727
LeMans	2	-588.0304	728.0492
LeMans	2	-588.03735	727.90125
LeMans	2	-588.0437	727.75433
LeMans	2	-588.04724	727.60895
LeMans	2	-588.05133	727.46594
LeMans	2	-588.0569	727.32465
LeMans	2	-588.0582	727.1829
LeMans	2	-588.0609	727.04126
LeMans	2	-588.0644	726.90106
LeMans	2	-588.06647	726.76086
LeMans	2	-588.06903	726.6209
LeMans	2	-588.07104	726.4833
LeMans	2	-588.0685	726.3422
LeMans	2	-588.06537	726.1953
LeMans	2	-588.0641	726.0428
LeMans	2	-588.063	725.88824
LeMans	2	-588.0615	725.7281
LeMans	2	-588.05975	725.5682
LeMans	2	-588.0584	725.40796
LeMans	2	-588.05707	725.2472
LeMans	2	-588.0561	725.0863
LeMans	2	-588.05475	724.93054
LeMans	2	-588.05255	724.7779
LeMans	2	-588.05023	724.6228
LeMans	2	-588.0503	724.46387
LeMans	2	-588.04944	724.303
LeMans	2	-588.0481	724.14606
LeMans	2	-588.0454	723.99506
LeMans	2	-588.04395	723.84125
LeMans	2	-588.0434	723.68634
LeMans	2	-588.0425	723.5296
LeMans	2	-588.0411	723.3776
LeMans	2	-588.0394	723.228
LeMans	2	-588.03754	723.07434
LeMans	2	-588.038	722.9172
LeMans	2	-588.0423	722.75793
LeMans	2	-588.04816	722.5862
LeMans	2	-588.0546	722.4077
LeMans	2	-588.0628	722.2283
LeMans	2	-588.0742	722.04694
LeMans	2	-588.0878	721.8656
LeMans	2	-588.09735	721.67957
LeMans	2	-588.10736	721.49774
LeMans	2	-588.1172	721.3184
LeMans	2	-588.127	721.1409
LeMans	2	-588.13513	720.9644
LeMans	2	-588.13995	720.7884
LeMans	2	-588.1399	720.61224
LeMans	2	-588.1336	720.43585
LeMans	2	-588.1202	720.2592
LeMans	2	-588.1006	720.0828
LeMans	2	-588.07556	719.9066
LeMans	2	-588.0456	719.731
LeMans	2	-588.0109	719.5559
LeMans	2	-587.9716	719.38165
LeMans	2	-587.9277	719.20856
LeMans	2	-587.87915	719.0369
LeMans	2	-587.8262	718.867
LeMans	2	-587.7687	718.69904
LeMans	2	-587.7068	718.5332
LeMans	2	-587.6441	718.36896
LeMans	2	-587.587	718.2055
LeMans	2	-587.53955	718.04193
LeMans	2	-587.4995	717.8781
LeMans	2	-587.4644	717.71484
LeMans	2	-587.433	717.55206
LeMans	2	-587.4029	717.39044
LeMans	2	-587.37054	717.2306
LeMans	2	-587.3339	717.0731
LeMans	2	-587.29034	716.9183
LeMans	2	-587.23883	716.766
LeMans	2	-587.18164	716.61584
LeMans	2	-587.12103	716.46747
LeMans	2	-587.05804	716.32056
LeMans	2	-586.9931	716.17505
LeMans	2	-586.9267	716.031
LeMans	2	-586.85913	715.88855
LeMans	2	-586.7907	715.7476
LeMans	2	-586.72156	715.6082
LeMans	2	-586.6515	715.4705
LeMans	2	-586.5799	715.3349
LeMans	2	-586.50604	715.20123
LeMans	2	-586.43005	715.06903
LeMans	2	-586.3516	714.93616
LeMans	2	-586.26965	714.801
LeMans	2	-586.1839	714.6632
LeMans	2	-586.0946	714.5229
LeMans	2	-586.00256	714.3798
LeMans	2	-585.9085	714.23395
LeMans	2	-585.8129	714.08545
LeMans	2	-585.71643	713.9345
LeMans	2	-585.62006	713.7824
LeMans	2	-585.525	713.63007
LeMans	2	-585.4333	713.477
LeMans	2	-585.34534	713.3221
LeMans	2	-585.26135	713.1647
LeMans	2	-585.18066	713.00507
LeMans	2	-585.1021	712.8441
LeMans	2	-585.02435	712.6833
LeMans	2	-584.9467	712.52264
LeMans	2	-584.86914	712.3625
LeMans	2	-584.7917	712.2029
LeMans	2	-584.71484	712.0441
LeMans	2	-584.63885	711.886
LeMans	2	-584.5642	711.7284
LeMans	2	-584.49115	711.5713
LeMans	2	-584.42	711.4146
LeMans	2	-584.351	711.25824
LeMans	2	-584.2847	711.1022
LeMans	2	-584.2222	710.9457
LeMans	2	-584.165	710.7884
LeMans	2	-584.1153	710.6293
LeMans	2	-584.0747	710.4682
LeMans	2	-584.0417	710.30615
LeMans	2	-584.0155	710.14386
LeMans	2	-583.99554	709.98175
LeMans	2	-583.98114	709.81903
LeMans	2	-583.9719	709.6552
LeMans	2	-583.96735	709.4895
LeMans	2	-583.9669	709.3214
LeMans	2	-583.9697	709.1498
LeMans	2	-583.9753	708.9745
LeMans	2	-583.9836	708.79584
LeMans	2	-583.99493	708.61414
LeMans	2	-584.0086	708.4294
LeMans	2	-584.02344	708.2414
LeMans	2	-584.03876	708.0498
LeMans	2	-584.0548	707.85547
LeMans	2	-584.0718	707.66046
LeMans	2	-584.0904	707.4663
LeMans	2	-584.1119	707.2744
LeMans	2	-584.13605	707.0843
LeMans	2	-584.163	706.8952
LeMans	2	-584.1926	706.70764
LeMans	2	-584.2247	706.52136
LeMans	2	-584.25854	706.3362
LeMans	2	-584.2932	706.1521
LeMans	2	-584.3274	705.9692
LeMans	2	-584.3602	705.7874
LeMans	2	-584.39087	705.60693
LeMans	2	-584.41876	705.4275
LeMans	2	-584.4433	705.24896
LeMans	2	-584.46375	705.0713
LeMans	2	-584.47943	704.89435
LeMans	2	-584.48975	704.7179
LeMans	2	-584.4949	704.5422
LeMans	2	-584.4955	704.367
LeMans	2	-584.4922	704.19275
LeMans	2	-584.4848	704.0192
LeMans	2	-584.47345	703.8464
LeMans	2	-584.4583	703.6746
LeMans	2	-584.4412	703.5039
LeMans	2	-584.42426	703.3343
LeMans	2	-584.40796	703.1659
LeMans	2	-584.3924	702.9969
LeMans	2	-584.3772	702.82446
LeMans	2	-584.36224	702.64795
LeMans	2	-584.3476	702.46716
LeMans	2	-584.3329	702.28235
LeMans	2	-584.3177	702.09375
LeMans	2	-584.3015	701.90173
LeMans	2	-584.2844	701.7066
LeMans	2	-584.26654	701.50824
LeMans	2	-584.2485	701.3058
LeMans	2	-584.23047	701.0985
LeMans	2	-584.2126	700.8864
LeMans	2	-584.19446	700.6698
LeMans	2	-584.176	700.44824
LeMans	2	-584.1573	700.22186
LeMans	2	-584.1381	699.99066
LeMans	2	-584.11865	699.75446
LeMans	2	-584.0988	699.5131
LeMans	2	-584.0786	699.2665
LeMans	2	-584.05804	699.0145
LeMans	2	-584.0371	698.75726
LeMans	2	-584.01575	698.4945
LeMans	2	-583.994	698.2263
LeMans	2	-583.9718	697.9526
LeMans	2	-583.9492	697.67334
LeMans	2	-583.92615	697.38855
LeMans	2	-583.9027	697.09827
LeMans	2	-583.8787	696.8025
LeMans	2	-583.8544	696.5011
LeMans	2	-583.8295	696.19403
LeMans	2	-583.80426	695.8815
LeMans	2	-583.77844	695.5631
LeMans	2	-583.75226	695.23914
LeMans	2	-583.7256	694.9093
LeMans	2	-583.6984	694.5736
LeMans	2	-583.6708	694.232
LeMans	2	-583.64264	693.88477
LeMans	2	-583.6141	693.5319
LeMans	2	-583.585	693.1732
LeMans	2	-583.5555	692.8085
LeMans	2	-583.5254	692.4371
LeMans	2	-583.4948	692.0585
LeMans	2	-583.4636	691.6736
LeMans	2	-583.43176	691.2829
LeMans	2	-583.3971	690.88715
LeMans	2	-583.3585	690.48615
LeMans	2	-583.3182	690.08105
LeMans	2	-583.27637	689.67303
LeMans	2	-583.2331	689.2607
LeMans	2	-583.1885	688.84406
LeMans	2	-583.14343	688.4234
LeMans	2	-583.09863	688.0006
LeMans	2	-583.0549	687.5742
LeMans	2	-583.0142	687.1427
LeMans	2	-582.97974	686.7051
LeMans	2	-582.9521	686.2607
LeMans	2	-582.9306	685.8095
LeMans	2	-582.9149	685.3522
LeMans	2	-582.90497	684.8888
LeMans	2	-582.90063	684.4195
LeMans	2	-582.9004	683.9447
LeMans	2	-582.9013	683.46454
LeMans	2	-582.90173	682.97864
LeMans	2	-582.9014	682.4873
LeMans	2	-582.90076	681.9916
LeMans	2	-582.8999	681.4914
LeMans	2	-582.89886	680.98694
LeMans	2	-582.898	680.4781
LeMans	2	-582.8978	679.96594
LeMans	2	-582.89954	679.44977
LeMans	2	-582.90344	678.9294
LeMans	2	-582.9094	678.4041
LeMans	2	-582.9171	677.87415
LeMans	2	-582.9269	677.33954
LeMans	2	-582.9399	676.7996
LeMans	2	-582.9556	676.25433
LeMans	2	-582.97174	675.70325
LeMans	2	-582.98584	675.14575
LeMans	2	-582.99585	674.5817
LeMans	2	-582.99945	674.0107
LeMans	2	-582.99567	673.43286
LeMans	2	-582.98596	672.84863
LeMans	2	-582.97235	672.25836
LeMans	2	-582.9555	671.66235
LeMans	2	-582.9355	671.0611
LeMans	2	-582.9125	670.4548
LeMans	2	-582.8882	669.84357
LeMans	2	-582.8632	669.2277
LeMans	2	-582.8377	668.6069
LeMans	2	-582.81195	667.98083
LeMans	2	-582.78595	667.3495
LeMans	2	-582.75977	666.71277
LeMans	2	-582.73334	666.07056
LeMans	2	-582.70667	665.4225
LeMans	2	-582.6796	664.7685
LeMans	2	-582.6523	664.10864
LeMans	2	-582.6244	663.4426
LeMans	2	-582.5961	662.7707
LeMans	2	-582.5678	662.0924
LeMans	2	-582.5394	661.4075
LeMans	2	-582.5106	660.7162
LeMans	2	-582.4812	660.0187
LeMans	2	-582.4513	659.31506
LeMans	2	-582.42096	658.6057
LeMans	2	-582.39026	657.89
LeMans	2	-582.3592	657.1693
LeMans	2	-582.3277	656.44293
LeMans	2	-582.2959	655.7113
LeMans	2	-582.2638	654.9746
LeMans	2	-582.2314	654.2331
LeMans	2	-582.1986	653.4869
LeMans	2	-582.16547	652.736
LeMans	2	-582.13153	651.98175
LeMans	2	-582.09564	651.2238
LeMans	2	-582.05743	650.4616
LeMans	2	-582.017	649.69476
LeMans	2	-581.97473	648.9234
LeMans	2	-581.93066	648.14685
LeMans	2	-581.8851	647.364
LeMans	2	-581.8386	646.57556
LeMans	2	-581.79224	645.7818
LeMans	2	-581.7465	644.9829
LeMans	2	-581.70306	644.1817
LeMans	2	-581.6644	643.37726
LeMans	2	-581.63385	642.5692
LeMans	2	-581.6125	641.7578
LeMans	2	-581.6008	640.94324
LeMans	2	-581.5978	640.1247
LeMans	2	-581.5983	639.30133
LeMans	2	-581.6	638.47235
LeMans	2	-581.60175	637.6374
LeMans	2	-581.6037	636.7969
LeMans	2	-581.6066	635.9521
LeMans	2	-581.6119	635.1024
LeMans	2	-581.6205	634.24744
LeMans	2	-581.63257	633.3874
LeMans	2	-581.6474	632.52216
LeMans	2	-581.66425	631.65173
LeMans	2	-581.68286	630.77625
LeMans	2	-581.703	629.89465
LeMans	2	-581.7242	629.00714
LeMans	2	-581.7458	628.1144
LeMans	2	-581.76697	627.2167
LeMans	2	-581.78705	626.31384
LeMans	2	-581.80524	625.4057
LeMans	2	-581.8209	624.49225
LeMans	2	-581.8329	623.5733
LeMans	2	-581.8408	622.6488
LeMans	2	-581.84485	621.7189
LeMans	2	-581.84503	620.7836
LeMans	2	-581.8419	619.8437
LeMans	2	-581.8369	618.89996
LeMans	2	-581.82983	617.95435
LeMans	2	-581.8208	617.0062
LeMans	2	-581.81085	616.0551
LeMans	2	-581.8008	615.1004
LeMans	2	-581.79114	614.1415
LeMans	2	-581.7818	613.178
LeMans	2	-581.77264	612.20966
LeMans	2	-581.7637	611.2366
LeMans	2	-581.7543	610.2018
LeMans	2	-581.74536	609.21814
LeMans	2	-581.7371	608.2306
LeMans	2	-581.7331	607.23987
LeMans	2	-581.73456	606.24506
LeMans	2	-581.7387	605.2459
LeMans	2	-581.74426	604.2423
LeMans	2	-581.75146	603.2343
LeMans	2	-581.7621	602.2224
LeMans	2	-581.77527	601.2051
LeMans	2	-581.7893	600.18256
LeMans	2	-581.80206	599.1555
LeMans	2	-581.81134	598.12396
LeMans	2	-581.8153	597.08765
LeMans	2	-581.81146	596.0466
LeMans	2	-581.7972	595.0014
LeMans	2	-581.77454	593.95593
LeMans	2	-581.74664	592.9131
LeMans	2	-581.7155	591.8725
LeMans	2	-581.6823	590.83496
LeMans	2	-581.64734	589.7988
LeMans	2	-581.61066	588.76404
LeMans	2	-581.5725	587.73047
LeMans	2	-581.533	586.69836
LeMans	2	-581.4925	585.66797
LeMans	2	-581.4511	584.6392
LeMans	2	-581.40894	583.61237
LeMans	2	-581.3662	582.5876
LeMans	2	-581.3231	581.5651
LeMans	2	-581.27966	580.5451
LeMans	2	-581.236	579.5278
LeMans	2	-581.1924	578.5131
LeMans	2	-581.1488	577.5011
LeMans	2	-581.1053	576.4921
LeMans	2	-581.0619	575.4861
LeMans	2	-581.01874	574.4828
LeMans	2	-580.9758	573.48236
LeMans	2	-580.9333	572.4846
LeMans	2	-580.892	571.4895
LeMans	2	-580.8557	570.4969
LeMans	2	-580.82465	569.50665
LeMans	2	-580.7995	568.5188
LeMans	2	-580.7786	567.5334
LeMans	2	-580.7602	566.5503
LeMans	2	-580.7421	565.5697
LeMans	2	-580.72253	564.5915
LeMans	2	-580.69977	563.61584
LeMans	2	-580.67236	562.6426
LeMans	2	-580.6377	561.6719
LeMans	2	-580.59546	560.70386
LeMans	2	-580.54913	559.7386
LeMans	2	-580.4992	558.776
LeMans	2	-580.4471	557.8161
LeMans	2	-580.3935	556.8588
LeMans	2	-580.339	555.90405
LeMans	2	-580.2837	554.95184
LeMans	2	-580.2277	554.0021
LeMans	2	-580.1713	553.0548
LeMans	3	-580.1145	552.11005
LeMans	3	-580.0575	551.16766
LeMans	3	-580.0003	550.22784
LeMans	3	-579.94305	549.29034
LeMans	3	-579.8859	548.3553
LeMans	3	-579.8288	547.42255
LeMans	3	-579.7719	546.4922
LeMans	3	-579.7153	545.56415
LeMans	3	-579.6588	544.6385
LeMans	3	-579.6028	543.7164
LeMans	3	-579.54694	542.79535
LeMans	3	-579.4911	541.87213
LeMans	3	-579.4351	540.9447
LeMans	3	-579.3791	540.0123
LeMans	3	-579.32294	539.07465
LeMans	3	-579.2666	538.1317
LeMans	3	-579.2102	537.1836
LeMans	3	-579.15344	536.2305
LeMans	3	-579.0966	535.2727
LeMans	3	-579.0396	534.31024
LeMans	3	-578.98236	533.3432
LeMans	3	-578.9248	532.37164
LeMans	3	-578.867	531.39545
LeMans	3	-578.80884	530.41473
LeMans	3	-578.75037	529.4295
LeMans	3	-578.6915	528.4398
LeMans	3	-578.6318	527.44574
LeMans	3	-578.56964	526.4475
LeMans	3	-578.50336	525.44543
LeMans	3	-578.43335	524.4394
LeMans	3	-578.3605	523.4293
LeMans	3	-578.2861	522.41504
LeMans	3	-578.2116	521.3964
LeMans	3	-578.1386	520.3733
LeMans	3	-578.06824	519.3456
LeMans	3	-578.00195	518.3129
LeMans	3	-577.9415	517.27545
LeMans	3	-577.88434	516.2332
LeMans	3	-577.8284	515.18634
LeMans	3	-577.7744	514.13477
LeMans	3	-577.7218	513.07874
LeMans	3	-577.6699	512.0181
LeMans	3	-577.61835	510.95312
LeMans	3	-577.5668	509.88385
LeMans	3	-577.5152	508.8103
LeMans	3	-577.4637	507.73245
LeMans	3	-577.41205	506.6503
LeMans	3	-577.36035	505.56406
LeMans	3	-577.30853	504.47357
LeMans	3	-577.2564	503.3789
LeMans	3	-577.20416	502.28
LeMans	3	-577.1517	501.17703
LeMans	3	-577.0989	500.0698
LeMans	3	-577.0459	498.95837
LeMans	3	-576.99255	497.8428
LeMans	3	-576.93787	496.72363
LeMans	3	-576.8811	495.6019
LeMans	3	-576.8193	494.47675
LeMans	3	-576.75214	493.3481
LeMans	3	-576.6808	492.21555
LeMans	3	-576.60614	491.07874
LeMans	3	-576.52875	489.9366
LeMans	3	-576.4503	488.7902
LeMans	3	-576.3726	487.6398
LeMans	3	-576.2975	486.48526
LeMans	3	-576.226	485.3262
LeMans	3	-576.1596	484.16254
LeMans	3	-576.10046	482.99402
LeMans	3	-576.0481	481.8208
LeMans	3	-576.0001	480.64334
LeMans	3	-575.95593	479.4612
LeMans	3	-575.9145	478.27585
LeMans	3	-575.8748	477.08676
LeMans	3	-575.83636	475.8941
LeMans	3	-575.7989	474.69803
LeMans	3	-575.7623	473.49838
LeMans	3	-575.72656	472.29526
LeMans	3	-575.6915	471.08875
LeMans	3	-575.65704	469.8789
LeMans	3	-575.62305	468.66577
LeMans	3	-575.5894	467.44916
LeMans	3	-575.5561	466.229
LeMans	3	-575.52295	465.0052
LeMans	3	-575.48987	463.7778
LeMans	3	-575.45685	462.54672
LeMans	3	-575.42377	461.3119
LeMans	3	-575.3906	460.0734
LeMans	3	-575.35736	458.83112
LeMans	3	-575.32404	457.58517
LeMans	3	-575.2905	456.3357
LeMans	3	-575.2558	455.08267
LeMans	3	-575.21826	453.8262
LeMans	3	-575.17883	452.56625
LeMans	3	-575.13586	451.303
LeMans	3	-575.08984	450.03635
LeMans	3	-575.0418	448.76645
LeMans	3	-574.9925	447.49316
LeMans	3	-574.94214	446.21658
LeMans	3	-574.8912	444.93658
LeMans	3	-574.8403	443.65326
LeMans	3	-574.79047	442.36655
LeMans	3	-574.743	441.0764
LeMans	3	-574.6992	439.78265
LeMans	3	-574.6609	438.48535
LeMans	3	-574.6285	437.18442
LeMans	3	-574.5976	435.88025
LeMans	3	-574.56915	434.57275
LeMans	3	-574.54333	433.26187
LeMans	3	-574.51953	431.94763
LeMans	3	-574.4972	430.63016
LeMans	3	-574.47577	429.30936
LeMans	3	-574.4551	427.98523
LeMans	3	-574.4351	426.6578
LeMans	3	-574.4157	425.32715
LeMans	3	-574.3968	423.99304
LeMans	3	-574.3783	422.65573
LeMans	3	-574.36017	421.3151
LeMans	3	-574.3422	419.9712
LeMans	3	-574.32446	418.62387
LeMans	3	-574.3069	417.27316
LeMans	3	-574.2894	415.91922
LeMans	3	-574.27203	414.562
LeMans	3	-574.2547	413.20178
LeMans	3	-574.23724	411.8382
LeMans	3	-574.2198	410.47134
LeMans	3	-574.2023	409.10135
LeMans	3	-574.18475	407.7284
LeMans	3	-574.16705	406.3524
LeMans	3	-574.14923	404.97195
LeMans	3	-574.1313	403.58972
LeMans	3	-574.1138	402.20493
LeMans	3	-574.09845	400.819
LeMans	3	-574.08685	399.43124
LeMans	3	-574.0791	398.04108
LeMans	3	-574.0749	396.64777
LeMans	3	-574.0735	395.24985
LeMans	3	-574.0736	393.8482
LeMans	3	-574.0738	392.44336
LeMans	3	-574.0727	391.03546
LeMans	3	-574.06934	389.6245
LeMans	3	-574.06287	388.2106
LeMans	3	-574.05237	386.79367
LeMans	3	-574.0371	385.37402
LeMans	3	-574.0161	383.95157
LeMans	3	-573.9912	382.52655
LeMans	3	-573.9654	381.09903
LeMans	3	-573.9377	379.66907
LeMans	3	-573.9076	378.2365
LeMans	3	-573.8757	376.80148
LeMans	3	-573.84235	375.36386
LeMans	3	-573.8081	373.9236
LeMans	3	-573.77313	372.48074
LeMans	3	-573.73755	371.0351
LeMans	3	-573.70135	369.58676
LeMans	3	-573.66473	368.13565
LeMans	3	-573.62775	366.68185
LeMans	3	-573.5904	365.22534
LeMans	3	-573.55273	363.76605
LeMans	3	-573.51495	362.30392
LeMans	3	-573.477	360.83917
LeMans	3	-573.4389	359.3717
LeMans	3	-573.4008	357.90164
LeMans	3	-573.3627	356.42892
LeMans	3	-573.3246	354.95624
LeMans	3	-573.2866	353.48566
LeMans	3	-573.24896	352.0175
LeMans	3	-573.21136	350.551
LeMans	3	-573.17377	349.0858
LeMans	3	-573.1363	347.62195
LeMans	3	-573.0989	346.1596
LeMans	3	-573.0616	344.69873
LeMans	3	-573.02435	343.24023
LeMans	3	-572.98724	341.78403
LeMans	3	-572.9502	340.3305
LeMans	3	-572.9132	338.87976
LeMans	3	-572.8762	337.43198
LeMans	3	-572.8393	335.9873
LeMans	3	-572.8024	334.54562
LeMans	3	-572.7656	333.10684
LeMans	3	-572.729	331.67133
LeMans	3	-572.6924	330.23877
LeMans	3	-572.6559	328.80933
LeMans	3	-572.6195	327.38287
LeMans	3	-572.5831	325.9594
LeMans	3	-572.5468	324.53903
LeMans	3	-572.5106	323.12158
LeMans	3	-572.4745	321.70706
LeMans	3	-572.43835	320.29544
LeMans	3	-572.4023	318.88666
LeMans	3	-572.36646	317.48065
LeMans	3	-572.33075	316.07758
LeMans	3	-572.2978	314.67737
LeMans	3	-572.2701	313.2798
LeMans	3	-572.24664	311.88513
LeMans	3	-572.22546	310.49332
LeMans	3	-572.2048	309.10428
LeMans	3	-572.183	307.7182
LeMans	3	-572.1591	306.335
LeMans	3	-572.1324	304.9546
LeMans	3	-572.1021	303.5771
LeMans	3	-572.06696	302.20248
LeMans	3	-572.0277	300.8308
LeMans	3	-571.988	299.46188
LeMans	3	-571.94727	298.09576
LeMans	3	-571.9043	296.73248
LeMans	3	-571.85956	295.37204
LeMans	3	-571.81384	294.01443
LeMans	3	-571.7676	292.65952
LeMans	3	-571.72095	291.3074
LeMans	3	-571.67395	289.958
LeMans	3	-571.6269	288.61133
LeMans	3	-571.5796	287.26743
LeMans	3	-571.53235	285.92813
LeMans	3	-571.48535	284.59634
LeMans	3	-571.4384	283.2723
LeMans	3	-571.39166	281.95526
LeMans	3	-571.3451	280.6447
LeMans	3	-571.29865	279.34055
LeMans	3	-571.2523	278.04297
LeMans	3	-571.20624	276.75195
LeMans	3	-571.1604	275.46783
LeMans	3	-571.1148	274.1907
LeMans	3	-571.06946	272.9208
LeMans	3	-571.0244	271.6587
LeMans	3	-570.9795	270.40457
LeMans	3	-570.9347	269.15845
LeMans	3	-570.8902	267.9208
LeMans	3	-570.84576	266.69186
LeMans	3	-570.8014	265.4714
LeMans	3	-570.7572	264.25943
LeMans	3	-570.7132	263.05597
LeMans	3	-570.6693	261.86142
LeMans	3	-570.6256	260.67575
LeMans	3	-570.5821	259.499
LeMans	3	-570.53876	258.33102
LeMans	3	-570.49567	257.17175
LeMans	3	-570.4528	256.02112
LeMans	3	-570.4103	254.87907
LeMans	3	-570.3681	253.74556
LeMans	3	-570.3263	252.62036
LeMans	3	-570.285	251.50343
LeMans	3	-570.2439	250.3945
LeMans	3	-570.20325	249.29364
LeMans	3	-570.1629	248.2007
LeMans	3	-570.1229	247.11574
LeMans	3	-570.0834	246.03859
LeMans	3	-570.0443	244.96928
LeMans	3	-570.0057	243.90771
LeMans	3	-569.96747	242.85396
LeMans	3	-569.92975	241.80743
LeMans	3	-569.8925	240.76921
LeMans	3	-569.8557	239.73882
LeMans	3	-569.8193	238.71548
LeMans	3	-569.7833	237.70065
LeMans	3	-569.74786	236.6936
LeMans	3	-569.7128	235.69437
LeMans	3	-569.67816	234.70291
LeMans	3	-569.6439	233.71927
LeMans	3	-569.61005	232.74344
LeMans	3	-569.57654	231.77539
LeMans	3	-569.5434	230.81516
LeMans	3	-569.5106	229.86269
LeMans	3	-569.47815	228.91805
LeMans	3	-569.4459	227.98111
LeMans	3	-569.414	227.052
LeMans	3	-569.3824	226.13066
LeMans	3	-569.35095	225.2171
LeMans	3	-569.31976	224.31131
LeMans	3	-569.28894	223.41325
LeMans	3	-569.2582	222.52295
LeMans	3	-569.22766	221.64037
LeMans	3	-569.1973	220.76552
LeMans	3	-569.1672	219.8984
LeMans	3	-569.1372	219.03902
LeMans	3	-569.10736	218.18729
LeMans	3	-569.07764	217.34329
LeMans	3	-569.04803	216.50697
LeMans	3	-569.0186	215.67831
LeMans	3	-568.98926	214.85735
LeMans	3	-568.95996	214.04404
LeMans	3	-568.93085	213.23837
LeMans	3	-568.9018	212.44032
LeMans	3	-568.87286	211.6499
LeMans	3	-568.84393	210.86705
LeMans	3	-568.81775	210.09169
LeMans	3	-568.7975	209.3238
LeMans	3	-568.783	208.56331
LeMans	3	-568.7734	207.81038
LeMans	3	-568.7674	207.06508
LeMans	3	-568.76337	206.32729
LeMans	3	-568.75916	205.59692
LeMans	3	-568.7524	204.87378
LeMans	3	-568.7409	204.15778
LeMans	3	-568.72235	203.44884
LeMans	3	-568.6952	202.74724
LeMans	3	-568.6594	202.0533
LeMans	3	-568.6149	201.36699
LeMans	3	-568.56323	200.68834
LeMans	3	-568.50934	200.01736
LeMans	3	-568.456	199.3539
LeMans	3	-568.4042	198.69807
LeMans	3	-568.354	198.04988
LeMans	3	-568.30524	197.40915
LeMans	3	-568.2575	196.77594
LeMans	3	-568.2105	196.1502
LeMans	3	-568.1641	195.53197
